datetime,address,c,h,l,o,type,v
2024-11-07 02:02:00,1gFK5zcGnKsVtCCNLDttPCDRHfjQBNE9o9sh1fwpump,9.591580940653666e-05,9.591580940653666e-05,8.188180540133334e-05,8.188180540133334e-05,1m,30223346.228443
2024-11-07 02:03:00,1gFK5zcGnKsVtCCNLDttPCDRHfjQBNE9o9sh1fwpump,0.00013117761449262384,0.0002820210529056206,8.628425114028553e-05,9.591580940653666e-05,1m,618905430.6795256
2024-11-07 02:04:00,1gFK5zcGnKsVtCCNLDttPCDRHfjQBNE9o9sh1fwpump,0.00013613198392552504,0.00019354057689819606,0.00011428704990978023,0.00013117761449262384,1m,224950991.32441485
2024-11-07 02:05:00,1gFK5zcGnKsVtCCNLDttPCDRHfjQBNE9o9sh1fwpump,0.00011590740668309758,0.0001836754017348835,0.00010920382205554941,0.00013613198392552504,1m,141545283.55659
2024-11-07 02:06:00,1gFK5zcGnKsVtCCNLDttPCDRHfjQBNE9o9sh1fwpump,0.00010084940811731472,0.00014101776916466307,0.00010084940811731472,0.00011590740668309758,1m,84376786.64254603
2024-11-07 02:07:00,1gFK5zcGnKsVtCCNLDttPCDRHfjQBNE9o9sh1fwpump,4.1158030584691e-05,0.00010084940811731472,3.701677934145797e-05,0.00010084940811731472,1m,508701791.872844
2024-11-07 02:08:00,1gFK5zcGnKsVtCCNLDttPCDRHfjQBNE9o9sh1fwpump,2.1262917624914057e-05,4.256819094240431e-05,1.9931913753028133e-05,4.1158030584691e-05,1m,285155590.93563
2024-11-07 02:09:00,1gFK5zcGnKsVtCCNLDttPCDRHfjQBNE9o9sh1fwpump,2.535164867731882e-05,2.6998611020946098e-05,1.8942132855255354e-05,2.1262917624914057e-05,1m,115554133.67912298
2024-11-07 02:10:00,1gFK5zcGnKsVtCCNLDttPCDRHfjQBNE9o9sh1fwpump,2.0585175523193616e-05,2.535164867731882e-05,2.0585175523193616e-05,2.535164867731882e-05,1m,46709956.082351
2024-11-07 02:11:00,1gFK5zcGnKsVtCCNLDttPCDRHfjQBNE9o9sh1fwpump,1.852638852141287e-05,2.0585175523193616e-05,1.852638852141287e-05,2.0585175523193616e-05,1m,25770491.559943
2024-11-07 02:12:00,1gFK5zcGnKsVtCCNLDttPCDRHfjQBNE9o9sh1fwpump,1.0126378556999e-05,2.0195865291333318e-05,1.0126378556999e-05,1.852638852141287e-05,1m,196122514.15490398
2024-11-07 02:13:00,1gFK5zcGnKsVtCCNLDttPCDRHfjQBNE9o9sh1fwpump,9.940800973715276e-06,1.0126378556999e-05,9.284940131163302e-06,1.0126378556999e-05,1m,77188523.23883201
2024-11-07 02:14:00,1gFK5zcGnKsVtCCNLDttPCDRHfjQBNE9o9sh1fwpump,1.0732212446318846e-05,1.1006340416073588e-05,9.940800973715276e-06,9.940800973715276e-06,1m,26673958.876685
2024-11-07 02:15:00,1gFK5zcGnKsVtCCNLDttPCDRHfjQBNE9o9sh1fwpump,1.0439591952161502e-05,1.0763667208202145e-05,1.0439591952161502e-05,1.0732212446318846e-05,1m,13411639.097164001
2024-11-07 02:16:00,1gFK5zcGnKsVtCCNLDttPCDRHfjQBNE9o9sh1fwpump,8.245078829453603e-06,1.0439591952161502e-05,8.245078829453603e-06,1.0439591952161502e-05,1m,67318412.459776
2024-11-07 02:17:00,1gFK5zcGnKsVtCCNLDttPCDRHfjQBNE9o9sh1fwpump,7.88292075591552e-06,8.245078829453603e-06,7.701795263094936e-06,8.245078829453603e-06,1m,34255361.180748
2024-11-07 02:18:00,1gFK5zcGnKsVtCCNLDttPCDRHfjQBNE9o9sh1fwpump,8.026979927188284e-06,8.057651149890803e-06,7.88292075591552e-06,7.88292075591552e-06,1m,1670065.280604
2024-11-07 02:19:00,1gFK5zcGnKsVtCCNLDttPCDRHfjQBNE9o9sh1fwpump,8.117826336352499e-06,8.117826336352499e-06,7.992310266390156e-06,8.026979927188284e-06,1m,9535102.682413999
2024-11-07 02:20:00,1gFK5zcGnKsVtCCNLDttPCDRHfjQBNE9o9sh1fwpump,8.779711946491797e-06,8.779711946491797e-06,8.117826336352499e-06,8.117826336352499e-06,1m,24357052.977969
2024-11-07 02:21:00,1gFK5zcGnKsVtCCNLDttPCDRHfjQBNE9o9sh1fwpump,1.8077907326805753e-05,1.8077907326805753e-05,8.779711946491797e-06,8.779711946491797e-06,1m,192838493.114499
2024-11-07 02:22:00,1gFK5zcGnKsVtCCNLDttPCDRHfjQBNE9o9sh1fwpump,3.576175180468156e-05,9.38745326682057e-05,1.8077907326805753e-05,1.8077907326805753e-05,1m,728065352.2067143
2024-11-07 02:23:00,1gFK5zcGnKsVtCCNLDttPCDRHfjQBNE9o9sh1fwpump,4.793863635461954e-05,4.823854956133851e-05,3.521097013986325e-05,3.576175180468156e-05,1m,78574985.14845999
2024-11-07 02:24:00,1gFK5zcGnKsVtCCNLDttPCDRHfjQBNE9o9sh1fwpump,6.416865900651136e-05,7.035751585848965e-05,4.732859145282841e-05,4.793863635461954e-05,1m,109901056.33095804
2024-11-07 02:25:00,1gFK5zcGnKsVtCCNLDttPCDRHfjQBNE9o9sh1fwpump,6.93443533332413e-05,6.93443533332413e-05,6.416865900651136e-05,6.416865900651136e-05,1m,9412593.551297
2024-11-07 02:26:00,1gFK5zcGnKsVtCCNLDttPCDRHfjQBNE9o9sh1fwpump,5.1013056546197366e-05,6.93443533332413e-05,4.8796788492837305e-05,6.93443533332413e-05,1m,57223605.233855
2024-11-07 02:27:00,1gFK5zcGnKsVtCCNLDttPCDRHfjQBNE9o9sh1fwpump,6.444465808538775e-05,8.056809627894477e-05,5.1013056546197366e-05,5.1013056546197366e-05,1m,79035755.83688799
2024-11-07 02:28:00,1gFK5zcGnKsVtCCNLDttPCDRHfjQBNE9o9sh1fwpump,7.09594430494123e-05,7.235339929353208e-05,6.262311939031385e-05,6.444465808538775e-05,1m,33253191.494385995
2024-11-07 02:29:00,1gFK5zcGnKsVtCCNLDttPCDRHfjQBNE9o9sh1fwpump,7.881045510530468e-05,7.881045510530468e-05,6.95765550168486e-05,7.09594430494123e-05,1m,19500605.083369996
2024-11-07 02:30:00,1gFK5zcGnKsVtCCNLDttPCDRHfjQBNE9o9sh1fwpump,0.00014889166119445076,0.00022157886736771742,7.881045510530468e-05,7.881045510530468e-05,1m,115525004.14182398
2024-11-07 02:31:00,1gFK5zcGnKsVtCCNLDttPCDRHfjQBNE9o9sh1fwpump,0.00017830519204147915,0.000193667022978672,0.00014889166119445076,0.00014889166119445076,1m,36074200.79190099
2024-11-07 02:32:00,1gFK5zcGnKsVtCCNLDttPCDRHfjQBNE9o9sh1fwpump,0.00017192799209064943,0.00017830519204147915,0.00015626726026346884,0.00017830519204147915,1m,24457781.351364
2024-11-07 02:33:00,1gFK5zcGnKsVtCCNLDttPCDRHfjQBNE9o9sh1fwpump,0.00014487402940373587,0.00017588445536169113,0.0001394290720874212,0.00017192799209064943,1m,42628381.268227994
2024-11-07 02:34:00,1gFK5zcGnKsVtCCNLDttPCDRHfjQBNE9o9sh1fwpump,0.0001366923737824964,0.00014487402940373587,0.00013545526399944056,0.00014487402940373587,1m,10012396.501322998
2024-11-07 02:35:00,1gFK5zcGnKsVtCCNLDttPCDRHfjQBNE9o9sh1fwpump,0.00012585312080789617,0.0001366923737824964,0.00012585312080789617,0.0001366923737824964,1m,9752886.306966001
2024-11-07 02:36:00,1gFK5zcGnKsVtCCNLDttPCDRHfjQBNE9o9sh1fwpump,0.00015580267398267866,0.00015580267398267866,0.00012298457190225602,0.00012585312080789617,1m,27824491.325784
2024-11-07 02:37:00,1gFK5zcGnKsVtCCNLDttPCDRHfjQBNE9o9sh1fwpump,0.00019364948660606016,0.0002176485691381891,0.00015580267398267866,0.00015580267398267866,1m,52102536.556803994
2024-11-07 02:38:00,1gFK5zcGnKsVtCCNLDttPCDRHfjQBNE9o9sh1fwpump,0.000231505605801746,0.00029856315518011215,0.00019364948660606016,0.00019364948660606016,1m,57031661.845236994
2024-11-07 02:39:00,1gFK5zcGnKsVtCCNLDttPCDRHfjQBNE9o9sh1fwpump,0.0002634806903467433,0.0002763596856997472,0.00022583063861549943,0.000231505605801746,1m,21347584.883980002
2024-11-07 02:40:00,1gFK5zcGnKsVtCCNLDttPCDRHfjQBNE9o9sh1fwpump,0.00023672685913512796,0.00029216693803001576,0.00022118354783841416,0.0002634806903467433,1m,73389178.118387
2024-11-07 02:41:00,1gFK5zcGnKsVtCCNLDttPCDRHfjQBNE9o9sh1fwpump,0.00023772897800824905,0.00024240522155275534,0.00022368010984858593,0.00023672685913512796,1m,20477151.144042
2024-11-07 02:42:00,1gFK5zcGnKsVtCCNLDttPCDRHfjQBNE9o9sh1fwpump,0.00022217715501714305,0.00023971014122149188,0.00021813351115796117,0.00023772897800824905,1m,17950539.669345
2024-11-07 02:43:00,1gFK5zcGnKsVtCCNLDttPCDRHfjQBNE9o9sh1fwpump,0.00021785717676678725,0.00022217715501714305,0.00021632689539941686,0.00022217715501714305,1m,4592425.078028999
2024-11-07 02:44:00,1gFK5zcGnKsVtCCNLDttPCDRHfjQBNE9o9sh1fwpump,0.00021731546017195074,0.0002696164896083053,0.00020598971287863168,0.00021785717676678725,1m,38023206.074976996
2024-11-07 02:45:00,1gFK5zcGnKsVtCCNLDttPCDRHfjQBNE9o9sh1fwpump,0.00029818665630373297,0.00029818665630373297,0.00021731546017195074,0.00021731546017195074,1m,21631628.400771003
2024-11-07 02:46:00,1gFK5zcGnKsVtCCNLDttPCDRHfjQBNE9o9sh1fwpump,0.000311208428665499,0.0003960102752138806,0.0002936741270776039,0.00029818665630373297,1m,38095737.63824101
2024-11-07 02:47:00,1gFK5zcGnKsVtCCNLDttPCDRHfjQBNE9o9sh1fwpump,0.0002925663750967005,0.00033943953979173694,0.00025413712296102877,0.000311208428665499,1m,46380443.063854
2024-11-07 02:48:00,1gFK5zcGnKsVtCCNLDttPCDRHfjQBNE9o9sh1fwpump,0.0002642769071397472,0.00029723882322362427,0.00026119503120445003,0.0002925663750967005,1m,41373819.62254301
2024-11-07 02:49:00,1gFK5zcGnKsVtCCNLDttPCDRHfjQBNE9o9sh1fwpump,0.0003007178566886029,0.00030589575093215027,0.00025928253098403837,0.0002642769071397472,1m,14223555.552313
2024-11-07 02:50:00,1gFK5zcGnKsVtCCNLDttPCDRHfjQBNE9o9sh1fwpump,0.00032372181167909244,0.00033558485881418344,0.0002910011889088815,0.0003007178566886029,1m,33956531.50548399
2024-11-07 02:51:00,1gFK5zcGnKsVtCCNLDttPCDRHfjQBNE9o9sh1fwpump,0.0003369971665274865,0.0003679884911104735,0.0003120185725478665,0.00032372181167909244,1m,36731911.04841499
2024-11-07 02:52:00,1gFK5zcGnKsVtCCNLDttPCDRHfjQBNE9o9sh1fwpump,0.00034816270433604387,0.00036184556289370844,0.0003273649927431394,0.0003369971665274865,1m,14930859.831955
2024-11-07 02:53:00,1gFK5zcGnKsVtCCNLDttPCDRHfjQBNE9o9sh1fwpump,0.0003187439151814982,0.0003533968590299569,0.0003187439151814982,0.00034816270433604387,1m,11786570.582022002
2024-11-07 02:54:00,1gFK5zcGnKsVtCCNLDttPCDRHfjQBNE9o9sh1fwpump,0.00027088778601064555,0.000321159055303126,0.0002656426981021229,0.0003187439151814982,1m,18628954.505696
2024-11-07 02:55:00,1gFK5zcGnKsVtCCNLDttPCDRHfjQBNE9o9sh1fwpump,0.00023093392804034697,0.00027088778601064555,0.00022607606224992114,0.00027088778601064555,1m,17768760.673782997
2024-11-07 02:56:00,1gFK5zcGnKsVtCCNLDttPCDRHfjQBNE9o9sh1fwpump,0.0002458042466929363,0.00025615029201108097,0.00023093392804034697,0.00023093392804034697,1m,12615461.646646
2024-11-07 02:57:00,1gFK5zcGnKsVtCCNLDttPCDRHfjQBNE9o9sh1fwpump,0.00024351078176680798,0.00029057458252590825,0.0001813769452033749,0.0002458042466929363,1m,129987730.398761
2024-11-07 02:58:00,1gFK5zcGnKsVtCCNLDttPCDRHfjQBNE9o9sh1fwpump,0.00017286006461952408,0.00024351078176680798,0.00016351290703522602,0.00024351078176680798,1m,49472678.40695299
2024-11-07 02:59:00,1gFK5zcGnKsVtCCNLDttPCDRHfjQBNE9o9sh1fwpump,0.0002468315785003102,0.0002468315785003102,0.00016645431319573594,0.00017286006461952408,1m,31940567.827253
2024-11-07 03:00:00,1gFK5zcGnKsVtCCNLDttPCDRHfjQBNE9o9sh1fwpump,0.00025221459504044433,0.00026411977589646974,0.0002336384398124161,0.0002468315785003102,1m,36311180.389083
2024-11-07 03:01:00,1gFK5zcGnKsVtCCNLDttPCDRHfjQBNE9o9sh1fwpump,0.00023159638079973672,0.0002627248079762927,0.00022815471027776415,0.00025221459504044433,1m,15803904.419707999
2024-11-07 03:02:00,1gFK5zcGnKsVtCCNLDttPCDRHfjQBNE9o9sh1fwpump,0.0002109079681043407,0.0002320069744291102,0.00020906918471093165,0.00023159638079973672,1m,16268538.095131002
2024-11-07 03:03:00,1gFK5zcGnKsVtCCNLDttPCDRHfjQBNE9o9sh1fwpump,0.00020704421666815483,0.0002140568405593524,0.0002061825308896428,0.0002109079681043407,1m,6965385.239948999
2024-11-07 03:04:00,1gFK5zcGnKsVtCCNLDttPCDRHfjQBNE9o9sh1fwpump,0.0002252960828221569,0.00022993463559611518,0.00020704421666815483,0.00020704421666815483,1m,9554357.312791
2024-11-07 03:05:00,1gFK5zcGnKsVtCCNLDttPCDRHfjQBNE9o9sh1fwpump,0.00020907955975800704,0.0002270546890540784,0.00020390855447418766,0.0002252960828221569,1m,11610167.732422996
2024-11-07 03:06:00,1gFK5zcGnKsVtCCNLDttPCDRHfjQBNE9o9sh1fwpump,0.00020510758103804114,0.0002103920642332088,0.00020510758103804114,0.00020907955975800704,1m,3296782.1341899997
2024-11-07 03:07:00,1gFK5zcGnKsVtCCNLDttPCDRHfjQBNE9o9sh1fwpump,0.000219294651444148,0.000219294651444148,0.00020510758103804114,0.00020510758103804114,1m,5540609.387087
2024-11-07 03:08:00,1gFK5zcGnKsVtCCNLDttPCDRHfjQBNE9o9sh1fwpump,0.0002224815800696878,0.00022479620335261107,0.00021900465709699248,0.000219294651444148,1m,2453772.6795420004
2024-11-07 03:09:00,1gFK5zcGnKsVtCCNLDttPCDRHfjQBNE9o9sh1fwpump,0.0002451359974226358,0.0002451359974226358,0.0002224815800696878,0.0002224815800696878,1m,5803451.722083
2024-11-07 03:10:00,1gFK5zcGnKsVtCCNLDttPCDRHfjQBNE9o9sh1fwpump,0.0002462812565627294,0.0002462812565627294,0.0002451359974226358,0.0002451359974226358,1m,232548.353724
2024-11-07 03:11:00,1gFK5zcGnKsVtCCNLDttPCDRHfjQBNE9o9sh1fwpump,0.0002282593997354628,0.0002462812565627294,0.0002282593997354628,0.0002462812565627294,1m,6707095.6474709995
2024-11-07 03:12:00,1gFK5zcGnKsVtCCNLDttPCDRHfjQBNE9o9sh1fwpump,0.00021633166465797089,0.0002282593997354628,0.00021494327751464832,0.0002282593997354628,1m,2918882.349797
2024-11-07 03:13:00,1gFK5zcGnKsVtCCNLDttPCDRHfjQBNE9o9sh1fwpump,0.0002292690382654876,0.0002292690382654876,0.00021633166465797089,0.00021633166465797089,1m,5074357.75521
2024-11-07 03:14:00,1gFK5zcGnKsVtCCNLDttPCDRHfjQBNE9o9sh1fwpump,0.00023017394881165565,0.0002301924930930738,0.0002246680738644242,0.0002292690382654876,1m,2630462.7940239995
2024-11-07 03:15:00,1gFK5zcGnKsVtCCNLDttPCDRHfjQBNE9o9sh1fwpump,0.00023656767297042342,0.00023745386177927892,0.00022979271664259787,0.00023017394881165565,1m,5638836.3666779995
2024-11-07 03:16:00,1gFK5zcGnKsVtCCNLDttPCDRHfjQBNE9o9sh1fwpump,0.0002388801862954008,0.0002639471266553799,0.00023654926532417058,0.00023656767297042342,1m,12829923.746505002
2024-11-07 03:17:00,1gFK5zcGnKsVtCCNLDttPCDRHfjQBNE9o9sh1fwpump,0.00023199010186003514,0.0002388801862954008,0.00023199010186003514,0.0002388801862954008,1m,1385163.9442150001
2024-11-07 03:18:00,1gFK5zcGnKsVtCCNLDttPCDRHfjQBNE9o9sh1fwpump,0.0002361620534202038,0.0002361620534202038,0.00023199010186003514,0.00023199010186003514,1m,1116682.319189
2024-11-07 03:19:00,1gFK5zcGnKsVtCCNLDttPCDRHfjQBNE9o9sh1fwpump,0.0002109563144773828,0.0002381221393951747,0.00020738304265973512,0.0002361620534202038,1m,16353587.785282003
2024-11-07 03:20:00,1gFK5zcGnKsVtCCNLDttPCDRHfjQBNE9o9sh1fwpump,0.00016952090669444917,0.0002109563144773828,0.00016057590245559277,0.0002109563144773828,1m,23629002.845459
2024-11-07 03:21:00,1gFK5zcGnKsVtCCNLDttPCDRHfjQBNE9o9sh1fwpump,0.00013266437990260918,0.00020248630962004113,0.00011888947798304428,0.00016952090669444917,1m,116316273.827974
2024-11-07 03:22:00,1gFK5zcGnKsVtCCNLDttPCDRHfjQBNE9o9sh1fwpump,0.00016219561279076164,0.00016219561279076164,0.00013266437990260918,0.00013266437990260918,1m,29271580.423945
2024-11-07 03:23:00,1gFK5zcGnKsVtCCNLDttPCDRHfjQBNE9o9sh1fwpump,0.00014691115400553915,0.00016219561279076164,0.00014691115400553915,0.00016219561279076164,1m,15161068.077264
2024-11-07 03:24:00,1gFK5zcGnKsVtCCNLDttPCDRHfjQBNE9o9sh1fwpump,0.00015207834999969266,0.00015207834999969266,0.0001429994734637731,0.00014691115400553915,1m,9123065.70807
2024-11-07 03:25:00,1gFK5zcGnKsVtCCNLDttPCDRHfjQBNE9o9sh1fwpump,0.0001666629138504821,0.0001676186587785977,0.0001517727365961259,0.00015207834999969266,1m,7279681.023429001
2024-11-07 03:26:00,1gFK5zcGnKsVtCCNLDttPCDRHfjQBNE9o9sh1fwpump,0.00020403575619240249,0.00020439771718699023,0.0001666629138504821,0.0001666629138504821,1m,16212720.530500002
2024-11-07 03:27:00,1gFK5zcGnKsVtCCNLDttPCDRHfjQBNE9o9sh1fwpump,0.00019538463626983106,0.00020537978476374314,0.00019538463626983106,0.00020403575619240249,1m,3868453.339164
2024-11-07 03:28:00,1gFK5zcGnKsVtCCNLDttPCDRHfjQBNE9o9sh1fwpump,0.00019836827714326681,0.00019836827714326681,0.00019538463626983106,0.00019538463626983106,1m,1455636.7532699998
2024-11-07 03:29:00,1gFK5zcGnKsVtCCNLDttPCDRHfjQBNE9o9sh1fwpump,0.0002019403610598952,0.00020374833446932405,0.00019836827714326681,0.00019836827714326681,1m,4374093.565412
2024-11-07 03:30:00,1gFK5zcGnKsVtCCNLDttPCDRHfjQBNE9o9sh1fwpump,0.00019751788418359865,0.0002019403610598952,0.00019557124812710644,0.0002019403610598952,1m,3454589.801963
2024-11-07 03:31:00,1gFK5zcGnKsVtCCNLDttPCDRHfjQBNE9o9sh1fwpump,0.00019608420908861777,0.00019849678372269378,0.00019608420908861777,0.00019751788418359865,1m,1241409.0934910001
2024-11-07 03:32:00,1gFK5zcGnKsVtCCNLDttPCDRHfjQBNE9o9sh1fwpump,0.0001919049860838344,0.00019677558359263228,0.0001919049860838344,0.00019608420908861777,1m,2174930.487702
2024-11-07 03:33:00,1gFK5zcGnKsVtCCNLDttPCDRHfjQBNE9o9sh1fwpump,0.00018351737128841506,0.0001919049860838344,0.00018351737128841506,0.0001919049860838344,1m,2497850.0425279997
2024-11-07 03:34:00,1gFK5zcGnKsVtCCNLDttPCDRHfjQBNE9o9sh1fwpump,0.00018519398440009302,0.0001863648863072573,0.00017871803657244358,0.00018351737128841506,1m,8157753.206331001
2024-11-07 03:35:00,1gFK5zcGnKsVtCCNLDttPCDRHfjQBNE9o9sh1fwpump,0.00018500906638616488,0.00018650374756360547,0.00018480399553438687,0.00018519398440009302,1m,1363337.4583939998
2024-11-07 03:36:00,1gFK5zcGnKsVtCCNLDttPCDRHfjQBNE9o9sh1fwpump,0.0001838539282385632,0.00018569200352841185,0.0001838539282385632,0.00018500906638616488,1m,510705.84206600004
2024-11-07 03:37:00,1gFK5zcGnKsVtCCNLDttPCDRHfjQBNE9o9sh1fwpump,0.00012124303911219318,0.00018485692548081295,0.00012124303911219318,0.0001838539282385632,1m,40534240.06771301
2024-11-07 03:38:00,1gFK5zcGnKsVtCCNLDttPCDRHfjQBNE9o9sh1fwpump,0.00011668571213220637,0.00012124303911219318,0.00011275215952150505,0.00012124303911219318,1m,10721097.894893998
2024-11-07 03:39:00,1gFK5zcGnKsVtCCNLDttPCDRHfjQBNE9o9sh1fwpump,0.00012348021795725828,0.00012578056249145218,0.0001140804667094958,0.00011668571213220637,1m,17038866.66493
2024-11-07 03:40:00,1gFK5zcGnKsVtCCNLDttPCDRHfjQBNE9o9sh1fwpump,0.00012061582706531068,0.00012348021795725828,0.00011924888796889158,0.00012348021795725828,1m,4323707.321173
2024-11-07 03:41:00,1gFK5zcGnKsVtCCNLDttPCDRHfjQBNE9o9sh1fwpump,0.00012671721785225833,0.0001407976230398379,0.00012046234112193357,0.00012061582706531068,1m,22194329.909123
2024-11-07 03:42:00,1gFK5zcGnKsVtCCNLDttPCDRHfjQBNE9o9sh1fwpump,0.00012999042756164204,0.00013222320841180864,0.00012671721785225833,0.00012671721785225833,1m,7192208.2393350005
2024-11-07 03:43:00,1gFK5zcGnKsVtCCNLDttPCDRHfjQBNE9o9sh1fwpump,0.0001294273196235368,0.00012999042756164204,0.00012882356352673477,0.00012999042756164204,1m,481487.02234699996
2024-11-07 03:44:00,1gFK5zcGnKsVtCCNLDttPCDRHfjQBNE9o9sh1fwpump,0.00012929715535804065,0.00013005575666716202,0.0001286653303295748,0.0001294273196235368,1m,1069948.290544
2024-11-07 03:45:00,1gFK5zcGnKsVtCCNLDttPCDRHfjQBNE9o9sh1fwpump,0.00014476176970528636,0.00016943393916947415,0.00012929715535804065,0.00012929715535804065,1m,31656183.966191
2024-11-07 03:46:00,1gFK5zcGnKsVtCCNLDttPCDRHfjQBNE9o9sh1fwpump,0.0001409554337064981,0.00014645107768247604,0.0001409554337064981,0.00014476176970528636,1m,6844199.257539
2024-11-07 03:47:00,1gFK5zcGnKsVtCCNLDttPCDRHfjQBNE9o9sh1fwpump,0.00014163657214502255,0.00014537414566879282,0.0001409554337064981,0.0001409554337064981,1m,6739564.87391
2024-11-07 03:48:00,1gFK5zcGnKsVtCCNLDttPCDRHfjQBNE9o9sh1fwpump,0.00014177022609625196,0.0001420812188581984,0.00014126122345931299,0.00014163657214502255,1m,501733.217892
2024-11-07 03:49:00,1gFK5zcGnKsVtCCNLDttPCDRHfjQBNE9o9sh1fwpump,0.00014422470535761003,0.00014673186569653284,0.00014177022609625196,0.00014177022609625196,1m,5562137.070618
2024-11-07 03:50:00,1gFK5zcGnKsVtCCNLDttPCDRHfjQBNE9o9sh1fwpump,0.00013744753092235292,0.00014422470535761003,0.00013744753092235292,0.00014422470535761003,1m,2635786.807498
2024-11-07 03:51:00,1gFK5zcGnKsVtCCNLDttPCDRHfjQBNE9o9sh1fwpump,0.0001305487897444237,0.00013744753092235292,0.0001285593868489814,0.00013744753092235292,1m,9858147.53517
2024-11-07 03:52:00,1gFK5zcGnKsVtCCNLDttPCDRHfjQBNE9o9sh1fwpump,0.00012720306974282623,0.0001305487897444237,0.00012720306974282623,0.0001305487897444237,1m,1597851.4164129999
2024-11-07 03:53:00,1gFK5zcGnKsVtCCNLDttPCDRHfjQBNE9o9sh1fwpump,0.00012720306974282623,0.00012720306974282623,0.00012720306974282623,0.00012720306974282623,1m,0.0
2024-11-07 03:54:00,1gFK5zcGnKsVtCCNLDttPCDRHfjQBNE9o9sh1fwpump,0.0001223389786777988,0.00012720306974282623,0.0001223389786777988,0.00012720306974282623,1m,3084767.469995
2024-11-07 03:55:00,1gFK5zcGnKsVtCCNLDttPCDRHfjQBNE9o9sh1fwpump,0.00012214431397004026,0.0001223389786777988,0.00011990399659268994,0.0001223389786777988,1m,3837113.819572
2024-11-07 03:56:00,1gFK5zcGnKsVtCCNLDttPCDRHfjQBNE9o9sh1fwpump,0.00012999507211429828,0.00014198630674342854,0.00012214431397004026,0.00012214431397004026,1m,21532533.378755998
2024-11-07 03:57:00,1gFK5zcGnKsVtCCNLDttPCDRHfjQBNE9o9sh1fwpump,0.00013276812227484453,0.00013276812227484453,0.00012999507211429828,0.00012999507211429828,1m,1794169.952553
2024-11-07 03:58:00,1gFK5zcGnKsVtCCNLDttPCDRHfjQBNE9o9sh1fwpump,0.00013240355635240621,0.00013362927402698547,0.00013240355635240621,0.00013276812227484453,1m,588598.558921
2024-11-07 03:59:00,1gFK5zcGnKsVtCCNLDttPCDRHfjQBNE9o9sh1fwpump,0.0001507188233514901,0.0001507188233514901,0.00013240355635240621,0.00013240355635240621,1m,10304599.915184
2024-11-07 04:00:00,1gFK5zcGnKsVtCCNLDttPCDRHfjQBNE9o9sh1fwpump,0.00015220401640277884,0.00015397048222802118,0.00014729879708081604,0.0001507188233514901,1m,7904293.511930999
2024-11-07 04:01:00,1gFK5zcGnKsVtCCNLDttPCDRHfjQBNE9o9sh1fwpump,0.00015258285775737892,0.00015259456587045066,0.00015183700594207657,0.00015220401640277884,1m,377361.77348
2024-11-07 04:02:00,1gFK5zcGnKsVtCCNLDttPCDRHfjQBNE9o9sh1fwpump,0.00014345272961824513,0.000155330520864266,0.00014345272961824513,0.00015258285775737892,1m,8583042.522887
2024-11-07 04:03:00,1gFK5zcGnKsVtCCNLDttPCDRHfjQBNE9o9sh1fwpump,0.00014789306205689176,0.00014789306205689176,0.00014345272961824513,0.00014345272961824513,1m,3699043.06539
2024-11-07 04:04:00,1gFK5zcGnKsVtCCNLDttPCDRHfjQBNE9o9sh1fwpump,0.00015142720164284046,0.00015173404772902423,0.00014789306205689176,0.00014789306205689176,1m,2362181.877789
2024-11-07 04:05:00,1gFK5zcGnKsVtCCNLDttPCDRHfjQBNE9o9sh1fwpump,0.00014951383619947337,0.00015142720164284046,0.00014951383619947337,0.00015142720164284046,1m,1663020.780189
2024-11-07 04:06:00,1gFK5zcGnKsVtCCNLDttPCDRHfjQBNE9o9sh1fwpump,0.00014825898505924412,0.00014951383619947337,0.00014825898505924412,0.00014951383619947337,1m,336213.868534
2024-11-07 04:07:00,1gFK5zcGnKsVtCCNLDttPCDRHfjQBNE9o9sh1fwpump,0.00014199573334718786,0.00014825898505924412,0.00014199573334718786,0.00014825898505924412,1m,3183715.789724
2024-11-07 04:08:00,1gFK5zcGnKsVtCCNLDttPCDRHfjQBNE9o9sh1fwpump,0.00014199573334718786,0.00014199573334718786,0.00014199573334718786,0.00014199573334718786,1m,0.0
2024-11-07 04:09:00,1gFK5zcGnKsVtCCNLDttPCDRHfjQBNE9o9sh1fwpump,0.00014203133438018886,0.00014203133438018886,0.00014132205229368098,0.00014199573334718786,1m,457023.733979
2024-11-07 04:10:00,1gFK5zcGnKsVtCCNLDttPCDRHfjQBNE9o9sh1fwpump,0.00013328652942562786,0.00014203133438018886,0.00013328652942562786,0.00014203133438018886,1m,7643504.003083
2024-11-07 04:11:00,1gFK5zcGnKsVtCCNLDttPCDRHfjQBNE9o9sh1fwpump,7.709632810458938e-05,0.00013328652942562786,7.339661113835342e-05,0.00013328652942562786,1m,70960059.197601
2024-11-07 04:12:00,1gFK5zcGnKsVtCCNLDttPCDRHfjQBNE9o9sh1fwpump,9.5510350655316e-05,9.5510350655316e-05,7.709632810458938e-05,7.709632810458938e-05,1m,26244686.056688994
2024-11-07 04:13:00,1gFK5zcGnKsVtCCNLDttPCDRHfjQBNE9o9sh1fwpump,9.655582015736357e-05,9.703561756585282e-05,9.52096403029253e-05,9.5510350655316e-05,1m,3381197.829921
2024-11-07 04:14:00,1gFK5zcGnKsVtCCNLDttPCDRHfjQBNE9o9sh1fwpump,9.418718454590265e-05,9.655582015736357e-05,9.418718454590265e-05,9.655582015736357e-05,1m,2090485.4645570002
2024-11-07 04:15:00,1gFK5zcGnKsVtCCNLDttPCDRHfjQBNE9o9sh1fwpump,9.290246110828776e-05,9.418718454590265e-05,9.208174900172215e-05,9.418718454590265e-05,1m,2709807.1335690003
2024-11-07 04:16:00,1gFK5zcGnKsVtCCNLDttPCDRHfjQBNE9o9sh1fwpump,9.222745291541541e-05,9.328383910474712e-05,9.222745291541541e-05,9.290246110828776e-05,1m,1899465.2957579999
2024-11-07 04:17:00,1gFK5zcGnKsVtCCNLDttPCDRHfjQBNE9o9sh1fwpump,8.354539644432844e-05,9.222745291541541e-05,8.354539644432844e-05,9.222745291541541e-05,1m,9375822.095101
2024-11-07 04:18:00,1gFK5zcGnKsVtCCNLDttPCDRHfjQBNE9o9sh1fwpump,8.002317514930567e-05,8.354539644432844e-05,8.002317514930567e-05,8.354539644432844e-05,1m,6316245.428285
2024-11-07 04:19:00,1gFK5zcGnKsVtCCNLDttPCDRHfjQBNE9o9sh1fwpump,8.276341408819707e-05,8.276341408819707e-05,7.622827900495268e-05,8.002317514930567e-05,1m,18885780.173016
2024-11-07 04:20:00,1gFK5zcGnKsVtCCNLDttPCDRHfjQBNE9o9sh1fwpump,9.260381529683033e-05,9.260381529683033e-05,8.276341408819707e-05,8.276341408819707e-05,1m,11041698.072946
2024-11-07 04:21:00,1gFK5zcGnKsVtCCNLDttPCDRHfjQBNE9o9sh1fwpump,9.17357427451609e-05,9.260381529683033e-05,9.17357427451609e-05,9.260381529683033e-05,1m,795411.293386
2024-11-07 04:22:00,1gFK5zcGnKsVtCCNLDttPCDRHfjQBNE9o9sh1fwpump,9.17357427451609e-05,9.17357427451609e-05,9.17357427451609e-05,9.17357427451609e-05,1m,0.0
2024-11-07 04:23:00,1gFK5zcGnKsVtCCNLDttPCDRHfjQBNE9o9sh1fwpump,9.137003676483158e-05,9.17357427451609e-05,9.137003676483158e-05,9.17357427451609e-05,1m,406547.580113
2024-11-07 04:24:00,1gFK5zcGnKsVtCCNLDttPCDRHfjQBNE9o9sh1fwpump,9.539445420654883e-05,9.539445420654883e-05,9.137003676483158e-05,9.137003676483158e-05,1m,4448715.899557001
2024-11-07 04:25:00,1gFK5zcGnKsVtCCNLDttPCDRHfjQBNE9o9sh1fwpump,0.00010101327794209847,0.00010326317121239935,9.49448211011849e-05,9.539445420654883e-05,1m,13499415.654264
2024-11-07 04:26:00,1gFK5zcGnKsVtCCNLDttPCDRHfjQBNE9o9sh1fwpump,9.753039231086719e-05,0.00010221323105894767,9.553437939431606e-05,0.00010101327794209847,1m,17181778.168957002
2024-11-07 04:27:00,1gFK5zcGnKsVtCCNLDttPCDRHfjQBNE9o9sh1fwpump,9.89288914973656e-05,9.89288914973656e-05,9.753039231086719e-05,9.753039231086719e-05,1m,1902561.762505
2024-11-07 04:28:00,1gFK5zcGnKsVtCCNLDttPCDRHfjQBNE9o9sh1fwpump,9.932122641680147e-05,9.932122641680147e-05,9.89288914973656e-05,9.89288914973656e-05,1m,222222.222222
2024-11-07 04:29:00,1gFK5zcGnKsVtCCNLDttPCDRHfjQBNE9o9sh1fwpump,0.00010252215379017372,0.00010280998876364203,9.841100736174844e-05,9.932122641680147e-05,1m,8658564.228725
2024-11-07 04:30:00,1gFK5zcGnKsVtCCNLDttPCDRHfjQBNE9o9sh1fwpump,0.00010246668839256363,0.00010306424248182372,0.00010236570861508863,0.00010252215379017372,1m,1272432.6529990002
2024-11-07 04:31:00,1gFK5zcGnKsVtCCNLDttPCDRHfjQBNE9o9sh1fwpump,0.0001019864298732519,0.00010246668839256363,0.0001019864298732519,0.00010246668839256363,1m,367687.95566800004
2024-11-07 04:32:00,1gFK5zcGnKsVtCCNLDttPCDRHfjQBNE9o9sh1fwpump,0.00010182423532598546,0.0001019864298732519,0.00010182423532598546,0.0001019864298732519,1m,127086.370902
2024-11-07 04:33:00,1gFK5zcGnKsVtCCNLDttPCDRHfjQBNE9o9sh1fwpump,0.0001015796255873037,0.00010182423532598546,0.0001015796255873037,0.00010182423532598546,1m,222222.222222
2024-11-07 04:34:00,1gFK5zcGnKsVtCCNLDttPCDRHfjQBNE9o9sh1fwpump,0.00010687048225892565,0.00010687048225892565,0.0001015796255873037,0.0001015796255873037,1m,5143322.187737
2024-11-07 04:35:00,1gFK5zcGnKsVtCCNLDttPCDRHfjQBNE9o9sh1fwpump,0.0001291834811266631,0.0001291834811266631,0.00010687048225892565,0.00010687048225892565,1m,15578029.854022998
2024-11-07 04:36:00,1gFK5zcGnKsVtCCNLDttPCDRHfjQBNE9o9sh1fwpump,0.00012599281395624882,0.00012976787756765248,0.00012599281395624882,0.0001291834811266631,1m,3328030.4069839995
2024-11-07 04:37:00,1gFK5zcGnKsVtCCNLDttPCDRHfjQBNE9o9sh1fwpump,0.00016311354129781473,0.00016311354129781473,0.00012599281395624882,0.00012599281395624882,1m,25362415.847841002
2024-11-07 04:38:00,1gFK5zcGnKsVtCCNLDttPCDRHfjQBNE9o9sh1fwpump,0.00017129012596949695,0.00017129012596949695,0.00016311354129781473,0.00016311354129781473,1m,1268623.521797
2024-11-07 04:39:00,1gFK5zcGnKsVtCCNLDttPCDRHfjQBNE9o9sh1fwpump,0.0001683914304391544,0.00017129012596949695,0.00016784966601458867,0.00017129012596949695,1m,2121680.647745
2024-11-07 04:40:00,1gFK5zcGnKsVtCCNLDttPCDRHfjQBNE9o9sh1fwpump,0.0002014273739951748,0.000202905851831646,0.0001673507847479791,0.0001683914304391544,1m,13427178.200931001
2024-11-07 04:41:00,1gFK5zcGnKsVtCCNLDttPCDRHfjQBNE9o9sh1fwpump,0.00021766280249700646,0.00021786182125947524,0.0002014273739951748,0.0002014273739951748,1m,5728498.630684
2024-11-07 04:42:00,1gFK5zcGnKsVtCCNLDttPCDRHfjQBNE9o9sh1fwpump,0.000223898828677193,0.00022875772687562344,0.0002168115748360297,0.00021766280249700646,1m,8111662.302399
2024-11-07 04:43:00,1gFK5zcGnKsVtCCNLDttPCDRHfjQBNE9o9sh1fwpump,0.00022070613439695346,0.000223898828677193,0.00022052537713238056,0.000223898828677193,1m,1010316.895032
2024-11-07 04:44:00,1gFK5zcGnKsVtCCNLDttPCDRHfjQBNE9o9sh1fwpump,0.000203525906491024,0.00027840392808772265,0.000203525906491024,0.00022070613439695346,1m,42051576.718343
2024-11-07 04:45:00,1gFK5zcGnKsVtCCNLDttPCDRHfjQBNE9o9sh1fwpump,0.00018923556756596994,0.000203525906491024,0.00016611448365967942,0.000203525906491024,1m,32369365.059731007
2024-11-07 04:46:00,1gFK5zcGnKsVtCCNLDttPCDRHfjQBNE9o9sh1fwpump,0.00018490032196774153,0.00018923556756596994,0.00018424340672080268,0.00018923556756596994,1m,1780250.8685420002
2024-11-07 04:47:00,1gFK5zcGnKsVtCCNLDttPCDRHfjQBNE9o9sh1fwpump,0.0001819129742792346,0.00018490032196774153,0.00017894178273957184,0.00018490032196774153,1m,3035613.86035
2024-11-07 04:48:00,1gFK5zcGnKsVtCCNLDttPCDRHfjQBNE9o9sh1fwpump,0.0001822278175391547,0.00018322321546945694,0.0001819129742792346,0.0001819129742792346,1m,1193270.160856
2024-11-07 04:49:00,1gFK5zcGnKsVtCCNLDttPCDRHfjQBNE9o9sh1fwpump,0.00018991733163047336,0.00018991733163047336,0.0001822278175391547,0.0001822278175391547,1m,3115984.54414
2024-11-07 04:50:00,1gFK5zcGnKsVtCCNLDttPCDRHfjQBNE9o9sh1fwpump,0.00020731755074543853,0.00022657626725748465,0.00018991733163047336,0.00018991733163047336,1m,32389345.001624998
2024-11-07 04:51:00,1gFK5zcGnKsVtCCNLDttPCDRHfjQBNE9o9sh1fwpump,0.0002071363157190746,0.00020731755074543853,0.00020579503106375057,0.00020731755074543853,1m,1110765.616334
2024-11-07 04:52:00,1gFK5zcGnKsVtCCNLDttPCDRHfjQBNE9o9sh1fwpump,0.00022342430452551804,0.00022342430452551804,0.0002071363157190746,0.0002071363157190746,1m,6172255.59603
2024-11-07 04:53:00,1gFK5zcGnKsVtCCNLDttPCDRHfjQBNE9o9sh1fwpump,0.00022195662899423483,0.00022818939665856646,0.00022195662899423483,0.00022342430452551804,1m,4774973.2200919995
2024-11-07 04:54:00,1gFK5zcGnKsVtCCNLDttPCDRHfjQBNE9o9sh1fwpump,0.0002254539710809236,0.0002254539710809236,0.00022195662899423483,0.00022195662899423483,1m,715574.7500219999
2024-11-07 04:55:00,1gFK5zcGnKsVtCCNLDttPCDRHfjQBNE9o9sh1fwpump,0.00019858886395200234,0.0002254539710809236,0.00019858886395200234,0.0002254539710809236,1m,11555558.60228
2024-11-07 04:56:00,1gFK5zcGnKsVtCCNLDttPCDRHfjQBNE9o9sh1fwpump,0.00018716664056851252,0.00019858886395200234,0.0001838524439059288,0.00019858886395200234,1m,5100146.049583
2024-11-07 04:57:00,1gFK5zcGnKsVtCCNLDttPCDRHfjQBNE9o9sh1fwpump,0.00018868760515535138,0.00018868760515535138,0.00018716664056851252,0.00018716664056851252,1m,550654.227419
2024-11-07 04:58:00,1gFK5zcGnKsVtCCNLDttPCDRHfjQBNE9o9sh1fwpump,0.0001679142727329904,0.00018868760515535138,0.00016620011465444078,0.00018868760515535138,1m,9116864.7003
2024-11-07 04:59:00,1gFK5zcGnKsVtCCNLDttPCDRHfjQBNE9o9sh1fwpump,0.00017864776781533048,0.00017864776781533048,0.0001679142727329904,0.0001679142727329904,1m,5378621.499993
2024-11-07 05:00:00,1gFK5zcGnKsVtCCNLDttPCDRHfjQBNE9o9sh1fwpump,0.00018440143067332442,0.00018440143067332442,0.00017864776781533048,0.00017864776781533048,1m,1262627.126367
2024-11-07 05:01:00,1gFK5zcGnKsVtCCNLDttPCDRHfjQBNE9o9sh1fwpump,0.0001665052547878808,0.00020606550244226562,0.00016569194334723505,0.00018440143067332442,1m,39450108.583533
2024-11-07 05:02:00,1gFK5zcGnKsVtCCNLDttPCDRHfjQBNE9o9sh1fwpump,0.0001613440674234868,0.00018160052056172182,0.0001613440674234868,0.0001665052547878808,1m,18055382.493793
2024-11-07 05:03:00,1gFK5zcGnKsVtCCNLDttPCDRHfjQBNE9o9sh1fwpump,0.0001616815088719007,0.0001616815088719007,0.00015676982561426317,0.0001613440674234868,1m,3815782.275433
2024-11-07 05:04:00,1gFK5zcGnKsVtCCNLDttPCDRHfjQBNE9o9sh1fwpump,0.0001501645958753768,0.0001616815088719007,0.00014927551266274972,0.0001616815088719007,1m,8246122.228536999
2024-11-07 05:05:00,1gFK5zcGnKsVtCCNLDttPCDRHfjQBNE9o9sh1fwpump,0.00015217797357779605,0.00015217797357779605,0.0001501645958753768,0.0001501645958753768,1m,661828.0367879999
2024-11-07 05:06:00,1gFK5zcGnKsVtCCNLDttPCDRHfjQBNE9o9sh1fwpump,0.00015217797357779605,0.00015217797357779605,0.00015217797357779605,0.00015217797357779605,1m,0.0
2024-11-07 05:07:00,1gFK5zcGnKsVtCCNLDttPCDRHfjQBNE9o9sh1fwpump,0.00015145203595987212,0.0001521897019966307,0.00015115279208374716,0.00015217797357779605,1m,593039.755933
2024-11-07 05:08:00,1gFK5zcGnKsVtCCNLDttPCDRHfjQBNE9o9sh1fwpump,0.00015062105638902226,0.0001526541085070619,0.00015062105638902226,0.00015145203595987212,1m,1875182.0125199999
2024-11-07 05:09:00,1gFK5zcGnKsVtCCNLDttPCDRHfjQBNE9o9sh1fwpump,0.0001488992315566926,0.00015062105638902226,0.0001488992315566926,0.00015062105638902226,1m,772568.685846
2024-11-07 05:10:00,1gFK5zcGnKsVtCCNLDttPCDRHfjQBNE9o9sh1fwpump,0.00015722111015072614,0.00015722111015072614,0.0001488992315566926,0.0001488992315566926,1m,3874064.7727050004
2024-11-07 05:11:00,1gFK5zcGnKsVtCCNLDttPCDRHfjQBNE9o9sh1fwpump,0.00015814716684732898,0.00015814716684732898,0.00015722111015072614,0.00015722111015072614,1m,417582.22908
2024-11-07 05:12:00,1gFK5zcGnKsVtCCNLDttPCDRHfjQBNE9o9sh1fwpump,0.00015939797833542415,0.00015939797833542415,0.00015683767477356344,0.00015814716684732898,1m,2012052.533361
2024-11-07 05:13:00,1gFK5zcGnKsVtCCNLDttPCDRHfjQBNE9o9sh1fwpump,0.00015754882873562922,0.00016097865169727366,0.00015754882873562922,0.00015939797833542415,1m,4252887.553533
2024-11-07 05:14:00,1gFK5zcGnKsVtCCNLDttPCDRHfjQBNE9o9sh1fwpump,0.00015700194322422584,0.00015754882873562922,0.0001551449874519067,0.00015754882873562922,1m,2445681.816284
2024-11-07 05:15:00,1gFK5zcGnKsVtCCNLDttPCDRHfjQBNE9o9sh1fwpump,0.00017680753007089824,0.00017680753007089824,0.00015700194322422584,0.00015700194322422584,1m,8723313.519934
2024-11-07 05:16:00,1gFK5zcGnKsVtCCNLDttPCDRHfjQBNE9o9sh1fwpump,0.0001750127567885341,0.00017680753007089824,0.00017296998319715705,0.00017680753007089824,1m,3176386.624428
2024-11-07 05:17:00,1gFK5zcGnKsVtCCNLDttPCDRHfjQBNE9o9sh1fwpump,0.00017830889096283,0.00017915708191804377,0.0001750127567885341,0.0001750127567885341,1m,2360066.9530980005
2024-11-07 05:18:00,1gFK5zcGnKsVtCCNLDttPCDRHfjQBNE9o9sh1fwpump,0.00017836112760764335,0.00017836112760764335,0.00017830889096283,0.00017830889096283,1m,50939.054568
2024-11-07 05:19:00,1gFK5zcGnKsVtCCNLDttPCDRHfjQBNE9o9sh1fwpump,0.00018115667067482573,0.00018115667067482573,0.0001779890492706273,0.00017836112760764335,1m,2346228.290107
2024-11-07 05:20:00,1gFK5zcGnKsVtCCNLDttPCDRHfjQBNE9o9sh1fwpump,0.00017987336560261103,0.00018389133027033936,0.00017987336560261103,0.00018115667067482573,1m,2451704.079571
2024-11-07 05:21:00,1gFK5zcGnKsVtCCNLDttPCDRHfjQBNE9o9sh1fwpump,0.00017649081425772628,0.00017987336560261103,0.00017649081425772628,0.00017987336560261103,1m,316210.50953000004
2024-11-07 05:22:00,1gFK5zcGnKsVtCCNLDttPCDRHfjQBNE9o9sh1fwpump,0.00017773260102973423,0.00017805651047126715,0.00017649081425772628,0.00017649081425772628,1m,771483.1390430001
2024-11-07 05:23:00,1gFK5zcGnKsVtCCNLDttPCDRHfjQBNE9o9sh1fwpump,0.0001754608961920658,0.00017773260102973423,0.0001754608961920658,0.00017773260102973423,1m,1837242.405008
2024-11-07 05:24:00,1gFK5zcGnKsVtCCNLDttPCDRHfjQBNE9o9sh1fwpump,0.00017323668264629193,0.0001754608961920658,0.00017323668264629193,0.0001754608961920658,1m,139616.572548
2024-11-07 05:25:00,1gFK5zcGnKsVtCCNLDttPCDRHfjQBNE9o9sh1fwpump,0.00016742864432757072,0.00017323668264629193,0.00016742864432757072,0.00017323668264629193,1m,2346733.183032
2024-11-07 05:26:00,1gFK5zcGnKsVtCCNLDttPCDRHfjQBNE9o9sh1fwpump,0.00015635621736905257,0.00016742864432757072,0.00015635621736905257,0.00016742864432757072,1m,6383105.185098001
2024-11-07 05:27:00,1gFK5zcGnKsVtCCNLDttPCDRHfjQBNE9o9sh1fwpump,0.00015803538901106487,0.00015822548170816265,0.00015635621736905257,0.00015635621736905257,1m,915729.694041
2024-11-07 05:28:00,1gFK5zcGnKsVtCCNLDttPCDRHfjQBNE9o9sh1fwpump,0.00016274397977197855,0.00016300077792492072,0.00015803538901106487,0.00015803538901106487,1m,2567680.237754
2024-11-07 05:29:00,1gFK5zcGnKsVtCCNLDttPCDRHfjQBNE9o9sh1fwpump,0.00016238212451105344,0.00016274397977197855,0.00016238212451105344,0.00016274397977197855,1m,139616.572548
2024-11-07 05:30:00,1gFK5zcGnKsVtCCNLDttPCDRHfjQBNE9o9sh1fwpump,0.00017393095229987696,0.00017393095229987696,0.00016238212451105344,0.00016238212451105344,1m,5118258.875921
2024-11-07 05:31:00,1gFK5zcGnKsVtCCNLDttPCDRHfjQBNE9o9sh1fwpump,0.00017171044365757636,0.00017513154815752369,0.00017171044365757636,0.00017393095229987696,1m,1769901.906397
2024-11-07 05:32:00,1gFK5zcGnKsVtCCNLDttPCDRHfjQBNE9o9sh1fwpump,0.00017131581324733675,0.00017171044365757636,0.00017131581324733675,0.00017171044365757636,1m,139616.572548
2024-11-07 05:33:00,1gFK5zcGnKsVtCCNLDttPCDRHfjQBNE9o9sh1fwpump,0.00016760355404902126,0.00017131581324733675,0.00016760355404902126,0.00017131581324733675,1m,2970911.576053
2024-11-07 05:34:00,1gFK5zcGnKsVtCCNLDttPCDRHfjQBNE9o9sh1fwpump,0.0001526785168980302,0.00016760355404902126,0.0001526785168980302,0.00016760355404902126,1m,5257875.448469
2024-11-07 05:35:00,1gFK5zcGnKsVtCCNLDttPCDRHfjQBNE9o9sh1fwpump,0.00015179692561079645,0.0001526785168980302,0.00015179692561079645,0.0001526785168980302,1m,405341.082499
2024-11-07 05:36:00,1gFK5zcGnKsVtCCNLDttPCDRHfjQBNE9o9sh1fwpump,0.00015148800217247094,0.00015234551588748406,0.00015148800217247094,0.00015179692561079645,1m,524710.8999920001
2024-11-07 05:37:00,1gFK5zcGnKsVtCCNLDttPCDRHfjQBNE9o9sh1fwpump,0.00015112710478370797,0.00015148800217247094,0.00015112710478370797,0.00015148800217247094,1m,145821.586019
2024-11-07 05:38:00,1gFK5zcGnKsVtCCNLDttPCDRHfjQBNE9o9sh1fwpump,0.00015112710478370797,0.00015112710478370797,0.00015112710478370797,0.00015112710478370797,1m,0.0
2024-11-07 05:39:00,1gFK5zcGnKsVtCCNLDttPCDRHfjQBNE9o9sh1fwpump,0.00015250199881624584,0.00015250199881624584,0.00015061266349374364,0.00015112710478370797,1m,1505286.501002
2024-11-07 05:40:00,1gFK5zcGnKsVtCCNLDttPCDRHfjQBNE9o9sh1fwpump,0.0001528340232046772,0.0001528340232046772,0.00015250199881624584,0.00015250199881624584,1m,139616.572548
2024-11-07 05:41:00,1gFK5zcGnKsVtCCNLDttPCDRHfjQBNE9o9sh1fwpump,0.00015185313685074875,0.0001528340232046772,0.00015185313685074875,0.0001528340232046772,1m,637061.670089
2024-11-07 05:42:00,1gFK5zcGnKsVtCCNLDttPCDRHfjQBNE9o9sh1fwpump,0.00015111504427587366,0.00015185313685074875,0.00015111504427587366,0.00015185313685074875,1m,139616.572548
2024-11-07 05:43:00,1gFK5zcGnKsVtCCNLDttPCDRHfjQBNE9o9sh1fwpump,0.00015111504427587366,0.00015111504427587366,0.00015111504427587366,0.00015111504427587366,1m,0.0
2024-11-07 05:44:00,1gFK5zcGnKsVtCCNLDttPCDRHfjQBNE9o9sh1fwpump,0.00015052351391202,0.00015111504427587366,0.00015052351391202,0.00015111504427587366,1m,279233.145096
2024-11-07 05:45:00,1gFK5zcGnKsVtCCNLDttPCDRHfjQBNE9o9sh1fwpump,0.00014279957827347233,0.00015052351391202,0.00014279957827347233,0.00015052351391202,1m,7641966.013327
2024-11-07 05:46:00,1gFK5zcGnKsVtCCNLDttPCDRHfjQBNE9o9sh1fwpump,0.00012083564502718042,0.00014279957827347233,0.0001190606630383745,0.00014279957827347233,1m,15878193.884318002
2024-11-07 05:47:00,1gFK5zcGnKsVtCCNLDttPCDRHfjQBNE9o9sh1fwpump,0.00012010758729527679,0.00012083564502718042,0.00012010758729527679,0.00012083564502718042,1m,959945.20907
2024-11-07 05:48:00,1gFK5zcGnKsVtCCNLDttPCDRHfjQBNE9o9sh1fwpump,0.0001187444953094546,0.00012010758729527679,0.0001187444953094546,0.00012010758729527679,1m,558948.2084840001
2024-11-07 05:49:00,1gFK5zcGnKsVtCCNLDttPCDRHfjQBNE9o9sh1fwpump,0.00011859091712052494,0.0001187444953094546,0.00011859091712052494,0.0001187444953094546,1m,139616.572548
2024-11-07 05:50:00,1gFK5zcGnKsVtCCNLDttPCDRHfjQBNE9o9sh1fwpump,0.00011912787385543377,0.00011912787385543377,0.00011836585154206984,0.00011859091712052494,1m,495619.05350599997
2024-11-07 05:51:00,1gFK5zcGnKsVtCCNLDttPCDRHfjQBNE9o9sh1fwpump,0.00011941494437346696,0.00011975677884633616,0.00011912787385543377,0.00011912787385543377,1m,565282.560437
2024-11-07 05:52:00,1gFK5zcGnKsVtCCNLDttPCDRHfjQBNE9o9sh1fwpump,0.0001210130892334971,0.0001210130892334971,0.00011941494437346696,0.00011941494437346696,1m,1560455.778496
2024-11-07 05:53:00,1gFK5zcGnKsVtCCNLDttPCDRHfjQBNE9o9sh1fwpump,0.00012121448969116748,0.00012139427388830999,0.0001210130892334971,0.0001210130892334971,1m,279233.145096
2024-11-07 05:54:00,1gFK5zcGnKsVtCCNLDttPCDRHfjQBNE9o9sh1fwpump,0.00012165092333870038,0.00012165092333870038,0.00012104028147073776,0.00012121448969116748,1m,325848.780111
2024-11-07 05:55:00,1gFK5zcGnKsVtCCNLDttPCDRHfjQBNE9o9sh1fwpump,0.00012112639495192691,0.00012165092333870038,0.00012112639495192691,0.00012165092333870038,1m,139616.572548
2024-11-07 05:56:00,1gFK5zcGnKsVtCCNLDttPCDRHfjQBNE9o9sh1fwpump,0.00012108004048211548,0.00012153468836249085,0.00012084532276977285,0.00012112639495192691,1m,637505.454354
2024-11-07 05:57:00,1gFK5zcGnKsVtCCNLDttPCDRHfjQBNE9o9sh1fwpump,0.00012101475679072178,0.00012108004048211548,0.00012101475679072178,0.00012108004048211548,1m,4176.62498
2024-11-07 05:58:00,1gFK5zcGnKsVtCCNLDttPCDRHfjQBNE9o9sh1fwpump,0.00012158741990543605,0.00012184556798250167,0.00012081704865802792,0.00012101475679072178,1m,893043.797211
2024-11-07 05:59:00,1gFK5zcGnKsVtCCNLDttPCDRHfjQBNE9o9sh1fwpump,0.0001214458795657206,0.00012158741990543605,0.0001214458795657206,0.00012158741990543605,1m,139616.572548
2024-11-07 06:00:00,1gFK5zcGnKsVtCCNLDttPCDRHfjQBNE9o9sh1fwpump,0.00012239319101575017,0.00012254005021077285,0.0001214458795657206,0.0001214458795657206,1m,928730.8715860001
2024-11-07 06:01:00,1gFK5zcGnKsVtCCNLDttPCDRHfjQBNE9o9sh1fwpump,0.00012652824736929648,0.00012675762114343721,0.0001221882184317851,0.00012239319101575017,1m,3319775.309323
2024-11-07 06:02:00,1gFK5zcGnKsVtCCNLDttPCDRHfjQBNE9o9sh1fwpump,0.0001300314230393166,0.0001300314230393166,0.00012652824736929648,0.00012652824736929648,1m,2462706.39673
2024-11-07 06:03:00,1gFK5zcGnKsVtCCNLDttPCDRHfjQBNE9o9sh1fwpump,0.00014738595440127498,0.00014738595440127498,0.0001300314230393166,0.0001300314230393166,1m,12185270.773487
2024-11-07 06:04:00,1gFK5zcGnKsVtCCNLDttPCDRHfjQBNE9o9sh1fwpump,0.00015047398362282876,0.00015047398362282876,0.00014680162636860063,0.00014738595440127498,1m,2513127.0014580004
2024-11-07 06:05:00,1gFK5zcGnKsVtCCNLDttPCDRHfjQBNE9o9sh1fwpump,0.00015007208101874419,0.00015047398362282876,0.00015007208101874419,0.00015047398362282876,1m,144589.494758
2024-11-07 06:06:00,1gFK5zcGnKsVtCCNLDttPCDRHfjQBNE9o9sh1fwpump,0.00014927708574654958,0.00015007208101874419,0.00014927708574654958,0.00015007208101874419,1m,321246.974503
2024-11-07 06:07:00,1gFK5zcGnKsVtCCNLDttPCDRHfjQBNE9o9sh1fwpump,0.0001485143324067984,0.00014927708574654958,0.0001485143324067984,0.00014927708574654958,1m,395953.798534
2024-11-07 06:08:00,1gFK5zcGnKsVtCCNLDttPCDRHfjQBNE9o9sh1fwpump,0.0001483428605637209,0.00014921266151993163,0.0001483428605637209,0.0001485143324067984,1m,265815.117751
2024-11-07 06:09:00,1gFK5zcGnKsVtCCNLDttPCDRHfjQBNE9o9sh1fwpump,0.00014493906062216266,0.0001483428605637209,0.00014493906062216266,0.0001483428605637209,1m,4663585.185366999
2024-11-07 06:10:00,1gFK5zcGnKsVtCCNLDttPCDRHfjQBNE9o9sh1fwpump,0.0001389856786843825,0.00014493906062216266,0.0001389856786843825,0.00014493906062216266,1m,2940818.865296
2024-11-07 06:11:00,1gFK5zcGnKsVtCCNLDttPCDRHfjQBNE9o9sh1fwpump,0.0001411945174186173,0.0001411945174186173,0.0001389856786843825,0.0001389856786843825,1m,1519044.4123709998
2024-11-07 06:12:00,1gFK5zcGnKsVtCCNLDttPCDRHfjQBNE9o9sh1fwpump,0.00014965198179398454,0.00014993959932491004,0.0001411945174186173,0.0001411945174186173,1m,5162364.684591
2024-11-07 06:13:00,1gFK5zcGnKsVtCCNLDttPCDRHfjQBNE9o9sh1fwpump,0.0001505534510565415,0.00015089161062762122,0.00014965198179398454,0.00014965198179398454,1m,859522.5894759999
2024-11-07 06:14:00,1gFK5zcGnKsVtCCNLDttPCDRHfjQBNE9o9sh1fwpump,0.0001511877002051565,0.0001511877002051565,0.0001505534510565415,0.0001505534510565415,1m,32851.616681
2024-11-07 06:15:00,1gFK5zcGnKsVtCCNLDttPCDRHfjQBNE9o9sh1fwpump,0.00015430652473709175,0.00015430652473709175,0.0001511877002051565,0.0001511877002051565,1m,2149070.8928549998
2024-11-07 06:16:00,1gFK5zcGnKsVtCCNLDttPCDRHfjQBNE9o9sh1fwpump,0.00015526788634388,0.00015526788634388,0.00015430652473709175,0.00015430652473709175,1m,77655.355389
2024-11-07 06:17:00,1gFK5zcGnKsVtCCNLDttPCDRHfjQBNE9o9sh1fwpump,0.0001587335221824742,0.0001587335221824742,0.00015526788634388,0.00015526788634388,1m,2186917.255491
2024-11-07 06:18:00,1gFK5zcGnKsVtCCNLDttPCDRHfjQBNE9o9sh1fwpump,0.00016401289255862713,0.00016401289255862713,0.0001587335221824742,0.0001587335221824742,1m,2068783.351323
2024-11-07 06:19:00,1gFK5zcGnKsVtCCNLDttPCDRHfjQBNE9o9sh1fwpump,0.00016482541922832773,0.00016482541922832773,0.00016401289255862713,0.00016401289255862713,1m,50917.274986000004
2024-11-07 06:20:00,1gFK5zcGnKsVtCCNLDttPCDRHfjQBNE9o9sh1fwpump,0.00016125021515088625,0.00016482541922832773,0.00016125021515088625,0.00016482541922832773,1m,2341534.35823
2024-11-07 06:21:00,1gFK5zcGnKsVtCCNLDttPCDRHfjQBNE9o9sh1fwpump,0.00015886334723296525,0.00016125021515088625,0.00015886334723296525,0.00016125021515088625,1m,400038.013549
2024-11-07 06:22:00,1gFK5zcGnKsVtCCNLDttPCDRHfjQBNE9o9sh1fwpump,0.00015940413241746643,0.00015940413241746643,0.00015850647275194606,0.00015886334723296525,1m,190126.58680699999
2024-11-07 06:23:00,1gFK5zcGnKsVtCCNLDttPCDRHfjQBNE9o9sh1fwpump,0.00015940413241746643,0.00015940413241746643,0.00015940413241746643,0.00015940413241746643,1m,0.0
2024-11-07 06:24:00,1gFK5zcGnKsVtCCNLDttPCDRHfjQBNE9o9sh1fwpump,0.0001611618051123455,0.0001611618051123455,0.00015940413241746643,0.00015940413241746643,1m,806636.5036930001
2024-11-07 06:25:00,1gFK5zcGnKsVtCCNLDttPCDRHfjQBNE9o9sh1fwpump,0.0001615493717896048,0.0001615493717896048,0.0001605105411292706,0.0001611618051123455,1m,375115.24427599995
2024-11-07 06:26:00,1gFK5zcGnKsVtCCNLDttPCDRHfjQBNE9o9sh1fwpump,0.00016091043607159843,0.0001615493717896048,0.00016091043607159843,0.0001615493717896048,1m,57375.180152
2024-11-07 06:27:00,1gFK5zcGnKsVtCCNLDttPCDRHfjQBNE9o9sh1fwpump,0.00016604552114636546,0.00016604552114636546,0.00016091043607159843,0.00016091043607159843,1m,2294704.172377
2024-11-07 06:28:00,1gFK5zcGnKsVtCCNLDttPCDRHfjQBNE9o9sh1fwpump,0.0001685139319862122,0.00018602276694886365,0.00016604552114636546,0.00016604552114636546,1m,15181482.321027
2024-11-07 06:29:00,1gFK5zcGnKsVtCCNLDttPCDRHfjQBNE9o9sh1fwpump,0.00016973536817175205,0.00016973536817175205,0.0001685139319862122,0.0001685139319862122,1m,566235.442568
2024-11-07 06:30:00,1gFK5zcGnKsVtCCNLDttPCDRHfjQBNE9o9sh1fwpump,0.0001703469455377159,0.0001703469455377159,0.00016973536817175205,0.00016973536817175205,1m,232384.56710500002
2024-11-07 06:31:00,1gFK5zcGnKsVtCCNLDttPCDRHfjQBNE9o9sh1fwpump,0.00017649532678718947,0.00017649532678718947,0.0001703469455377159,0.0001703469455377159,1m,2929628.611257
2024-11-07 06:32:00,1gFK5zcGnKsVtCCNLDttPCDRHfjQBNE9o9sh1fwpump,0.00018305427118243608,0.00018305427118243608,0.00017649532678718947,0.00017649532678718947,1m,2589026.780193
2024-11-07 06:33:00,1gFK5zcGnKsVtCCNLDttPCDRHfjQBNE9o9sh1fwpump,0.00018721596290928493,0.00018721596290928493,0.00018305427118243608,0.00018305427118243608,1m,1307953.764373
2024-11-07 06:34:00,1gFK5zcGnKsVtCCNLDttPCDRHfjQBNE9o9sh1fwpump,0.00018913030403798083,0.00018913030403798083,0.00018721596290928493,0.00018721596290928493,1m,988907.015671
2024-11-07 06:35:00,1gFK5zcGnKsVtCCNLDttPCDRHfjQBNE9o9sh1fwpump,0.00018232031435731988,0.0001904364650020536,0.00018232031435731988,0.00018913030403798083,1m,3009853.7511259997
2024-11-07 06:36:00,1gFK5zcGnKsVtCCNLDttPCDRHfjQBNE9o9sh1fwpump,0.0001862259966292891,0.0001862259966292891,0.00018232031435731988,0.00018232031435731988,1m,1771890.288313
2024-11-07 06:37:00,1gFK5zcGnKsVtCCNLDttPCDRHfjQBNE9o9sh1fwpump,0.0001878789707931115,0.0001878789707931115,0.0001862259966292891,0.0001862259966292891,1m,293619.10742
2024-11-07 06:38:00,1gFK5zcGnKsVtCCNLDttPCDRHfjQBNE9o9sh1fwpump,0.00018843160571902864,0.00018843160571902864,0.0001878789707931115,0.0001878789707931115,1m,129608.313486
2024-11-07 06:39:00,1gFK5zcGnKsVtCCNLDttPCDRHfjQBNE9o9sh1fwpump,0.0001819443044031226,0.00018843160571902864,0.0001819443044031226,0.00018843160571902864,1m,5828677.289743999
2024-11-07 06:40:00,1gFK5zcGnKsVtCCNLDttPCDRHfjQBNE9o9sh1fwpump,0.00017918818265957756,0.0001819443044031226,0.00017918818265957756,0.0001819443044031226,1m,466094.462556
2024-11-07 06:41:00,1gFK5zcGnKsVtCCNLDttPCDRHfjQBNE9o9sh1fwpump,0.00018037708645367526,0.00018037708645367526,0.00017918818265957756,0.00017918818265957756,1m,216950.707302
2024-11-07 06:42:00,1gFK5zcGnKsVtCCNLDttPCDRHfjQBNE9o9sh1fwpump,0.0001794103982331205,0.00018037708645367526,0.0001794103982331205,0.00018037708645367526,1m,128506.642822
2024-11-07 06:43:00,1gFK5zcGnKsVtCCNLDttPCDRHfjQBNE9o9sh1fwpump,0.00017771144661613437,0.0001801479021876358,0.00017771144661613437,0.0001794103982331205,1m,1344845.635444
2024-11-07 06:44:00,1gFK5zcGnKsVtCCNLDttPCDRHfjQBNE9o9sh1fwpump,0.00018013554820326032,0.00018013554820326032,0.00017771144661613437,0.00017771144661613437,1m,1397096.4591559998
2024-11-07 06:45:00,1gFK5zcGnKsVtCCNLDttPCDRHfjQBNE9o9sh1fwpump,0.00018013554820326032,0.00018013554820326032,0.00018013554820326032,0.00018013554820326032,1m,0.0
2024-11-07 06:46:00,1gFK5zcGnKsVtCCNLDttPCDRHfjQBNE9o9sh1fwpump,0.0001675585391490665,0.00018093319867644033,0.0001675585391490665,0.00018013554820326032,1m,5165919.790333
2024-11-07 06:47:00,1gFK5zcGnKsVtCCNLDttPCDRHfjQBNE9o9sh1fwpump,0.0001958678345319389,0.00019653403806094434,0.00016651527619097875,0.0001675585391490665,1m,16211319.681862
2024-11-07 06:48:00,1gFK5zcGnKsVtCCNLDttPCDRHfjQBNE9o9sh1fwpump,0.00019659121776888536,0.00019659121776888536,0.0001958678345319389,0.0001958678345319389,1m,239625.094528
2024-11-07 06:49:00,1gFK5zcGnKsVtCCNLDttPCDRHfjQBNE9o9sh1fwpump,0.00020022206275426992,0.00020022206275426992,0.00019659121776888536,0.00019659121776888536,1m,1152227.908682
2024-11-07 06:50:00,1gFK5zcGnKsVtCCNLDttPCDRHfjQBNE9o9sh1fwpump,0.00020347494088752803,0.00020347494088752803,0.00020022206275426992,0.00020022206275426992,1m,840227.376925
2024-11-07 06:51:00,1gFK5zcGnKsVtCCNLDttPCDRHfjQBNE9o9sh1fwpump,0.00020911437240937858,0.00020911437240937858,0.00020347494088752803,0.00020347494088752803,1m,1654357.351219
2024-11-07 06:52:00,1gFK5zcGnKsVtCCNLDttPCDRHfjQBNE9o9sh1fwpump,0.00021415792764202586,0.00021415792764202586,0.00020911437240937858,0.00020911437240937858,1m,1425935.021569
2024-11-07 06:53:00,1gFK5zcGnKsVtCCNLDttPCDRHfjQBNE9o9sh1fwpump,0.00020969506202250264,0.00021487751638402634,0.00020956953861647903,0.00021415792764202586,1m,1751092.0904100004
2024-11-07 06:54:00,1gFK5zcGnKsVtCCNLDttPCDRHfjQBNE9o9sh1fwpump,0.000204935738905666,0.00020969506202250264,0.000204935738905666,0.00020969506202250264,1m,1570744.020243
2024-11-07 06:55:00,1gFK5zcGnKsVtCCNLDttPCDRHfjQBNE9o9sh1fwpump,0.00020550981299886602,0.00020585125957588786,0.00020278195460120415,0.000204935738905666,1m,2271242.388927
2024-11-07 06:56:00,1gFK5zcGnKsVtCCNLDttPCDRHfjQBNE9o9sh1fwpump,0.00020551555844187174,0.00020614418361996899,0.00020550981299886602,0.00020550981299886602,1m,237341.37097999998
2024-11-07 06:57:00,1gFK5zcGnKsVtCCNLDttPCDRHfjQBNE9o9sh1fwpump,0.00020399788675843204,0.00020551555844187174,0.00020399788675843204,0.00020551555844187174,1m,1097167.839977
2024-11-07 06:58:00,1gFK5zcGnKsVtCCNLDttPCDRHfjQBNE9o9sh1fwpump,0.00020399788675843204,0.00020399788675843204,0.00020399788675843204,0.00020399788675843204,1m,0.0
2024-11-07 06:59:00,1gFK5zcGnKsVtCCNLDttPCDRHfjQBNE9o9sh1fwpump,0.00020257680532511025,0.00020399788675843204,0.00020111414782888605,0.00020399788675843204,1m,966370.225453
2024-11-07 07:00:00,1gFK5zcGnKsVtCCNLDttPCDRHfjQBNE9o9sh1fwpump,0.00020278309045333815,0.00020406350634014967,0.00020257680532511025,0.00020257680532511025,1m,239605.435182
2024-11-07 07:01:00,1gFK5zcGnKsVtCCNLDttPCDRHfjQBNE9o9sh1fwpump,0.0002038153989632547,0.0002038153989632547,0.00020278309045333815,0.00020278309045333815,1m,59960.926114999995
2024-11-07 07:02:00,1gFK5zcGnKsVtCCNLDttPCDRHfjQBNE9o9sh1fwpump,0.0002038176862489415,0.0002038176862489415,0.0002038153989632547,0.0002038153989632547,1m,2956.976045
2024-11-07 07:03:00,1gFK5zcGnKsVtCCNLDttPCDRHfjQBNE9o9sh1fwpump,0.00020292650801473838,0.0002038176862489415,0.00020292650801473838,0.0002038176862489415,1m,24525.508131
2024-11-07 07:04:00,1gFK5zcGnKsVtCCNLDttPCDRHfjQBNE9o9sh1fwpump,0.00020363916829541486,0.00020363916829541486,0.00020292650801473838,0.00020292650801473838,1m,3651.35211
2024-11-07 07:05:00,1gFK5zcGnKsVtCCNLDttPCDRHfjQBNE9o9sh1fwpump,0.00020445669099416268,0.00020445669099416268,0.00020225585296079535,0.00020363916829541486,1m,1158496.769666
2024-11-07 07:06:00,1gFK5zcGnKsVtCCNLDttPCDRHfjQBNE9o9sh1fwpump,0.00021492056398716498,0.00021492056398716498,0.00020445669099416268,0.00020445669099416268,1m,3243533.8624269995
2024-11-07 07:07:00,1gFK5zcGnKsVtCCNLDttPCDRHfjQBNE9o9sh1fwpump,0.0002255000026582766,0.0002255000026582766,0.00021492056398716498,0.00021492056398716498,1m,3517578.5705109998
2024-11-07 07:08:00,1gFK5zcGnKsVtCCNLDttPCDRHfjQBNE9o9sh1fwpump,0.00023226307476768,0.00023384684110954753,0.00022455907626122172,0.0002255000026582766,1m,3426142.8430309994
2024-11-07 07:09:00,1gFK5zcGnKsVtCCNLDttPCDRHfjQBNE9o9sh1fwpump,0.00023208188344418773,0.00023277668859540622,0.0002301197183412201,0.00023226307476768,1m,1070876.032082
2024-11-07 07:10:00,1gFK5zcGnKsVtCCNLDttPCDRHfjQBNE9o9sh1fwpump,0.00023837055316323178,0.00023837055316323178,0.00023208188344418773,0.00023208188344418773,1m,1700372.087416
2024-11-07 07:11:00,1gFK5zcGnKsVtCCNLDttPCDRHfjQBNE9o9sh1fwpump,0.00024642753650868683,0.0002472937542339574,0.00023726597498348453,0.00023837055316323178,1m,4449474.732103
2024-11-07 07:12:00,1gFK5zcGnKsVtCCNLDttPCDRHfjQBNE9o9sh1fwpump,0.00024986357350832613,0.00024986357350832613,0.00024511747551949384,0.00024642753650868683,1m,2119423.114491
2024-11-07 07:13:00,1gFK5zcGnKsVtCCNLDttPCDRHfjQBNE9o9sh1fwpump,0.0002523235682526183,0.00026713206920704965,0.0002492347789795382,0.00024986357350832613,1m,8304405.726674
2024-11-07 07:14:00,1gFK5zcGnKsVtCCNLDttPCDRHfjQBNE9o9sh1fwpump,0.00023197970959639664,0.0002523235682526183,0.00023197970959639664,0.0002523235682526183,1m,5496176.484624
2024-11-07 07:15:00,1gFK5zcGnKsVtCCNLDttPCDRHfjQBNE9o9sh1fwpump,0.00023601656951399252,0.00023868553243350617,0.00022954823043521092,0.00023197970959639664,1m,3259391.460801
2024-11-07 07:16:00,1gFK5zcGnKsVtCCNLDttPCDRHfjQBNE9o9sh1fwpump,0.00023470487374697554,0.0002360864295044638,0.00023470487374697554,0.00023601656951399252,1m,457507.541159
2024-11-07 07:17:00,1gFK5zcGnKsVtCCNLDttPCDRHfjQBNE9o9sh1fwpump,0.00021314788134186595,0.00023564166244358537,0.00021074325053627133,0.00023470487374697554,1m,10865287.906789001
2024-11-07 07:18:00,1gFK5zcGnKsVtCCNLDttPCDRHfjQBNE9o9sh1fwpump,0.00021487162562407053,0.00021487162562407053,0.00021314788134186595,0.00021314788134186595,1m,558978.704282
2024-11-07 07:19:00,1gFK5zcGnKsVtCCNLDttPCDRHfjQBNE9o9sh1fwpump,0.00021384182339814192,0.00021540914385237078,0.00021284087117561518,0.00021487162562407053,1m,1262125.8079
2024-11-07 07:20:00,1gFK5zcGnKsVtCCNLDttPCDRHfjQBNE9o9sh1fwpump,0.0002140123899580758,0.0002140123899580758,0.0002113970514795779,0.00021384182339814192,1m,2440615.951885
2024-11-07 07:21:00,1gFK5zcGnKsVtCCNLDttPCDRHfjQBNE9o9sh1fwpump,0.00021535308291953191,0.00021573328644542062,0.0002140123899580758,0.0002140123899580758,1m,215906.840627
2024-11-07 07:22:00,1gFK5zcGnKsVtCCNLDttPCDRHfjQBNE9o9sh1fwpump,0.00021827603152000733,0.00021827603152000733,0.00021535308291953191,0.00021535308291953191,1m,978431.758257
2024-11-07 07:23:00,1gFK5zcGnKsVtCCNLDttPCDRHfjQBNE9o9sh1fwpump,0.0002207367146351188,0.0002207367146351188,0.00021827603152000733,0.00021827603152000733,1m,199886.171566
2024-11-07 07:24:00,1gFK5zcGnKsVtCCNLDttPCDRHfjQBNE9o9sh1fwpump,0.00022101047799784413,0.00022101047799784413,0.0002207367146351188,0.0002207367146351188,1m,3011.415001
2024-11-07 07:25:00,1gFK5zcGnKsVtCCNLDttPCDRHfjQBNE9o9sh1fwpump,0.0002311854157687493,0.0002311854157687493,0.00022101047799784413,0.00022101047799784413,1m,3146336.5200349996
2024-11-07 07:26:00,1gFK5zcGnKsVtCCNLDttPCDRHfjQBNE9o9sh1fwpump,0.00023181836367092148,0.00023374165212212806,0.0002311854157687493,0.0002311854157687493,1m,1021475.9361009999
2024-11-07 07:27:00,1gFK5zcGnKsVtCCNLDttPCDRHfjQBNE9o9sh1fwpump,0.00023181836367092148,0.00023181836367092148,0.00023181836367092148,0.00023181836367092148,1m,0.0
2024-11-07 07:28:00,1gFK5zcGnKsVtCCNLDttPCDRHfjQBNE9o9sh1fwpump,0.00023256871946181716,0.00023256871946181716,0.00023097419353316226,0.00023181836367092148,1m,428691.339827
2024-11-07 07:29:00,1gFK5zcGnKsVtCCNLDttPCDRHfjQBNE9o9sh1fwpump,0.00023256871946181716,0.00023256871946181716,0.00023256871946181716,0.00023256871946181716,1m,0.0
2024-11-07 07:30:00,1gFK5zcGnKsVtCCNLDttPCDRHfjQBNE9o9sh1fwpump,0.00023510076517226167,0.00023510076517226167,0.00023256871946181716,0.00023256871946181716,1m,730230.464778
2024-11-07 07:31:00,1gFK5zcGnKsVtCCNLDttPCDRHfjQBNE9o9sh1fwpump,0.00023709029377952484,0.00023709029377952484,0.00023510076517226167,0.00023510076517226167,1m,462937.956266
2024-11-07 07:32:00,1gFK5zcGnKsVtCCNLDttPCDRHfjQBNE9o9sh1fwpump,0.0002214765676241626,0.00023802883621613192,0.0002214765676241626,0.00023709029377952484,1m,5400129.378257
2024-11-07 07:33:00,1gFK5zcGnKsVtCCNLDttPCDRHfjQBNE9o9sh1fwpump,0.00022437637392548992,0.00022582879165911881,0.0002214765676241626,0.0002214765676241626,1m,2223587.7248029998
2024-11-07 07:34:00,1gFK5zcGnKsVtCCNLDttPCDRHfjQBNE9o9sh1fwpump,0.00022145283351676607,0.00022437637392548992,0.00022145283351676607,0.00022437637392548992,1m,1034319.90978
2024-11-07 07:35:00,1gFK5zcGnKsVtCCNLDttPCDRHfjQBNE9o9sh1fwpump,0.0002209674315254086,0.00022145283351676607,0.0002209674315254086,0.00022145283351676607,1m,86330.595794
2024-11-07 07:36:00,1gFK5zcGnKsVtCCNLDttPCDRHfjQBNE9o9sh1fwpump,0.00021091170478941277,0.0002209674315254086,0.00021091170478941277,0.0002209674315254086,1m,2729026.938204
2024-11-07 07:37:00,1gFK5zcGnKsVtCCNLDttPCDRHfjQBNE9o9sh1fwpump,0.00020945102003112374,0.00021091170478941277,0.00020945102003112374,0.00021091170478941277,1m,633410.286326
2024-11-07 07:38:00,1gFK5zcGnKsVtCCNLDttPCDRHfjQBNE9o9sh1fwpump,0.00021266173610858633,0.00021266173610858633,0.00020945102003112374,0.00020945102003112374,1m,1442414.627167
2024-11-07 07:39:00,1gFK5zcGnKsVtCCNLDttPCDRHfjQBNE9o9sh1fwpump,0.00018341601964891576,0.00021266173610858633,0.00018341601964891576,0.00021266173610858633,1m,16254502.118822
2024-11-07 07:40:00,1gFK5zcGnKsVtCCNLDttPCDRHfjQBNE9o9sh1fwpump,0.00017902606125733012,0.00018341601964891576,0.00017775367986264267,0.00018341601964891576,1m,1179101.951991
2024-11-07 07:41:00,1gFK5zcGnKsVtCCNLDttPCDRHfjQBNE9o9sh1fwpump,0.00017902606125733012,0.00017902606125733012,0.00017902606125733012,0.00017902606125733012,1m,0.0
2024-11-07 07:42:00,1gFK5zcGnKsVtCCNLDttPCDRHfjQBNE9o9sh1fwpump,0.00019137952048395353,0.00019137952048395353,0.00017902606125733012,0.00017902606125733012,1m,4012113.953477
2024-11-07 07:43:00,1gFK5zcGnKsVtCCNLDttPCDRHfjQBNE9o9sh1fwpump,0.00019137952048395353,0.00019137952048395353,0.00019137952048395353,0.00019137952048395353,1m,0.0
2024-11-07 07:44:00,1gFK5zcGnKsVtCCNLDttPCDRHfjQBNE9o9sh1fwpump,0.0001894987823487929,0.00019137952048395353,0.0001894987823487929,0.00019137952048395353,1m,479853.167408
2024-11-07 07:45:00,1gFK5zcGnKsVtCCNLDttPCDRHfjQBNE9o9sh1fwpump,0.0002045549098288864,0.0002045549098288864,0.0001894987823487929,0.0001894987823487929,1m,5559185.57445
2024-11-07 07:46:00,1gFK5zcGnKsVtCCNLDttPCDRHfjQBNE9o9sh1fwpump,0.00020368555950229638,0.0002045549098288864,0.00020368555950229638,0.0002045549098288864,1m,165042.366992
2024-11-07 07:47:00,1gFK5zcGnKsVtCCNLDttPCDRHfjQBNE9o9sh1fwpump,0.00020931915894717738,0.00020931915894717738,0.00020332150331355984,0.00020368555950229638,1m,2958654.038438
2024-11-07 07:48:00,1gFK5zcGnKsVtCCNLDttPCDRHfjQBNE9o9sh1fwpump,0.00021551511710912703,0.00021551511710912703,0.00020931915894717738,0.00020931915894717738,1m,916093.186079
2024-11-07 07:49:00,1gFK5zcGnKsVtCCNLDttPCDRHfjQBNE9o9sh1fwpump,0.0002161964299778609,0.0002161964299778609,0.00021551511710912703,0.00021551511710912703,1m,9337.983765
2024-11-07 07:50:00,1gFK5zcGnKsVtCCNLDttPCDRHfjQBNE9o9sh1fwpump,0.00021568087292398849,0.00021714226182498991,0.00021568087292398849,0.0002161964299778609,1m,219959.790481
2024-11-07 07:51:00,1gFK5zcGnKsVtCCNLDttPCDRHfjQBNE9o9sh1fwpump,0.00021568087292398849,0.00021568087292398849,0.00021568087292398849,0.00021568087292398849,1m,0.0
2024-11-07 07:52:00,1gFK5zcGnKsVtCCNLDttPCDRHfjQBNE9o9sh1fwpump,0.00021895166938065052,0.00021895166938065052,0.00021568087292398849,0.00021568087292398849,1m,1107572.015817
2024-11-07 07:53:00,1gFK5zcGnKsVtCCNLDttPCDRHfjQBNE9o9sh1fwpump,0.00022598869349889185,0.00022598869349889185,0.00021895166938065052,0.00021895166938065052,1m,1634827.775704
2024-11-07 07:54:00,1gFK5zcGnKsVtCCNLDttPCDRHfjQBNE9o9sh1fwpump,0.00024316712340362057,0.0002479690127685014,0.00022598869349889185,0.00022598869349889185,1m,8422360.373619
2024-11-07 07:55:00,1gFK5zcGnKsVtCCNLDttPCDRHfjQBNE9o9sh1fwpump,0.00024567606390383303,0.00024567606390383303,0.00024316712340362057,0.00024316712340362057,1m,1059206.559364
2024-11-07 07:56:00,1gFK5zcGnKsVtCCNLDttPCDRHfjQBNE9o9sh1fwpump,0.00023906195765103358,0.0002466833324969715,0.00023906195765103358,0.00024567606390383303,1m,3149166.663099
2024-11-07 07:57:00,1gFK5zcGnKsVtCCNLDttPCDRHfjQBNE9o9sh1fwpump,0.00023442830038253507,0.00023906195765103358,0.00023202722986191877,0.00023906195765103358,1m,1159413.5491880002
2024-11-07 07:58:00,1gFK5zcGnKsVtCCNLDttPCDRHfjQBNE9o9sh1fwpump,0.00023984000197402916,0.00023984000197402916,0.00023442830038253507,0.00023442830038253507,1m,1838355.970952
2024-11-07 07:59:00,1gFK5zcGnKsVtCCNLDttPCDRHfjQBNE9o9sh1fwpump,0.00034060138596045695,0.00034060138596045695,0.00023984000197402916,0.00023984000197402916,1m,57746011.616892
2024-11-07 08:00:00,1gFK5zcGnKsVtCCNLDttPCDRHfjQBNE9o9sh1fwpump,0.0003565864514651964,0.000359331923147078,0.00030857404562582906,0.00034060138596045695,1m,32578313.807981994
2024-11-07 08:01:00,1gFK5zcGnKsVtCCNLDttPCDRHfjQBNE9o9sh1fwpump,0.00034539284543075516,0.0003734163662304933,0.0003320096836164157,0.0003565864514651964,1m,25503146.581808005
2024-11-07 08:02:00,1gFK5zcGnKsVtCCNLDttPCDRHfjQBNE9o9sh1fwpump,0.0003599519918661905,0.00036208845546023544,0.00034246320572596674,0.00034539284543075516,1m,4004625.9991200003
2024-11-07 08:03:00,1gFK5zcGnKsVtCCNLDttPCDRHfjQBNE9o9sh1fwpump,0.0003605037770087953,0.00036835961113987575,0.0003538078933340785,0.0003599519918661905,1m,8253445.732601998
2024-11-07 08:04:00,1gFK5zcGnKsVtCCNLDttPCDRHfjQBNE9o9sh1fwpump,0.00033451435539064915,0.000372873923348657,0.000314585917561184,0.0003605037770087953,1m,14982557.838357005
2024-11-07 08:05:00,1gFK5zcGnKsVtCCNLDttPCDRHfjQBNE9o9sh1fwpump,0.00033404713376564523,0.0003522120150283787,0.00032765868687480555,0.00033451435539064915,1m,16695567.924024997
2024-11-07 08:06:00,1gFK5zcGnKsVtCCNLDttPCDRHfjQBNE9o9sh1fwpump,0.000321966145970951,0.00033404713376564523,0.0003060676070831274,0.00033404713376564523,1m,8688172.313971002
2024-11-07 08:07:00,1gFK5zcGnKsVtCCNLDttPCDRHfjQBNE9o9sh1fwpump,0.00032108815369970913,0.00032573729130403286,0.00032108815369970913,0.000321966145970951,1m,2624437.1346680005
2024-11-07 08:08:00,1gFK5zcGnKsVtCCNLDttPCDRHfjQBNE9o9sh1fwpump,0.00032257058682694635,0.0003235293723191124,0.0003171977849180501,0.00032108815369970913,1m,2939211.682938
2024-11-07 08:09:00,1gFK5zcGnKsVtCCNLDttPCDRHfjQBNE9o9sh1fwpump,0.00034315528461988164,0.00034315528461988164,0.0003224370549364881,0.00032257058682694635,1m,3209509.128593001
2024-11-07 08:10:00,1gFK5zcGnKsVtCCNLDttPCDRHfjQBNE9o9sh1fwpump,0.0003360676541983871,0.00034534987958818544,0.0003360676541983871,0.00034315528461988164,1m,2163386.366291
2024-11-07 08:11:00,1gFK5zcGnKsVtCCNLDttPCDRHfjQBNE9o9sh1fwpump,0.00033053393335364013,0.0003360676541983871,0.00033053393335364013,0.0003360676541983871,1m,772870.199007
2024-11-07 08:12:00,1gFK5zcGnKsVtCCNLDttPCDRHfjQBNE9o9sh1fwpump,0.00032223113129206275,0.00033223283758189524,0.00032223113129206275,0.00033053393335364013,1m,1831607.701717
2024-11-07 08:13:00,1gFK5zcGnKsVtCCNLDttPCDRHfjQBNE9o9sh1fwpump,0.0003169144909065331,0.00032223113129206275,0.0003113471439858544,0.00032223113129206275,1m,5732140.598209001
2024-11-07 08:14:00,1gFK5zcGnKsVtCCNLDttPCDRHfjQBNE9o9sh1fwpump,0.0003172777204675596,0.0003172777204675596,0.00031225780389067395,0.0003169144909065331,1m,1596007.461479
2024-11-07 08:15:00,1gFK5zcGnKsVtCCNLDttPCDRHfjQBNE9o9sh1fwpump,0.00031858288673243404,0.00031858288673243404,0.0003129074339983554,0.0003172777204675596,1m,2970259.513001
2024-11-07 08:16:00,1gFK5zcGnKsVtCCNLDttPCDRHfjQBNE9o9sh1fwpump,0.0003169142347762653,0.00031858288673243404,0.00031586126046455185,0.00031858288673243404,1m,1261172.424817
2024-11-07 08:17:00,1gFK5zcGnKsVtCCNLDttPCDRHfjQBNE9o9sh1fwpump,0.0003170590011976385,0.00031927604342467944,0.00031496334939694646,0.0003169142347762653,1m,1066426.446055
2024-11-07 08:18:00,1gFK5zcGnKsVtCCNLDttPCDRHfjQBNE9o9sh1fwpump,0.0003147389045028454,0.0003170590011976385,0.00031230471904919975,0.0003170590011976385,1m,1002684.2611389998
2024-11-07 08:19:00,1gFK5zcGnKsVtCCNLDttPCDRHfjQBNE9o9sh1fwpump,0.00031625341853679854,0.0003181884607049359,0.0003147389045028454,0.0003147389045028454,1m,1089078.98931
2024-11-07 08:20:00,1gFK5zcGnKsVtCCNLDttPCDRHfjQBNE9o9sh1fwpump,0.0003134580464998808,0.00031625341853679854,0.0003134580464998808,0.00031625341853679854,1m,372005.26905
2024-11-07 08:21:00,1gFK5zcGnKsVtCCNLDttPCDRHfjQBNE9o9sh1fwpump,0.00031149490067370906,0.0003134580464998808,0.00031149490067370906,0.0003134580464998808,1m,624632.822566
2024-11-07 08:22:00,1gFK5zcGnKsVtCCNLDttPCDRHfjQBNE9o9sh1fwpump,0.0003225278183137351,0.0003244852595307995,0.00030802816053324426,0.00031149490067370906,1m,3518340.3604619997
2024-11-07 08:23:00,1gFK5zcGnKsVtCCNLDttPCDRHfjQBNE9o9sh1fwpump,0.0003362200686336707,0.0003362200686336707,0.0003225278183137351,0.0003225278183137351,1m,2028144.6445840003
2024-11-07 08:24:00,1gFK5zcGnKsVtCCNLDttPCDRHfjQBNE9o9sh1fwpump,0.00033614356417841976,0.0003378464145205721,0.00033614356417841976,0.0003362200686336707,1m,449786.22164199996
2024-11-07 08:25:00,1gFK5zcGnKsVtCCNLDttPCDRHfjQBNE9o9sh1fwpump,0.00033690516120178724,0.00033713410070446864,0.00033456211811210023,0.00033614356417841976,1m,660889.443611
2024-11-07 08:26:00,1gFK5zcGnKsVtCCNLDttPCDRHfjQBNE9o9sh1fwpump,0.0003389218277603954,0.0003462228440325299,0.00033690516120178724,0.00033690516120178724,1m,2999095.216399
2024-11-07 08:27:00,1gFK5zcGnKsVtCCNLDttPCDRHfjQBNE9o9sh1fwpump,0.00033457039496163085,0.0003389218277603954,0.00033455750369290783,0.0003389218277603954,1m,460485.3087
2024-11-07 08:28:00,1gFK5zcGnKsVtCCNLDttPCDRHfjQBNE9o9sh1fwpump,0.0003374209265901957,0.0003374209265901957,0.0003342096270222765,0.00033457039496163085,1m,473607.603954
2024-11-07 08:29:00,1gFK5zcGnKsVtCCNLDttPCDRHfjQBNE9o9sh1fwpump,0.0003405592130894583,0.0003405592130894583,0.0003374209265901957,0.0003374209265901957,1m,333023.90602600004
2024-11-07 08:30:00,1gFK5zcGnKsVtCCNLDttPCDRHfjQBNE9o9sh1fwpump,0.00034318542084824533,0.00034318542084824533,0.00034049950506878857,0.0003405592130894583,1m,1160070.847796
2024-11-07 08:31:00,1gFK5zcGnKsVtCCNLDttPCDRHfjQBNE9o9sh1fwpump,0.00038751774065528296,0.00038751774065528296,0.0003420108856173363,0.00034318542084824533,1m,6570613.004657
2024-11-07 08:32:00,1gFK5zcGnKsVtCCNLDttPCDRHfjQBNE9o9sh1fwpump,0.0003780963343989983,0.00038840353748166936,0.0003775061608091104,0.00038751774065528296,1m,2469015.2162049995
2024-11-07 08:33:00,1gFK5zcGnKsVtCCNLDttPCDRHfjQBNE9o9sh1fwpump,0.00038162065936052115,0.00038162065936052115,0.0003735765348784727,0.0003780963343989983,1m,2453166.141626
2024-11-07 08:34:00,1gFK5zcGnKsVtCCNLDttPCDRHfjQBNE9o9sh1fwpump,0.00038162065936052115,0.00038162065936052115,0.00038162065936052115,0.00038162065936052115,1m,0.0
2024-11-07 08:35:00,1gFK5zcGnKsVtCCNLDttPCDRHfjQBNE9o9sh1fwpump,0.0003882459527343334,0.0003882459527343334,0.00038162065936052115,0.00038162065936052115,1m,179126.824348
2024-11-07 08:36:00,1gFK5zcGnKsVtCCNLDttPCDRHfjQBNE9o9sh1fwpump,0.0003942180887263593,0.0003942180887263593,0.0003882459527343334,0.0003882459527343334,1m,716055.568087
2024-11-07 08:37:00,1gFK5zcGnKsVtCCNLDttPCDRHfjQBNE9o9sh1fwpump,0.0003999892267433105,0.0004148442268583668,0.0003914709072473988,0.0003942180887263593,1m,5283057.776939001
2024-11-07 08:38:00,1gFK5zcGnKsVtCCNLDttPCDRHfjQBNE9o9sh1fwpump,0.0004023890768865661,0.0004023890768865661,0.00039990978970162256,0.0003999892267433105,1m,541975.407804
2024-11-07 08:39:00,1gFK5zcGnKsVtCCNLDttPCDRHfjQBNE9o9sh1fwpump,0.0003936152725283687,0.0004023890768865661,0.00039309619213411304,0.0004023890768865661,1m,1232485.903072
2024-11-07 08:40:00,1gFK5zcGnKsVtCCNLDttPCDRHfjQBNE9o9sh1fwpump,0.00037015356115383224,0.0003936152725283687,0.00037015356115383224,0.0003936152725283687,1m,2979921.1291900002
2024-11-07 08:41:00,1gFK5zcGnKsVtCCNLDttPCDRHfjQBNE9o9sh1fwpump,0.00037189615440426203,0.00037189615440426203,0.00037015356115383224,0.00037015356115383224,1m,63745.362552
2024-11-07 08:42:00,1gFK5zcGnKsVtCCNLDttPCDRHfjQBNE9o9sh1fwpump,0.0003747824384676617,0.0003747824384676617,0.00037090890722978097,0.00037189615440426203,1m,760440.891882
2024-11-07 08:43:00,1gFK5zcGnKsVtCCNLDttPCDRHfjQBNE9o9sh1fwpump,0.00037398398272633275,0.0003747824384676617,0.00037398398272633275,0.0003747824384676617,1m,374810.526499
2024-11-07 08:44:00,1gFK5zcGnKsVtCCNLDttPCDRHfjQBNE9o9sh1fwpump,0.00037631040112292424,0.00037631040112292424,0.00037398398272633275,0.00037398398272633275,1m,502199.897081
2024-11-07 08:45:00,1gFK5zcGnKsVtCCNLDttPCDRHfjQBNE9o9sh1fwpump,0.00037631040112292424,0.00037631040112292424,0.00037631040112292424,0.00037631040112292424,1m,0.0
2024-11-07 08:46:00,1gFK5zcGnKsVtCCNLDttPCDRHfjQBNE9o9sh1fwpump,0.0003594915970104621,0.00038338608462631663,0.0003594915970104621,0.00037631040112292424,1m,7146079.243987
2024-11-07 08:47:00,1gFK5zcGnKsVtCCNLDttPCDRHfjQBNE9o9sh1fwpump,0.00034461427693509696,0.0003594915970104621,0.00034461427693509696,0.0003594915970104621,1m,3415917.082373
2024-11-07 08:48:00,1gFK5zcGnKsVtCCNLDttPCDRHfjQBNE9o9sh1fwpump,0.00033465614160300505,0.0003458951985211751,0.00033430244705279834,0.00034461427693509696,1m,2273261.7411540006
2024-11-07 08:49:00,1gFK5zcGnKsVtCCNLDttPCDRHfjQBNE9o9sh1fwpump,0.00032666357851948073,0.00033465614160300505,0.00032666357851948073,0.00033465614160300505,1m,2730875.482456
2024-11-07 08:50:00,1gFK5zcGnKsVtCCNLDttPCDRHfjQBNE9o9sh1fwpump,0.00033020887783436685,0.00033020887783436685,0.00032666357851948073,0.00032666357851948073,1m,487929.925516
2024-11-07 08:51:00,1gFK5zcGnKsVtCCNLDttPCDRHfjQBNE9o9sh1fwpump,0.00033036458658903314,0.00033036458658903314,0.0003286475756674994,0.00033020887783436685,1m,36125.807547
2024-11-07 08:52:00,1gFK5zcGnKsVtCCNLDttPCDRHfjQBNE9o9sh1fwpump,0.0003310333686360318,0.0003310333686360318,0.00033036458658903314,0.00033036458658903314,1m,113246.537271
2024-11-07 08:53:00,1gFK5zcGnKsVtCCNLDttPCDRHfjQBNE9o9sh1fwpump,0.00033258728057084533,0.00033258728057084533,0.0003310333686360318,0.0003310333686360318,1m,293526.715859
2024-11-07 08:54:00,1gFK5zcGnKsVtCCNLDttPCDRHfjQBNE9o9sh1fwpump,0.00033567603891346195,0.00033567603891346195,0.00033258728057084533,0.00033258728057084533,1m,585958.616723
2024-11-07 08:55:00,1gFK5zcGnKsVtCCNLDttPCDRHfjQBNE9o9sh1fwpump,0.00033567603891346195,0.00033567603891346195,0.00033567603891346195,0.00033567603891346195,1m,0.0
2024-11-07 08:56:00,1gFK5zcGnKsVtCCNLDttPCDRHfjQBNE9o9sh1fwpump,0.0003372833314775192,0.0003372833314775192,0.0003352641179233751,0.00033567603891346195,1m,266874.264315
2024-11-07 08:57:00,1gFK5zcGnKsVtCCNLDttPCDRHfjQBNE9o9sh1fwpump,0.00034415153669050275,0.00034415153669050275,0.0003357512978684418,0.0003372833314775192,1m,1167320.1066420001
2024-11-07 08:58:00,1gFK5zcGnKsVtCCNLDttPCDRHfjQBNE9o9sh1fwpump,0.0003555552323605058,0.0003555552323605058,0.00034415153669050275,0.00034415153669050275,1m,2520843.654112
2024-11-07 08:59:00,1gFK5zcGnKsVtCCNLDttPCDRHfjQBNE9o9sh1fwpump,0.0003721416951673671,0.0003721416951673671,0.0003555552323605058,0.0003555552323605058,1m,2386209.427167
2024-11-07 09:00:00,1gFK5zcGnKsVtCCNLDttPCDRHfjQBNE9o9sh1fwpump,0.0003829133115319668,0.0003829133115319668,0.0003721416951673671,0.0003721416951673671,1m,1352950.452409
2024-11-07 09:01:00,1gFK5zcGnKsVtCCNLDttPCDRHfjQBNE9o9sh1fwpump,0.00038150420949270504,0.00038343557735737,0.00038018372954644537,0.0003829133115319668,1m,231949.812442
2024-11-07 09:02:00,1gFK5zcGnKsVtCCNLDttPCDRHfjQBNE9o9sh1fwpump,0.0003806666398868646,0.00038150420949270504,0.00037916951097698967,0.00038150420949270504,1m,170398.672358
2024-11-07 09:03:00,1gFK5zcGnKsVtCCNLDttPCDRHfjQBNE9o9sh1fwpump,0.00037431396784096794,0.0003819333890551942,0.00037431396784096794,0.0003806666398868646,1m,1391289.9142090003
2024-11-07 09:04:00,1gFK5zcGnKsVtCCNLDttPCDRHfjQBNE9o9sh1fwpump,0.0003736096216359933,0.0003749771037202102,0.0003736096216359933,0.00037431396784096794,1m,185755.221793
2024-11-07 09:05:00,1gFK5zcGnKsVtCCNLDttPCDRHfjQBNE9o9sh1fwpump,0.00033813848581181567,0.0003736096216359933,0.00033813848581181567,0.0003736096216359933,1m,5270463.870822
2024-11-07 09:06:00,1gFK5zcGnKsVtCCNLDttPCDRHfjQBNE9o9sh1fwpump,0.0003339102346087144,0.00033813848581181567,0.0003339102346087144,0.00033813848581181567,1m,472768.958321
2024-11-07 09:07:00,1gFK5zcGnKsVtCCNLDttPCDRHfjQBNE9o9sh1fwpump,0.00032953197054118674,0.0003339102346087144,0.00032953197054118674,0.0003339102346087144,1m,1211744.289903
2024-11-07 09:08:00,1gFK5zcGnKsVtCCNLDttPCDRHfjQBNE9o9sh1fwpump,0.00032908254525849956,0.00032953197054118674,0.00032908254525849956,0.00032953197054118674,1m,572515.237043
2024-11-07 09:09:00,1gFK5zcGnKsVtCCNLDttPCDRHfjQBNE9o9sh1fwpump,0.0003277944620686226,0.00032908254525849956,0.0003277944620686226,0.00032908254525849956,1m,380218.192245
2024-11-07 09:10:00,1gFK5zcGnKsVtCCNLDttPCDRHfjQBNE9o9sh1fwpump,0.0003277944620686226,0.0003277944620686226,0.0003277944620686226,0.0003277944620686226,1m,0.0
2024-11-07 09:11:00,1gFK5zcGnKsVtCCNLDttPCDRHfjQBNE9o9sh1fwpump,0.000329197750695273,0.000329197750695273,0.0003277944620686226,0.0003277944620686226,1m,338169.470546
2024-11-07 09:12:00,1gFK5zcGnKsVtCCNLDttPCDRHfjQBNE9o9sh1fwpump,0.0003305762496792863,0.0003305762496792863,0.000329197750695273,0.000329197750695273,1m,96844.766558
2024-11-07 09:13:00,1gFK5zcGnKsVtCCNLDttPCDRHfjQBNE9o9sh1fwpump,0.00033080160231671986,0.00033080160231671986,0.0003290380062886224,0.0003305762496792863,1m,89435.735845
2024-11-07 09:14:00,1gFK5zcGnKsVtCCNLDttPCDRHfjQBNE9o9sh1fwpump,0.00033080160231671986,0.00033080160231671986,0.00033080160231671986,0.00033080160231671986,1m,0.0
2024-11-07 09:15:00,1gFK5zcGnKsVtCCNLDttPCDRHfjQBNE9o9sh1fwpump,0.00034225324908091664,0.00034432973268533313,0.00033080160231671986,0.00033080160231671986,1m,2123249.837698
2024-11-07 09:16:00,1gFK5zcGnKsVtCCNLDttPCDRHfjQBNE9o9sh1fwpump,0.0003493423239574741,0.00035056123518451514,0.00034225324908091664,0.00034225324908091664,1m,2553934.367165
2024-11-07 09:17:00,1gFK5zcGnKsVtCCNLDttPCDRHfjQBNE9o9sh1fwpump,0.0003493423239574741,0.0003493423239574741,0.0003493423239574741,0.0003493423239574741,1m,0.0
2024-11-07 09:18:00,1gFK5zcGnKsVtCCNLDttPCDRHfjQBNE9o9sh1fwpump,0.00034863301028072077,0.0003493423239574741,0.00034863301028072077,0.0003493423239574741,1m,195176.469549
2024-11-07 09:19:00,1gFK5zcGnKsVtCCNLDttPCDRHfjQBNE9o9sh1fwpump,0.00035067838809319847,0.00035067838809319847,0.00034863301028072077,0.00034863301028072077,1m,214797.342275
2024-11-07 09:20:00,1gFK5zcGnKsVtCCNLDttPCDRHfjQBNE9o9sh1fwpump,0.00035143581096020604,0.00035143581096020604,0.00035067838809319847,0.00035067838809319847,1m,139072.539852
2024-11-07 09:21:00,1gFK5zcGnKsVtCCNLDttPCDRHfjQBNE9o9sh1fwpump,0.00035923529384385226,0.00035923529384385226,0.00035143581096020604,0.00035143581096020604,1m,1125975.452164
2024-11-07 09:22:00,1gFK5zcGnKsVtCCNLDttPCDRHfjQBNE9o9sh1fwpump,0.00035740393619453065,0.00035923529384385226,0.00035740393619453065,0.00035923529384385226,1m,139322.689056
2024-11-07 09:23:00,1gFK5zcGnKsVtCCNLDttPCDRHfjQBNE9o9sh1fwpump,0.00035740393619453065,0.00035740393619453065,0.00035740393619453065,0.00035740393619453065,1m,0.0
2024-11-07 09:24:00,1gFK5zcGnKsVtCCNLDttPCDRHfjQBNE9o9sh1fwpump,0.0003568103692258289,0.0003593230704950234,0.0003568103692258289,0.00035740393619453065,1m,225671.33443
2024-11-07 09:25:00,1gFK5zcGnKsVtCCNLDttPCDRHfjQBNE9o9sh1fwpump,0.0003562676929862371,0.0003568103692258289,0.0003562676929862371,0.0003568103692258289,1m,54111.684821
2024-11-07 09:26:00,1gFK5zcGnKsVtCCNLDttPCDRHfjQBNE9o9sh1fwpump,0.0003562676929862371,0.0003562676929862371,0.0003562676929862371,0.0003562676929862371,1m,0.0
2024-11-07 09:27:00,1gFK5zcGnKsVtCCNLDttPCDRHfjQBNE9o9sh1fwpump,0.0003410887972993993,0.0003562676929862371,0.0003410887972993993,0.0003562676929862371,1m,4313988.76738
2024-11-07 09:28:00,1gFK5zcGnKsVtCCNLDttPCDRHfjQBNE9o9sh1fwpump,0.000326471433257077,0.0003410887972993993,0.000326471433257077,0.0003410887972993993,1m,236869.307703
2024-11-07 09:29:00,1gFK5zcGnKsVtCCNLDttPCDRHfjQBNE9o9sh1fwpump,0.0002997600563886264,0.0003289617920410602,0.0002997600563886264,0.000326471433257077,1m,5046589.056628
2024-11-07 09:30:00,1gFK5zcGnKsVtCCNLDttPCDRHfjQBNE9o9sh1fwpump,0.00029791999796441684,0.0002997600563886264,0.00029791999796441684,0.0002997600563886264,1m,367757.832533
2024-11-07 09:31:00,1gFK5zcGnKsVtCCNLDttPCDRHfjQBNE9o9sh1fwpump,0.00030878374616938895,0.00030878374616938895,0.00029791999796441684,0.00029791999796441684,1m,1802375.397644
2024-11-07 09:32:00,1gFK5zcGnKsVtCCNLDttPCDRHfjQBNE9o9sh1fwpump,0.0003105832003855302,0.0003105832003855302,0.00030737587173204124,0.00030878374616938895,1m,646075.470018
2024-11-07 09:33:00,1gFK5zcGnKsVtCCNLDttPCDRHfjQBNE9o9sh1fwpump,0.00033997247458877785,0.0003848539902081529,0.0003105832003855302,0.0003105832003855302,1m,22915949.807967998
2024-11-07 09:34:00,1gFK5zcGnKsVtCCNLDttPCDRHfjQBNE9o9sh1fwpump,0.00033997247458877785,0.00033997247458877785,0.00033997247458877785,0.00033997247458877785,1m,0.0
2024-11-07 09:35:00,1gFK5zcGnKsVtCCNLDttPCDRHfjQBNE9o9sh1fwpump,0.00033997247458877785,0.00033997247458877785,0.00033997247458877785,0.00033997247458877785,1m,0.0
2024-11-07 09:36:00,1gFK5zcGnKsVtCCNLDttPCDRHfjQBNE9o9sh1fwpump,0.0003446416988610837,0.0003470772687137955,0.00033997247458877785,0.00033997247458877785,1m,2548888.909337
2024-11-07 09:37:00,1gFK5zcGnKsVtCCNLDttPCDRHfjQBNE9o9sh1fwpump,0.0003522132647424025,0.0003522132647424025,0.0003446416988610837,0.0003446416988610837,1m,542876.011546
2024-11-07 09:38:00,1gFK5zcGnKsVtCCNLDttPCDRHfjQBNE9o9sh1fwpump,0.0003524749905476,0.0003524749905476,0.0003522132647424025,0.0003522132647424025,1m,64717.977739
2024-11-07 09:39:00,1gFK5zcGnKsVtCCNLDttPCDRHfjQBNE9o9sh1fwpump,0.0003524749905476,0.0003524749905476,0.0003524749905476,0.0003524749905476,1m,0.0
2024-11-07 09:40:00,1gFK5zcGnKsVtCCNLDttPCDRHfjQBNE9o9sh1fwpump,0.0003525278072056034,0.0003525278072056034,0.0003524749905476,0.0003524749905476,1m,28660.585109
2024-11-07 09:41:00,1gFK5zcGnKsVtCCNLDttPCDRHfjQBNE9o9sh1fwpump,0.00034928943342396607,0.0003525278072056034,0.00034928943342396607,0.0003525278072056034,1m,396511.830456
2024-11-07 09:42:00,1gFK5zcGnKsVtCCNLDttPCDRHfjQBNE9o9sh1fwpump,0.00036222897976249697,0.00036222897976249697,0.0003472841045266611,0.00034928943342396607,1m,3314487.963242
2024-11-07 09:43:00,1gFK5zcGnKsVtCCNLDttPCDRHfjQBNE9o9sh1fwpump,0.00035762215603721395,0.00037283769894779823,0.0003547780755933483,0.00036222897976249697,1m,3472292.009622
2024-11-07 09:44:00,1gFK5zcGnKsVtCCNLDttPCDRHfjQBNE9o9sh1fwpump,0.00035903765830195655,0.00035903765830195655,0.0003572256598389791,0.00035762215603721395,1m,226139.24825
2024-11-07 09:45:00,1gFK5zcGnKsVtCCNLDttPCDRHfjQBNE9o9sh1fwpump,0.00036048022127729644,0.00036048022127729644,0.00035903765830195655,0.00035903765830195655,1m,258947.020726
2024-11-07 09:46:00,1gFK5zcGnKsVtCCNLDttPCDRHfjQBNE9o9sh1fwpump,0.00036160933040229584,0.00036160933040229584,0.00035961393152032415,0.00036048022127729644,1m,144129.405642
2024-11-07 09:47:00,1gFK5zcGnKsVtCCNLDttPCDRHfjQBNE9o9sh1fwpump,0.00036160933040229584,0.00036160933040229584,0.00036160933040229584,0.00036160933040229584,1m,0.5
2024-11-07 09:48:00,1gFK5zcGnKsVtCCNLDttPCDRHfjQBNE9o9sh1fwpump,0.00035494726846720673,0.00036160933040229584,0.00035494726846720673,0.00036160933040229584,1m,953561.878578
2024-11-07 09:49:00,1gFK5zcGnKsVtCCNLDttPCDRHfjQBNE9o9sh1fwpump,0.0003558656867267474,0.0003558656867267474,0.00035494726846720673,0.00035494726846720673,1m,209708.985979
2024-11-07 09:50:00,1gFK5zcGnKsVtCCNLDttPCDRHfjQBNE9o9sh1fwpump,0.0003576727511276208,0.0003576727511276208,0.0003558656867267474,0.0003558656867267474,1m,287882.238656
2024-11-07 09:51:00,1gFK5zcGnKsVtCCNLDttPCDRHfjQBNE9o9sh1fwpump,0.00036618773504994053,0.00036618773504994053,0.0003576727511276208,0.0003576727511276208,1m,1476166.312767
2024-11-07 09:52:00,1gFK5zcGnKsVtCCNLDttPCDRHfjQBNE9o9sh1fwpump,0.00036299126579968777,0.0003747590745533566,0.000359833796498827,0.00036618773504994053,1m,4477352.094815999
2024-11-07 09:53:00,1gFK5zcGnKsVtCCNLDttPCDRHfjQBNE9o9sh1fwpump,0.00036277514758579295,0.0003649332937157522,0.00036091240598689185,0.00036299126579968777,1m,1010584.70987
2024-11-07 09:54:00,1gFK5zcGnKsVtCCNLDttPCDRHfjQBNE9o9sh1fwpump,0.00036627600447624063,0.00036627600447624063,0.00036277514758579295,0.00036277514758579295,1m,330037.415726
2024-11-07 09:55:00,1gFK5zcGnKsVtCCNLDttPCDRHfjQBNE9o9sh1fwpump,0.0003463995262409865,0.00036627600447624063,0.0003463995262409865,0.00036627600447624063,1m,2918090.349134
2024-11-07 09:56:00,1gFK5zcGnKsVtCCNLDttPCDRHfjQBNE9o9sh1fwpump,0.0003463995262409865,0.0003463995262409865,0.0003463995262409865,0.0003463995262409865,1m,0.0
2024-11-07 09:57:00,1gFK5zcGnKsVtCCNLDttPCDRHfjQBNE9o9sh1fwpump,0.00034684971655728143,0.00034684971655728143,0.00034392004435080764,0.0003463995262409865,1m,460718.069846
2024-11-07 09:58:00,1gFK5zcGnKsVtCCNLDttPCDRHfjQBNE9o9sh1fwpump,0.0003464143115215672,0.00034853602853901066,0.0003464143115215672,0.00034684971655728143,1m,105357.023795
2024-11-07 09:59:00,1gFK5zcGnKsVtCCNLDttPCDRHfjQBNE9o9sh1fwpump,0.0003495169432040961,0.0003495169432040961,0.0003464143115215672,0.0003464143115215672,1m,539220.10332
2024-11-07 10:00:00,1gFK5zcGnKsVtCCNLDttPCDRHfjQBNE9o9sh1fwpump,0.0003493328006580231,0.0003495169432040961,0.0003493328006580231,0.0003495169432040961,1m,10000.0
2024-11-07 10:01:00,1gFK5zcGnKsVtCCNLDttPCDRHfjQBNE9o9sh1fwpump,0.00033922430169493634,0.0003493328006580231,0.00033922430169493634,0.0003493328006580231,1m,2705354.729755
2024-11-07 10:02:00,1gFK5zcGnKsVtCCNLDttPCDRHfjQBNE9o9sh1fwpump,0.0003284709325502148,0.00033922430169493634,0.0003284709325502148,0.00033922430169493634,1m,309526.71467300004
2024-11-07 10:03:00,1gFK5zcGnKsVtCCNLDttPCDRHfjQBNE9o9sh1fwpump,0.0003286950746156773,0.0003286950746156773,0.00032770055058229357,0.0003284709325502148,1m,102525.370492
2024-11-07 10:04:00,1gFK5zcGnKsVtCCNLDttPCDRHfjQBNE9o9sh1fwpump,0.00032380170788464795,0.0003286950746156773,0.00032380170788464795,0.0003286950746156773,1m,1153506.738495
2024-11-07 10:05:00,1gFK5zcGnKsVtCCNLDttPCDRHfjQBNE9o9sh1fwpump,0.00031121613035146694,0.00032380170788464795,0.00031121613035146694,0.00032380170788464795,1m,3644294.880088
2024-11-07 10:06:00,1gFK5zcGnKsVtCCNLDttPCDRHfjQBNE9o9sh1fwpump,0.00031121613035146694,0.00031121613035146694,0.00031121613035146694,0.00031121613035146694,1m,0.0
2024-11-07 10:07:00,1gFK5zcGnKsVtCCNLDttPCDRHfjQBNE9o9sh1fwpump,0.00030474145162507726,0.00031121613035146694,0.00030474145162507726,0.00031121613035146694,1m,888637.389574
2024-11-07 10:08:00,1gFK5zcGnKsVtCCNLDttPCDRHfjQBNE9o9sh1fwpump,0.00030567855744235403,0.0003059232398562447,0.00030474145162507726,0.00030474145162507726,1m,95134.035646
2024-11-07 10:09:00,1gFK5zcGnKsVtCCNLDttPCDRHfjQBNE9o9sh1fwpump,0.00030327261963008817,0.00030567855744235403,0.00030327261963008817,0.00030567855744235403,1m,798583.270994
2024-11-07 10:10:00,1gFK5zcGnKsVtCCNLDttPCDRHfjQBNE9o9sh1fwpump,0.00030327261963008817,0.00030327261963008817,0.00030327261963008817,0.00030327261963008817,1m,0.0
2024-11-07 10:11:00,1gFK5zcGnKsVtCCNLDttPCDRHfjQBNE9o9sh1fwpump,0.00029609092998981594,0.00030327261963008817,0.00029609092998981594,0.00030327261963008817,1m,1022335.019606
2024-11-07 10:12:00,1gFK5zcGnKsVtCCNLDttPCDRHfjQBNE9o9sh1fwpump,0.00029781717927579535,0.00029781717927579535,0.00029609092998981594,0.00029609092998981594,1m,3411.979503
2024-11-07 10:13:00,1gFK5zcGnKsVtCCNLDttPCDRHfjQBNE9o9sh1fwpump,0.00030382236945831147,0.00030382236945831147,0.00029781717927579535,0.00029781717927579535,1m,1638057.1765989999
2024-11-07 10:14:00,1gFK5zcGnKsVtCCNLDttPCDRHfjQBNE9o9sh1fwpump,0.0003005891922390898,0.00030382236945831147,0.00029899268350492636,0.00030382236945831147,1m,713228.8529020001
2024-11-07 10:15:00,1gFK5zcGnKsVtCCNLDttPCDRHfjQBNE9o9sh1fwpump,0.0003005891922390898,0.0003005891922390898,0.0003005891922390898,0.0003005891922390898,1m,0.0
2024-11-07 10:16:00,1gFK5zcGnKsVtCCNLDttPCDRHfjQBNE9o9sh1fwpump,0.000300705869998329,0.000300705869998329,0.0003005891922390898,0.0003005891922390898,1m,52393.889238
2024-11-07 10:17:00,1gFK5zcGnKsVtCCNLDttPCDRHfjQBNE9o9sh1fwpump,0.00029946281661848417,0.000300705869998329,0.00029946281661848417,0.000300705869998329,1m,43097.963604
2024-11-07 10:18:00,1gFK5zcGnKsVtCCNLDttPCDRHfjQBNE9o9sh1fwpump,0.0003036113321998965,0.0003036113321998965,0.00029946281661848417,0.00029946281661848417,1m,1049718.670438
2024-11-07 10:19:00,1gFK5zcGnKsVtCCNLDttPCDRHfjQBNE9o9sh1fwpump,0.00030968697705885373,0.00030968697705885373,0.0003036113321998965,0.0003036113321998965,1m,568802.219947
2024-11-07 10:20:00,1gFK5zcGnKsVtCCNLDttPCDRHfjQBNE9o9sh1fwpump,0.000307914062292468,0.00030968697705885373,0.000307914062292468,0.00030968697705885373,1m,181039.31315499998
2024-11-07 10:21:00,1gFK5zcGnKsVtCCNLDttPCDRHfjQBNE9o9sh1fwpump,0.0003043579328146127,0.000307914062292468,0.0003040099631493798,0.000307914062292468,1m,1694015.488248
2024-11-07 10:22:00,1gFK5zcGnKsVtCCNLDttPCDRHfjQBNE9o9sh1fwpump,0.0003042837515483793,0.0003043579328146127,0.0003042837515483793,0.0003043579328146127,1m,100248.992482
2024-11-07 10:23:00,1gFK5zcGnKsVtCCNLDttPCDRHfjQBNE9o9sh1fwpump,0.0003042837515483793,0.0003042837515483793,0.0003042837515483793,0.0003042837515483793,1m,0.0
2024-11-07 10:24:00,1gFK5zcGnKsVtCCNLDttPCDRHfjQBNE9o9sh1fwpump,0.0003042837515483793,0.0003042837515483793,0.0003042837515483793,0.0003042837515483793,1m,0.0
2024-11-07 10:25:00,1gFK5zcGnKsVtCCNLDttPCDRHfjQBNE9o9sh1fwpump,0.0003042837515483793,0.0003042837515483793,0.0003042837515483793,0.0003042837515483793,1m,0.0
2024-11-07 10:26:00,1gFK5zcGnKsVtCCNLDttPCDRHfjQBNE9o9sh1fwpump,0.0003042837515483793,0.0003042837515483793,0.0003042837515483793,0.0003042837515483793,1m,0.0
2024-11-07 10:27:00,1gFK5zcGnKsVtCCNLDttPCDRHfjQBNE9o9sh1fwpump,0.00030262815253261354,0.0003042837515483793,0.00029949743647505935,0.0003042837515483793,1m,2940516.990759
2024-11-07 10:28:00,1gFK5zcGnKsVtCCNLDttPCDRHfjQBNE9o9sh1fwpump,0.0002734447261006247,0.00030262815253261354,0.0002734447261006247,0.00030262815253261354,1m,6202962.986401
2024-11-07 10:29:00,1gFK5zcGnKsVtCCNLDttPCDRHfjQBNE9o9sh1fwpump,0.00027085287731151307,0.0002734447261006247,0.0002707567302455902,0.0002734447261006247,1m,593168.8500379999
2024-11-07 10:30:00,1gFK5zcGnKsVtCCNLDttPCDRHfjQBNE9o9sh1fwpump,0.00026362562563401614,0.00027130451768409957,0.00026362562563401614,0.00027085287731151307,1m,1808719.678905
2024-11-07 10:31:00,1gFK5zcGnKsVtCCNLDttPCDRHfjQBNE9o9sh1fwpump,0.0002620568026453595,0.0002636411142801461,0.0002620568026453595,0.00026362562563401614,1m,196520.598249
2024-11-07 10:32:00,1gFK5zcGnKsVtCCNLDttPCDRHfjQBNE9o9sh1fwpump,0.0002605660348249502,0.0002620568026453595,0.0002605660348249502,0.0002620568026453595,1m,539220.10332
2024-11-07 10:33:00,1gFK5zcGnKsVtCCNLDttPCDRHfjQBNE9o9sh1fwpump,0.00028077393881548336,0.00028077393881548336,0.0002605660348249502,0.0002605660348249502,1m,5675661.971246
2024-11-07 10:34:00,1gFK5zcGnKsVtCCNLDttPCDRHfjQBNE9o9sh1fwpump,0.00028692044026691296,0.00028692044026691296,0.00028077393881548336,0.00028077393881548336,1m,1135276.285699
2024-11-07 10:35:00,1gFK5zcGnKsVtCCNLDttPCDRHfjQBNE9o9sh1fwpump,0.0002902599493517659,0.0002902599493517659,0.00028692044026691296,0.00028692044026691296,1m,55301.493138
2024-11-07 10:36:00,1gFK5zcGnKsVtCCNLDttPCDRHfjQBNE9o9sh1fwpump,0.0002905703758638275,0.0002912873394522051,0.0002902599493517659,0.0002902599493517659,1m,368868.858878
2024-11-07 10:37:00,1gFK5zcGnKsVtCCNLDttPCDRHfjQBNE9o9sh1fwpump,0.0002905703758638275,0.0002905703758638275,0.0002905703758638275,0.0002905703758638275,1m,0.0
2024-11-07 10:38:00,1gFK5zcGnKsVtCCNLDttPCDRHfjQBNE9o9sh1fwpump,0.00029258797067184165,0.00029258797067184165,0.0002905703758638275,0.0002905703758638275,1m,354120.010035
2024-11-07 10:39:00,1gFK5zcGnKsVtCCNLDttPCDRHfjQBNE9o9sh1fwpump,0.0002935642185994634,0.0002935642185994634,0.00029258797067184165,0.00029258797067184165,1m,43966.328349
2024-11-07 10:40:00,1gFK5zcGnKsVtCCNLDttPCDRHfjQBNE9o9sh1fwpump,0.00027891238868945213,0.00029397710048957343,0.00027891238868945213,0.0002935642185994634,1m,5355405.022801001
2024-11-07 10:41:00,1gFK5zcGnKsVtCCNLDttPCDRHfjQBNE9o9sh1fwpump,0.0002757425160857107,0.00027891238868945213,0.0002757425160857107,0.00027891238868945213,1m,3389214.034523
2024-11-07 10:42:00,1gFK5zcGnKsVtCCNLDttPCDRHfjQBNE9o9sh1fwpump,0.0002787000455579628,0.00028261030399327324,0.0002757425160857107,0.0002757425160857107,1m,1532878.825805
2024-11-07 10:43:00,1gFK5zcGnKsVtCCNLDttPCDRHfjQBNE9o9sh1fwpump,0.00027428538628957827,0.0002787000455579628,0.0002738191981995078,0.0002787000455579628,1m,1608564.627557
2024-11-07 10:44:00,1gFK5zcGnKsVtCCNLDttPCDRHfjQBNE9o9sh1fwpump,0.0002744100598021413,0.0002744100598021413,0.0002733960779827903,0.00027428538628957827,1m,233793.131993
2024-11-07 10:45:00,1gFK5zcGnKsVtCCNLDttPCDRHfjQBNE9o9sh1fwpump,0.00027301923025043314,0.0002744100598021413,0.00027301923025043314,0.0002744100598021413,1m,125826.909392
2024-11-07 10:46:00,1gFK5zcGnKsVtCCNLDttPCDRHfjQBNE9o9sh1fwpump,0.00027442745948146513,0.00027442745948146513,0.00027301923025043314,0.00027301923025043314,1m,156866.714841
2024-11-07 10:47:00,1gFK5zcGnKsVtCCNLDttPCDRHfjQBNE9o9sh1fwpump,0.00027674786107650273,0.00027674786107650273,0.00027442745948146513,0.00027442745948146513,1m,723120.34993
2024-11-07 10:48:00,1gFK5zcGnKsVtCCNLDttPCDRHfjQBNE9o9sh1fwpump,0.00027674786107650273,0.00027674786107650273,0.00027674786107650273,0.00027674786107650273,1m,0.0
2024-11-07 10:49:00,1gFK5zcGnKsVtCCNLDttPCDRHfjQBNE9o9sh1fwpump,0.00027674786107650273,0.00027674786107650273,0.00027674786107650273,0.00027674786107650273,1m,0.0
2024-11-07 10:50:00,1gFK5zcGnKsVtCCNLDttPCDRHfjQBNE9o9sh1fwpump,0.0002771611202974231,0.0002771611202974231,0.00027674786107650273,0.00027674786107650273,1m,36583.495943
2024-11-07 10:51:00,1gFK5zcGnKsVtCCNLDttPCDRHfjQBNE9o9sh1fwpump,0.0002751584994339049,0.0002771611202974231,0.00027506626006268593,0.0002771611202974231,1m,1243957.716264
2024-11-07 10:52:00,1gFK5zcGnKsVtCCNLDttPCDRHfjQBNE9o9sh1fwpump,0.0002701823245818808,0.0002751584994339049,0.0002701823245818808,0.0002751584994339049,1m,1423735.5477109998
2024-11-07 10:53:00,1gFK5zcGnKsVtCCNLDttPCDRHfjQBNE9o9sh1fwpump,0.00027357962318019053,0.00027357962318019053,0.0002672877113074001,0.0002701823245818808,1m,2353949.804624
2024-11-07 10:54:00,1gFK5zcGnKsVtCCNLDttPCDRHfjQBNE9o9sh1fwpump,0.00027357962318019053,0.00027357962318019053,0.00027357962318019053,0.00027357962318019053,1m,0.0
2024-11-07 10:55:00,1gFK5zcGnKsVtCCNLDttPCDRHfjQBNE9o9sh1fwpump,0.00026628048323355417,0.00027610531920892195,0.00026628048323355417,0.00027357962318019053,1m,4021447.363921
2024-11-07 10:56:00,1gFK5zcGnKsVtCCNLDttPCDRHfjQBNE9o9sh1fwpump,0.0002607218265734279,0.00026628048323355417,0.00025977917762512795,0.00026628048323355417,1m,438528.823199
2024-11-07 10:57:00,1gFK5zcGnKsVtCCNLDttPCDRHfjQBNE9o9sh1fwpump,0.00025948336992386126,0.0002607218265734279,0.00025948336992386126,0.0002607218265734279,1m,421500.219792
2024-11-07 10:58:00,1gFK5zcGnKsVtCCNLDttPCDRHfjQBNE9o9sh1fwpump,0.00025851678320209235,0.00025998299257798976,0.00025851678320209235,0.00025948336992386126,1m,150908.295646
2024-11-07 10:59:00,1gFK5zcGnKsVtCCNLDttPCDRHfjQBNE9o9sh1fwpump,0.00025851678320209235,0.00025851678320209235,0.00025851678320209235,0.00025851678320209235,1m,0.0
2024-11-07 11:00:00,1gFK5zcGnKsVtCCNLDttPCDRHfjQBNE9o9sh1fwpump,0.00025851678320209235,0.00025851678320209235,0.00025851678320209235,0.00025851678320209235,1m,0.0
2024-11-07 11:01:00,1gFK5zcGnKsVtCCNLDttPCDRHfjQBNE9o9sh1fwpump,0.0002657619988955295,0.0002695844599133352,0.00025851678320209235,0.00025851678320209235,1m,4080663.2132749995
2024-11-07 11:02:00,1gFK5zcGnKsVtCCNLDttPCDRHfjQBNE9o9sh1fwpump,0.0002657619988955295,0.0002657619988955295,0.0002657619988955295,0.0002657619988955295,1m,0.0
2024-11-07 11:03:00,1gFK5zcGnKsVtCCNLDttPCDRHfjQBNE9o9sh1fwpump,0.0002657619988955295,0.0002657619988955295,0.0002657619988955295,0.0002657619988955295,1m,0.0
2024-11-07 11:04:00,1gFK5zcGnKsVtCCNLDttPCDRHfjQBNE9o9sh1fwpump,0.00026509392714874725,0.0002657619988955295,0.0002616796794844856,0.0002657619988955295,1m,1169186.719407
2024-11-07 11:05:00,1gFK5zcGnKsVtCCNLDttPCDRHfjQBNE9o9sh1fwpump,0.0002710090282503762,0.0002710090282503762,0.00026509392714874725,0.00026509392714874725,1m,1374039.316068
2024-11-07 11:06:00,1gFK5zcGnKsVtCCNLDttPCDRHfjQBNE9o9sh1fwpump,0.0002710090282503762,0.0002710090282503762,0.0002710090282503762,0.0002710090282503762,1m,0.0
2024-11-07 11:07:00,1gFK5zcGnKsVtCCNLDttPCDRHfjQBNE9o9sh1fwpump,0.0002896082598941837,0.0002896082598941837,0.0002710090282503762,0.0002710090282503762,1m,5589396.265714
2024-11-07 11:08:00,1gFK5zcGnKsVtCCNLDttPCDRHfjQBNE9o9sh1fwpump,0.0002891396049204008,0.0002896082598941837,0.0002870208938635334,0.0002896082598941837,1m,490695.08381599997
2024-11-07 11:09:00,1gFK5zcGnKsVtCCNLDttPCDRHfjQBNE9o9sh1fwpump,0.0002907881464551622,0.00030681694312360223,0.0002876748715088457,0.0002891396049204008,1m,7320953.208285
2024-11-07 11:10:00,1gFK5zcGnKsVtCCNLDttPCDRHfjQBNE9o9sh1fwpump,0.0002907860761398841,0.0002907881464551622,0.0002907860761398841,0.0002907881464551622,1m,96807.37185
2024-11-07 11:11:00,1gFK5zcGnKsVtCCNLDttPCDRHfjQBNE9o9sh1fwpump,0.0002907860761398841,0.0002907860761398841,0.0002907860761398841,0.0002907860761398841,1m,0.0
2024-11-07 11:12:00,1gFK5zcGnKsVtCCNLDttPCDRHfjQBNE9o9sh1fwpump,0.0002902327787971151,0.0002907860761398841,0.0002891336300537195,0.0002907860761398841,1m,275072.982975
2024-11-07 11:13:00,1gFK5zcGnKsVtCCNLDttPCDRHfjQBNE9o9sh1fwpump,0.0002952089500529364,0.0002952089500529364,0.00028889907276541106,0.0002902327787971151,1m,1980625.1368429998
2024-11-07 11:14:00,1gFK5zcGnKsVtCCNLDttPCDRHfjQBNE9o9sh1fwpump,0.0003023616507121251,0.0003023616507121251,0.0002952089500529364,0.0002952089500529364,1m,401167.68669799995
2024-11-07 11:15:00,1gFK5zcGnKsVtCCNLDttPCDRHfjQBNE9o9sh1fwpump,0.0002930998049993173,0.0003023616507121251,0.0002930998049993173,0.0003023616507121251,1m,1593249.667201
2024-11-07 11:16:00,1gFK5zcGnKsVtCCNLDttPCDRHfjQBNE9o9sh1fwpump,0.0002922232965790625,0.0002930998049993173,0.0002922232965790625,0.0002930998049993173,1m,141046.576932
2024-11-07 11:17:00,1gFK5zcGnKsVtCCNLDttPCDRHfjQBNE9o9sh1fwpump,0.00029167635950491427,0.0002922232965790625,0.00029167635950491427,0.0002922232965790625,1m,57130.845961
2024-11-07 11:18:00,1gFK5zcGnKsVtCCNLDttPCDRHfjQBNE9o9sh1fwpump,0.0002933662707591848,0.0002933662707591848,0.0002911129807464043,0.00029167635950491427,1m,526629.044009
2024-11-07 11:19:00,1gFK5zcGnKsVtCCNLDttPCDRHfjQBNE9o9sh1fwpump,0.0002949616930351919,0.0002949616930351919,0.0002933662707591848,0.0002933662707591848,1m,159197.751642
2024-11-07 11:20:00,1gFK5zcGnKsVtCCNLDttPCDRHfjQBNE9o9sh1fwpump,0.00029866782027609045,0.00029866782027609045,0.0002949616930351919,0.0002949616930351919,1m,627192.325934
2024-11-07 11:21:00,1gFK5zcGnKsVtCCNLDttPCDRHfjQBNE9o9sh1fwpump,0.00029866782027609045,0.00029866782027609045,0.00029866782027609045,0.00029866782027609045,1m,0.0
2024-11-07 11:22:00,1gFK5zcGnKsVtCCNLDttPCDRHfjQBNE9o9sh1fwpump,0.00029866782027609045,0.00029866782027609045,0.00029866782027609045,0.00029866782027609045,1m,0.0
2024-11-07 11:23:00,1gFK5zcGnKsVtCCNLDttPCDRHfjQBNE9o9sh1fwpump,0.00029866782027609045,0.00029866782027609045,0.00029866782027609045,0.00029866782027609045,1m,0.0
2024-11-07 11:24:00,1gFK5zcGnKsVtCCNLDttPCDRHfjQBNE9o9sh1fwpump,0.0002966613752248258,0.00029866782027609045,0.0002966613752248258,0.00029866782027609045,1m,141023.974433
2024-11-07 11:25:00,1gFK5zcGnKsVtCCNLDttPCDRHfjQBNE9o9sh1fwpump,0.00029888658264237336,0.00029888658264237336,0.0002966613752248258,0.0002966613752248258,1m,314106.911807
2024-11-07 11:26:00,1gFK5zcGnKsVtCCNLDttPCDRHfjQBNE9o9sh1fwpump,0.00030046849218253347,0.00030046849218253347,0.00029888658264237336,0.00029888658264237336,1m,249953.83132
2024-11-07 11:27:00,1gFK5zcGnKsVtCCNLDttPCDRHfjQBNE9o9sh1fwpump,0.00030046849218253347,0.00030046849218253347,0.00030046849218253347,0.00030046849218253347,1m,0.0
2024-11-07 11:28:00,1gFK5zcGnKsVtCCNLDttPCDRHfjQBNE9o9sh1fwpump,0.0003144759468539708,0.0003144759468539708,0.00030046849218253347,0.00030046849218253347,1m,2272147.5821439996
2024-11-07 11:29:00,1gFK5zcGnKsVtCCNLDttPCDRHfjQBNE9o9sh1fwpump,0.00032469760497645986,0.000326278715031934,0.0003144759468539708,0.0003144759468539708,1m,1974816.7123859997
2024-11-07 11:30:00,1gFK5zcGnKsVtCCNLDttPCDRHfjQBNE9o9sh1fwpump,0.0003198883389781415,0.0003264298069613337,0.0003198883389781415,0.00032469760497645986,1m,1109746.3178899998
2024-11-07 11:31:00,1gFK5zcGnKsVtCCNLDttPCDRHfjQBNE9o9sh1fwpump,0.0003215793753715839,0.0003215793753715839,0.0003198883389781415,0.0003198883389781415,1m,311142.431833
2024-11-07 11:32:00,1gFK5zcGnKsVtCCNLDttPCDRHfjQBNE9o9sh1fwpump,0.0003176948450042409,0.0003215793753715839,0.0003176948450042409,0.0003215793753715839,1m,538741.018781
2024-11-07 11:33:00,1gFK5zcGnKsVtCCNLDttPCDRHfjQBNE9o9sh1fwpump,0.0003176948450042409,0.0003176948450042409,0.0003176948450042409,0.0003176948450042409,1m,0.0
2024-11-07 11:34:00,1gFK5zcGnKsVtCCNLDttPCDRHfjQBNE9o9sh1fwpump,0.00031459050289862797,0.0003176948450042409,0.00031459050289862797,0.0003176948450042409,1m,819753.952409
2024-11-07 11:35:00,1gFK5zcGnKsVtCCNLDttPCDRHfjQBNE9o9sh1fwpump,0.0003084522989966746,0.00031459050289862797,0.0003084522989966746,0.00031459050289862797,1m,1216230.623451
2024-11-07 11:36:00,1gFK5zcGnKsVtCCNLDttPCDRHfjQBNE9o9sh1fwpump,0.0003048867987436629,0.0003084522989966746,0.0003048867987436629,0.0003084522989966746,1m,156831.060933
2024-11-07 11:37:00,1gFK5zcGnKsVtCCNLDttPCDRHfjQBNE9o9sh1fwpump,0.00030451695202572085,0.0003048867987436629,0.00030451695202572085,0.0003048867987436629,1m,16338.777364
2024-11-07 11:38:00,1gFK5zcGnKsVtCCNLDttPCDRHfjQBNE9o9sh1fwpump,0.00031295749812025933,0.0003143513474765001,0.00030451695202572085,0.00030451695202572085,1m,5820232.115544
2024-11-07 11:39:00,1gFK5zcGnKsVtCCNLDttPCDRHfjQBNE9o9sh1fwpump,0.0003060737652333355,0.00031295749812025933,0.0003060737652333355,0.00031295749812025933,1m,65359.096962
2024-11-07 11:40:00,1gFK5zcGnKsVtCCNLDttPCDRHfjQBNE9o9sh1fwpump,0.0003043121128367694,0.0003060737652333355,0.0003043121128367694,0.0003060737652333355,1m,148877.226208
2024-11-07 11:41:00,1gFK5zcGnKsVtCCNLDttPCDRHfjQBNE9o9sh1fwpump,0.0003058867716224438,0.0003058867716224438,0.0003043121128367694,0.0003043121128367694,1m,275218.819082
2024-11-07 11:42:00,1gFK5zcGnKsVtCCNLDttPCDRHfjQBNE9o9sh1fwpump,0.0003058867716224438,0.0003058867716224438,0.0003058867716224438,0.0003058867716224438,1m,0.0
2024-11-07 11:43:00,1gFK5zcGnKsVtCCNLDttPCDRHfjQBNE9o9sh1fwpump,0.0003058867716224438,0.0003058867716224438,0.0003058867716224438,0.0003058867716224438,1m,0.0
2024-11-07 11:44:00,1gFK5zcGnKsVtCCNLDttPCDRHfjQBNE9o9sh1fwpump,0.0003050195086330945,0.0003058867716224438,0.0003050195086330945,0.0003058867716224438,1m,136773.210902
2024-11-07 11:45:00,1gFK5zcGnKsVtCCNLDttPCDRHfjQBNE9o9sh1fwpump,0.0003037436996621934,0.0003050195086330945,0.0003037436996621934,0.0003050195086330945,1m,286380.492339
2024-11-07 11:46:00,1gFK5zcGnKsVtCCNLDttPCDRHfjQBNE9o9sh1fwpump,0.0003046309539402982,0.0003046309539402982,0.0003037436996621934,0.0003037436996621934,1m,64046.371831
2024-11-07 11:47:00,1gFK5zcGnKsVtCCNLDttPCDRHfjQBNE9o9sh1fwpump,0.0003032821386722149,0.0003046309539402982,0.0003032821386722149,0.0003046309539402982,1m,12535.111996
2024-11-07 11:48:00,1gFK5zcGnKsVtCCNLDttPCDRHfjQBNE9o9sh1fwpump,0.0003032821386722149,0.0003032821386722149,0.0003032821386722149,0.0003032821386722149,1m,0.0
2024-11-07 11:49:00,1gFK5zcGnKsVtCCNLDttPCDRHfjQBNE9o9sh1fwpump,0.0003013666649321293,0.0003032821386722149,0.0003013666649321293,0.0003032821386722149,1m,572648.625905
2024-11-07 11:50:00,1gFK5zcGnKsVtCCNLDttPCDRHfjQBNE9o9sh1fwpump,0.00031235396204092633,0.00031235396204092633,0.0003013666649321293,0.0003013666649321293,1m,1973583.957114
2024-11-07 11:51:00,1gFK5zcGnKsVtCCNLDttPCDRHfjQBNE9o9sh1fwpump,0.0003105755468266458,0.00031235396204092633,0.0003105755468266458,0.00031235396204092633,1m,160472.558344
2024-11-07 11:52:00,1gFK5zcGnKsVtCCNLDttPCDRHfjQBNE9o9sh1fwpump,0.0003094813257429327,0.0003105755468266458,0.0003094813257429327,0.0003105755468266458,1m,135276.285699
2024-11-07 11:53:00,1gFK5zcGnKsVtCCNLDttPCDRHfjQBNE9o9sh1fwpump,0.00031033570939285686,0.00031033570939285686,0.0003094813257429327,0.0003094813257429327,1m,14433.668877
2024-11-07 11:54:00,1gFK5zcGnKsVtCCNLDttPCDRHfjQBNE9o9sh1fwpump,0.000313861244170989,0.000313861244170989,0.00031033570939285686,0.00031033570939285686,1m,912465.970232
2024-11-07 11:55:00,1gFK5zcGnKsVtCCNLDttPCDRHfjQBNE9o9sh1fwpump,0.00031776390927054947,0.00031776390927054947,0.0003135921871342941,0.000313861244170989,1m,799559.6926470001
2024-11-07 11:56:00,1gFK5zcGnKsVtCCNLDttPCDRHfjQBNE9o9sh1fwpump,0.00031776390927054947,0.00031776390927054947,0.00031776390927054947,0.00031776390927054947,1m,0.0
2024-11-07 11:57:00,1gFK5zcGnKsVtCCNLDttPCDRHfjQBNE9o9sh1fwpump,0.0003135954219314628,0.00031776390927054947,0.0003135954219314628,0.00031776390927054947,1m,754656.321306
2024-11-07 11:58:00,1gFK5zcGnKsVtCCNLDttPCDRHfjQBNE9o9sh1fwpump,0.0003135954219314628,0.0003135954219314628,0.0003135954219314628,0.0003135954219314628,1m,9.135
2024-11-07 11:59:00,1gFK5zcGnKsVtCCNLDttPCDRHfjQBNE9o9sh1fwpump,0.00031190760481807257,0.0003135954219314628,0.0003103382825615849,0.0003135954219314628,1m,315322.84447799996
2024-11-07 12:00:00,1gFK5zcGnKsVtCCNLDttPCDRHfjQBNE9o9sh1fwpump,0.000334547092448897,0.000334547092448897,0.00031039473801764545,0.00031190760481807257,1m,3735100.733194
2024-11-07 12:01:00,1gFK5zcGnKsVtCCNLDttPCDRHfjQBNE9o9sh1fwpump,0.0003192980167629184,0.000334547092448897,0.000315296706124522,0.000334547092448897,1m,4499071.457811001
2024-11-07 12:02:00,1gFK5zcGnKsVtCCNLDttPCDRHfjQBNE9o9sh1fwpump,0.0003166571578356446,0.0003194770404497025,0.0003166571578356446,0.0003192980167629184,1m,606957.4768990001
2024-11-07 12:03:00,1gFK5zcGnKsVtCCNLDttPCDRHfjQBNE9o9sh1fwpump,0.00032169260752743076,0.00032169260752743076,0.0003166571578356446,0.0003166571578356446,1m,1102344.30341
2024-11-07 12:04:00,1gFK5zcGnKsVtCCNLDttPCDRHfjQBNE9o9sh1fwpump,0.0003232864077060865,0.0003232864077060865,0.00032169260752743076,0.00032169260752743076,1m,152747.644871
2024-11-07 12:05:00,1gFK5zcGnKsVtCCNLDttPCDRHfjQBNE9o9sh1fwpump,0.00031291746433854365,0.0003232864077060865,0.0003109769896897316,0.0003232864077060865,1m,3071320.9859379996
2024-11-07 12:06:00,1gFK5zcGnKsVtCCNLDttPCDRHfjQBNE9o9sh1fwpump,0.00031291746433854365,0.00031291746433854365,0.00031291746433854365,0.00031291746433854365,1m,0.0
2024-11-07 12:07:00,1gFK5zcGnKsVtCCNLDttPCDRHfjQBNE9o9sh1fwpump,0.00031378454481012616,0.00031378454481012616,0.0003118261971208291,0.00031291746433854365,1m,147250.57256
2024-11-07 12:08:00,1gFK5zcGnKsVtCCNLDttPCDRHfjQBNE9o9sh1fwpump,0.000310991141981427,0.00031378454481012616,0.000310991141981427,0.00031378454481012616,1m,301531.019919
2024-11-07 12:09:00,1gFK5zcGnKsVtCCNLDttPCDRHfjQBNE9o9sh1fwpump,0.0003212817669003439,0.0003212817669003439,0.0003104331983411598,0.000310991141981427,1m,2009997.3070230002
2024-11-07 12:10:00,1gFK5zcGnKsVtCCNLDttPCDRHfjQBNE9o9sh1fwpump,0.00032040808332477286,0.0003212817669003439,0.00032040808332477286,0.0003212817669003439,1m,129834.367466
2024-11-07 12:11:00,1gFK5zcGnKsVtCCNLDttPCDRHfjQBNE9o9sh1fwpump,0.0003216828612060069,0.0003216828612060069,0.00032040808332477286,0.00032040808332477286,1m,29026.61985
2024-11-07 12:12:00,1gFK5zcGnKsVtCCNLDttPCDRHfjQBNE9o9sh1fwpump,0.0003216828612060069,0.0003216828612060069,0.0003216828612060069,0.0003216828612060069,1m,0.0
2024-11-07 12:13:00,1gFK5zcGnKsVtCCNLDttPCDRHfjQBNE9o9sh1fwpump,0.0003307703680380154,0.0003307703680380154,0.0003216828612060069,0.0003216828612060069,1m,1351561.151861
2024-11-07 12:14:00,1gFK5zcGnKsVtCCNLDttPCDRHfjQBNE9o9sh1fwpump,0.00033218147023234424,0.0003336110548881381,0.0003307703680380154,0.0003307703680380154,1m,593148.250655
2024-11-07 12:15:00,1gFK5zcGnKsVtCCNLDttPCDRHfjQBNE9o9sh1fwpump,0.00033069002882437634,0.00033218147023234424,0.00033069002882437634,0.00033218147023234424,1m,255282.144296
2024-11-07 12:16:00,1gFK5zcGnKsVtCCNLDttPCDRHfjQBNE9o9sh1fwpump,0.0003322797708816894,0.0003322797708816894,0.00033069002882437634,0.00033069002882437634,1m,112676.693542
2024-11-07 12:17:00,1gFK5zcGnKsVtCCNLDttPCDRHfjQBNE9o9sh1fwpump,0.000327445025862697,0.00033349834950155064,0.000327445025862697,0.0003322797708816894,1m,1456843.594919
2024-11-07 12:18:00,1gFK5zcGnKsVtCCNLDttPCDRHfjQBNE9o9sh1fwpump,0.0003261885433610867,0.000327445025862697,0.0003261885433610867,0.000327445025862697,1m,7884.784432
2024-11-07 12:19:00,1gFK5zcGnKsVtCCNLDttPCDRHfjQBNE9o9sh1fwpump,0.00030861717733648785,0.0003261885433610867,0.00030861717733648785,0.0003261885433610867,1m,4223519.329774
2024-11-07 12:20:00,1gFK5zcGnKsVtCCNLDttPCDRHfjQBNE9o9sh1fwpump,0.0003015567832115056,0.00030861717733648785,0.0002990426007207481,0.00030861717733648785,1m,601791.537229
2024-11-07 12:21:00,1gFK5zcGnKsVtCCNLDttPCDRHfjQBNE9o9sh1fwpump,0.000300157305627226,0.0003015567832115056,0.000300157305627226,0.0003015567832115056,1m,535655.973279
2024-11-07 12:22:00,1gFK5zcGnKsVtCCNLDttPCDRHfjQBNE9o9sh1fwpump,0.000300157305627226,0.000300157305627226,0.000300157305627226,0.000300157305627226,1m,0.0
2024-11-07 12:23:00,1gFK5zcGnKsVtCCNLDttPCDRHfjQBNE9o9sh1fwpump,0.00029806223719596034,0.000300157305627226,0.00029806223719596034,0.000300157305627226,1m,233803.41448
2024-11-07 12:24:00,1gFK5zcGnKsVtCCNLDttPCDRHfjQBNE9o9sh1fwpump,0.00029806223719596034,0.00029806223719596034,0.00029806223719596034,0.00029806223719596034,1m,0.0
2024-11-07 12:25:00,1gFK5zcGnKsVtCCNLDttPCDRHfjQBNE9o9sh1fwpump,0.0002979580363454442,0.00029936825138730377,0.0002979580363454442,0.00029806223719596034,1m,445616.891302
2024-11-07 12:26:00,1gFK5zcGnKsVtCCNLDttPCDRHfjQBNE9o9sh1fwpump,0.0003000705928197378,0.0003000705928197378,0.0002971155597311367,0.0002979580363454442,1m,722688.2238700001
2024-11-07 12:27:00,1gFK5zcGnKsVtCCNLDttPCDRHfjQBNE9o9sh1fwpump,0.0003000705928197378,0.0003000705928197378,0.0003000705928197378,0.0003000705928197378,1m,0.0
2024-11-07 12:28:00,1gFK5zcGnKsVtCCNLDttPCDRHfjQBNE9o9sh1fwpump,0.00030580217283642793,0.00030580217283642793,0.0003000705928197378,0.0003000705928197378,1m,661781.257459
2024-11-07 12:29:00,1gFK5zcGnKsVtCCNLDttPCDRHfjQBNE9o9sh1fwpump,0.00030580217283642793,0.00030580217283642793,0.00030580217283642793,0.00030580217283642793,1m,0.0
2024-11-07 12:30:00,1gFK5zcGnKsVtCCNLDttPCDRHfjQBNE9o9sh1fwpump,0.00030262099622578315,0.00030580217283642793,0.00030262099622578315,0.00030580217283642793,1m,731741.889133
2024-11-07 12:31:00,1gFK5zcGnKsVtCCNLDttPCDRHfjQBNE9o9sh1fwpump,0.00030262099622578315,0.00030262099622578315,0.00030262099622578315,0.00030262099622578315,1m,0.0
2024-11-07 12:32:00,1gFK5zcGnKsVtCCNLDttPCDRHfjQBNE9o9sh1fwpump,0.00030262099622578315,0.00030262099622578315,0.00030262099622578315,0.00030262099622578315,1m,0.0
2024-11-07 12:33:00,1gFK5zcGnKsVtCCNLDttPCDRHfjQBNE9o9sh1fwpump,0.00030262099622578315,0.00030262099622578315,0.00030262099622578315,0.00030262099622578315,1m,0.0
2024-11-07 12:34:00,1gFK5zcGnKsVtCCNLDttPCDRHfjQBNE9o9sh1fwpump,0.0002984041171817223,0.00030262099622578315,0.0002984041171817223,0.00030262099622578315,1m,694353.262684
2024-11-07 12:35:00,1gFK5zcGnKsVtCCNLDttPCDRHfjQBNE9o9sh1fwpump,0.00029632374704380575,0.0002984041171817223,0.00029632374704380575,0.0002984041171817223,1m,51090.703606
2024-11-07 12:36:00,1gFK5zcGnKsVtCCNLDttPCDRHfjQBNE9o9sh1fwpump,0.0002996494339986277,0.0002996494339986277,0.00029632374704380575,0.00029632374704380575,1m,494638.843937
2024-11-07 12:37:00,1gFK5zcGnKsVtCCNLDttPCDRHfjQBNE9o9sh1fwpump,0.00029803553882491593,0.0002996494339986277,0.00029803553882491593,0.0002996494339986277,1m,215464.680419
2024-11-07 12:38:00,1gFK5zcGnKsVtCCNLDttPCDRHfjQBNE9o9sh1fwpump,0.00029803553882491593,0.00029803553882491593,0.00029803553882491593,0.00029803553882491593,1m,0.0
2024-11-07 12:39:00,1gFK5zcGnKsVtCCNLDttPCDRHfjQBNE9o9sh1fwpump,0.0002976370573848108,0.00029803553882491593,0.0002976370573848108,0.00029803553882491593,1m,80475.676949
2024-11-07 12:40:00,1gFK5zcGnKsVtCCNLDttPCDRHfjQBNE9o9sh1fwpump,0.0002976370573848108,0.0002976370573848108,0.0002976370573848108,0.0002976370573848108,1m,0.0
2024-11-07 12:41:00,1gFK5zcGnKsVtCCNLDttPCDRHfjQBNE9o9sh1fwpump,0.0002976370573848108,0.0002976370573848108,0.0002976370573848108,0.0002976370573848108,1m,0.0
2024-11-07 12:42:00,1gFK5zcGnKsVtCCNLDttPCDRHfjQBNE9o9sh1fwpump,0.0002976370573848108,0.0002976370573848108,0.0002976370573848108,0.0002976370573848108,1m,0.0
2024-11-07 12:43:00,1gFK5zcGnKsVtCCNLDttPCDRHfjQBNE9o9sh1fwpump,0.00029915017875163094,0.00029915017875163094,0.0002976370573848108,0.0002976370573848108,1m,93123.086938
2024-11-07 12:44:00,1gFK5zcGnKsVtCCNLDttPCDRHfjQBNE9o9sh1fwpump,0.00029915017875163094,0.00029915017875163094,0.00029915017875163094,0.00029915017875163094,1m,0.0
2024-11-07 12:45:00,1gFK5zcGnKsVtCCNLDttPCDRHfjQBNE9o9sh1fwpump,0.0003002223072971515,0.0003002223072971515,0.00029915017875163094,0.00029915017875163094,1m,199216.971306
2024-11-07 12:46:00,1gFK5zcGnKsVtCCNLDttPCDRHfjQBNE9o9sh1fwpump,0.0003012825360347442,0.0003012825360347442,0.0003002223072971515,0.0003002223072971515,1m,89004.976843
2024-11-07 12:47:00,1gFK5zcGnKsVtCCNLDttPCDRHfjQBNE9o9sh1fwpump,0.0002994455453457176,0.0003012825360347442,0.0002994455453457176,0.0003012825360347442,1m,304665.323879
2024-11-07 12:48:00,1gFK5zcGnKsVtCCNLDttPCDRHfjQBNE9o9sh1fwpump,0.0002994455453457176,0.0002994455453457176,0.0002994455453457176,0.0002994455453457176,1m,0.0
2024-11-07 12:49:00,1gFK5zcGnKsVtCCNLDttPCDRHfjQBNE9o9sh1fwpump,0.0002994455453457176,0.0002994455453457176,0.0002994455453457176,0.0002994455453457176,1m,0.0
2024-11-07 12:50:00,1gFK5zcGnKsVtCCNLDttPCDRHfjQBNE9o9sh1fwpump,0.0002994455453457176,0.0002994455453457176,0.0002994455453457176,0.0002994455453457176,1m,0.0
2024-11-07 12:51:00,1gFK5zcGnKsVtCCNLDttPCDRHfjQBNE9o9sh1fwpump,0.0002999392653335437,0.0002999392653335437,0.000298019221241729,0.0002994455453457176,1m,167135.170469
2024-11-07 12:52:00,1gFK5zcGnKsVtCCNLDttPCDRHfjQBNE9o9sh1fwpump,0.00030091391378180135,0.00030091391378180135,0.0002999392653335437,0.0002999392653335437,1m,124666.431497
2024-11-07 12:53:00,1gFK5zcGnKsVtCCNLDttPCDRHfjQBNE9o9sh1fwpump,0.00030091391378180135,0.00030091391378180135,0.00030091391378180135,0.00030091391378180135,1m,0.0
2024-11-07 12:54:00,1gFK5zcGnKsVtCCNLDttPCDRHfjQBNE9o9sh1fwpump,0.00030091391378180135,0.00030091391378180135,0.00030091391378180135,0.00030091391378180135,1m,0.0
2024-11-07 12:55:00,1gFK5zcGnKsVtCCNLDttPCDRHfjQBNE9o9sh1fwpump,0.00030091391378180135,0.00030091391378180135,0.00030091391378180135,0.00030091391378180135,1m,0.0
2024-11-07 12:56:00,1gFK5zcGnKsVtCCNLDttPCDRHfjQBNE9o9sh1fwpump,0.00029821908444753546,0.00030091391378180135,0.00029807210304377694,0.00030091391378180135,1m,786188.665326
2024-11-07 12:57:00,1gFK5zcGnKsVtCCNLDttPCDRHfjQBNE9o9sh1fwpump,0.0002969364530203768,0.00029821908444753546,0.0002969364530203768,0.00029821908444753546,1m,72725.760385
2024-11-07 12:58:00,1gFK5zcGnKsVtCCNLDttPCDRHfjQBNE9o9sh1fwpump,0.00032925570950032853,0.00032925570950032853,0.0002969364530203768,0.0002969364530203768,1m,5194903.8253419995
2024-11-07 12:59:00,1gFK5zcGnKsVtCCNLDttPCDRHfjQBNE9o9sh1fwpump,0.00032561811349073115,0.00032925570950032853,0.00032561811349073115,0.00032925570950032853,1m,458823.885161
2024-11-07 13:00:00,1gFK5zcGnKsVtCCNLDttPCDRHfjQBNE9o9sh1fwpump,0.00032561811349073115,0.00032561811349073115,0.00032561811349073115,0.00032561811349073115,1m,0.0
2024-11-07 13:01:00,1gFK5zcGnKsVtCCNLDttPCDRHfjQBNE9o9sh1fwpump,0.00032561811349073115,0.00032561811349073115,0.00032561811349073115,0.00032561811349073115,1m,0.0
2024-11-07 13:02:00,1gFK5zcGnKsVtCCNLDttPCDRHfjQBNE9o9sh1fwpump,0.0003261394456767819,0.00032740161701714674,0.00032561811349073115,0.00032561811349073115,1m,185961.98327300002
2024-11-07 13:03:00,1gFK5zcGnKsVtCCNLDttPCDRHfjQBNE9o9sh1fwpump,0.0002690370932894909,0.0003261394456767819,0.0002690370932894909,0.0003261394456767819,1m,16468325.807392
2024-11-07 13:04:00,1gFK5zcGnKsVtCCNLDttPCDRHfjQBNE9o9sh1fwpump,0.000270784486133709,0.000270784486133709,0.00026785061402820744,0.0002690370932894909,1m,1269752.810299
2024-11-07 13:05:00,1gFK5zcGnKsVtCCNLDttPCDRHfjQBNE9o9sh1fwpump,0.00025867323220201956,0.000270784486133709,0.0002468644303607541,0.000270784486133709,1m,11889974.401717
2024-11-07 13:06:00,1gFK5zcGnKsVtCCNLDttPCDRHfjQBNE9o9sh1fwpump,0.00026215579934610154,0.00026215579934610154,0.00025867323220201956,0.00025867323220201956,1m,758683.8828560001
2024-11-07 13:07:00,1gFK5zcGnKsVtCCNLDttPCDRHfjQBNE9o9sh1fwpump,0.00025721497509365,0.00026215579934610154,0.00025721497509365,0.00026215579934610154,1m,859902.377287
2024-11-07 13:08:00,1gFK5zcGnKsVtCCNLDttPCDRHfjQBNE9o9sh1fwpump,0.00025288885111798116,0.00025721497509365,0.00025288885111798116,0.00025721497509365,1m,2972463.466746
2024-11-07 13:09:00,1gFK5zcGnKsVtCCNLDttPCDRHfjQBNE9o9sh1fwpump,0.0002413418925668478,0.00025288885111798116,0.0002413418925668478,0.00025288885111798116,1m,4357464.576333
2024-11-07 13:10:00,1gFK5zcGnKsVtCCNLDttPCDRHfjQBNE9o9sh1fwpump,0.00024140442901829972,0.00024140442901829972,0.0002413418925668478,0.0002413418925668478,1m,105237.479002
2024-11-07 13:11:00,1gFK5zcGnKsVtCCNLDttPCDRHfjQBNE9o9sh1fwpump,0.0002546193693889047,0.0002546193693889047,0.00024140442901829972,0.00024140442901829972,1m,3089443.6507480005
2024-11-07 13:12:00,1gFK5zcGnKsVtCCNLDttPCDRHfjQBNE9o9sh1fwpump,0.00025758346192522943,0.00025758346192522943,0.00025054598995324765,0.0002546193693889047,1m,5260472.578032
2024-11-07 13:13:00,1gFK5zcGnKsVtCCNLDttPCDRHfjQBNE9o9sh1fwpump,0.00023745212036602536,0.00026245412044051245,0.00023745212036602536,0.00025758346192522943,1m,9371034.95382
2024-11-07 13:14:00,1gFK5zcGnKsVtCCNLDttPCDRHfjQBNE9o9sh1fwpump,0.0002006915974978547,0.00023745212036602536,0.0001898560589885418,0.00023745212036602536,1m,25397696.88151199
2024-11-07 13:15:00,1gFK5zcGnKsVtCCNLDttPCDRHfjQBNE9o9sh1fwpump,0.0001998839985594639,0.00021287817962817063,0.00019977498269891213,0.0002006915974978547,1m,14699801.531506998
2024-11-07 13:16:00,1gFK5zcGnKsVtCCNLDttPCDRHfjQBNE9o9sh1fwpump,0.00019502854204043026,0.00020383284351095388,0.00019502854204043026,0.0001998839985594639,1m,4931591.811038
2024-11-07 13:17:00,1gFK5zcGnKsVtCCNLDttPCDRHfjQBNE9o9sh1fwpump,0.00019481423623652014,0.00019502854204043026,0.00019084466161163114,0.00019502854204043026,1m,3474441.1898229998
2024-11-07 13:18:00,1gFK5zcGnKsVtCCNLDttPCDRHfjQBNE9o9sh1fwpump,0.00022571473869061753,0.00022571473869061753,0.00019414418607577598,0.00019481423623652014,1m,9440582.181548
2024-11-07 13:19:00,1gFK5zcGnKsVtCCNLDttPCDRHfjQBNE9o9sh1fwpump,0.0002602818650055467,0.0002602818650055467,0.00022382315001475417,0.00022571473869061753,1m,9473598.474232
2024-11-07 13:20:00,1gFK5zcGnKsVtCCNLDttPCDRHfjQBNE9o9sh1fwpump,0.0002641475379641278,0.0002641475379641278,0.00025981794146623393,0.0002602818650055467,1m,1516774.256104
2024-11-07 13:21:00,1gFK5zcGnKsVtCCNLDttPCDRHfjQBNE9o9sh1fwpump,0.0003130022798132273,0.0003130022798132273,0.0002633438235862236,0.0002641475379641278,1m,10421431.303007003
2024-11-07 13:22:00,1gFK5zcGnKsVtCCNLDttPCDRHfjQBNE9o9sh1fwpump,0.0002889104779487598,0.0003130022798132273,0.0002889104779487598,0.0003130022798132273,1m,4389480.552851
2024-11-07 13:23:00,1gFK5zcGnKsVtCCNLDttPCDRHfjQBNE9o9sh1fwpump,0.00028344903452179326,0.0002889104779487598,0.00028344903452179326,0.0002889104779487598,1m,1030527.611125
2024-11-07 13:24:00,1gFK5zcGnKsVtCCNLDttPCDRHfjQBNE9o9sh1fwpump,0.00028233891992977947,0.0002843387170401402,0.00028233891992977947,0.00028344903452179326,1m,297834.939267
2024-11-07 13:25:00,1gFK5zcGnKsVtCCNLDttPCDRHfjQBNE9o9sh1fwpump,0.00027056481221718765,0.00028233891992977947,0.00027056481221718765,0.00028233891992977947,1m,3328169.123112
2024-11-07 13:26:00,1gFK5zcGnKsVtCCNLDttPCDRHfjQBNE9o9sh1fwpump,0.00027095627115506356,0.0002720887409276153,0.0002638669059229519,0.00027056481221718765,1m,3158745.3321700003
2024-11-07 13:27:00,1gFK5zcGnKsVtCCNLDttPCDRHfjQBNE9o9sh1fwpump,0.0002728133585506073,0.0002728133585506073,0.00027095627115506356,0.00027095627115506356,1m,343971.629028
2024-11-07 13:28:00,1gFK5zcGnKsVtCCNLDttPCDRHfjQBNE9o9sh1fwpump,0.0002799923185594192,0.0002799923185594192,0.0002728133585506073,0.0002728133585506073,1m,1903725.256216
2024-11-07 13:29:00,1gFK5zcGnKsVtCCNLDttPCDRHfjQBNE9o9sh1fwpump,0.0002799923185594192,0.0002799923185594192,0.0002799923185594192,0.0002799923185594192,1m,0.0
2024-11-07 13:30:00,1gFK5zcGnKsVtCCNLDttPCDRHfjQBNE9o9sh1fwpump,0.0002799923185594192,0.0002799923185594192,0.0002799923185594192,0.0002799923185594192,1m,0.0
2024-11-07 13:31:00,1gFK5zcGnKsVtCCNLDttPCDRHfjQBNE9o9sh1fwpump,0.0002799923185594192,0.0002799923185594192,0.0002799923185594192,0.0002799923185594192,1m,0.0
2024-11-07 13:32:00,1gFK5zcGnKsVtCCNLDttPCDRHfjQBNE9o9sh1fwpump,0.0002825497356831884,0.0002825497356831884,0.0002799923185594192,0.0002799923185594192,1m,994872.58011
2024-11-07 13:33:00,1gFK5zcGnKsVtCCNLDttPCDRHfjQBNE9o9sh1fwpump,0.00027625658438001796,0.0002825497356831884,0.00027625658438001796,0.0002825497356831884,1m,2984778.96399
2024-11-07 13:34:00,1gFK5zcGnKsVtCCNLDttPCDRHfjQBNE9o9sh1fwpump,0.0002792791925325919,0.0002792791925325919,0.00027625658438001796,0.00027625658438001796,1m,3623646.936508
2024-11-07 13:35:00,1gFK5zcGnKsVtCCNLDttPCDRHfjQBNE9o9sh1fwpump,0.0002859987498380163,0.0002859987498380163,0.0002792791925325919,0.0002792791925325919,1m,545873.291422
2024-11-07 13:36:00,1gFK5zcGnKsVtCCNLDttPCDRHfjQBNE9o9sh1fwpump,0.0002859987498380163,0.0002859987498380163,0.0002859987498380163,0.0002859987498380163,1m,0.0
2024-11-07 13:37:00,1gFK5zcGnKsVtCCNLDttPCDRHfjQBNE9o9sh1fwpump,0.00028513338222871734,0.0002859987498380163,0.0002842557887621732,0.0002859987498380163,1m,225432.675827
2024-11-07 13:38:00,1gFK5zcGnKsVtCCNLDttPCDRHfjQBNE9o9sh1fwpump,0.00027907915708409096,0.0002855530367187132,0.00027907915708409096,0.00028513338222871734,1m,1259303.210242
2024-11-07 13:39:00,1gFK5zcGnKsVtCCNLDttPCDRHfjQBNE9o9sh1fwpump,0.0002786023966576126,0.00027907915708409096,0.0002786023966576126,0.00027907915708409096,1m,63742.121611
2024-11-07 13:40:00,1gFK5zcGnKsVtCCNLDttPCDRHfjQBNE9o9sh1fwpump,0.00027822706660955,0.0002786023966576126,0.00027721731852815005,0.0002786023966576126,1m,613354.070331
2024-11-07 13:41:00,1gFK5zcGnKsVtCCNLDttPCDRHfjQBNE9o9sh1fwpump,0.00027927840194646195,0.00027927840194646195,0.00027822706660955,0.00027822706660955,1m,73665.20165999999
2024-11-07 13:42:00,1gFK5zcGnKsVtCCNLDttPCDRHfjQBNE9o9sh1fwpump,0.00027927840194646195,0.00027927840194646195,0.00027927840194646195,0.00027927840194646195,1m,0.0
2024-11-07 13:43:00,1gFK5zcGnKsVtCCNLDttPCDRHfjQBNE9o9sh1fwpump,0.00027909478898464955,0.00027927840194646195,0.00027909478898464955,0.00027927840194646195,1m,9266.944383
2024-11-07 13:44:00,1gFK5zcGnKsVtCCNLDttPCDRHfjQBNE9o9sh1fwpump,0.0002802814717140041,0.00028126826409556436,0.00027909478898464955,0.00027909478898464955,1m,1282874.408829
2024-11-07 13:45:00,1gFK5zcGnKsVtCCNLDttPCDRHfjQBNE9o9sh1fwpump,0.0002802814717140041,0.0002802814717140041,0.0002802814717140041,0.0002802814717140041,1m,0.0
2024-11-07 13:46:00,1gFK5zcGnKsVtCCNLDttPCDRHfjQBNE9o9sh1fwpump,0.0002793327494499972,0.00028070206216626104,0.0002793327494499972,0.0002802814717140041,1m,135023.646232
2024-11-07 13:47:00,1gFK5zcGnKsVtCCNLDttPCDRHfjQBNE9o9sh1fwpump,0.0002793327494499972,0.0002793327494499972,0.0002793327494499972,0.0002793327494499972,1m,0.0
2024-11-07 13:48:00,1gFK5zcGnKsVtCCNLDttPCDRHfjQBNE9o9sh1fwpump,0.00027327450908228685,0.0002793327494499972,0.00027327450908228685,0.0002793327494499972,1m,1578291.6469589998
2024-11-07 13:49:00,1gFK5zcGnKsVtCCNLDttPCDRHfjQBNE9o9sh1fwpump,0.00027327450908228685,0.00027327450908228685,0.00027327450908228685,0.00027327450908228685,1m,0.0
2024-11-07 13:50:00,1gFK5zcGnKsVtCCNLDttPCDRHfjQBNE9o9sh1fwpump,0.0002723694427989213,0.00027327450908228685,0.0002723694427989213,0.00027327450908228685,1m,150694.346389
2024-11-07 13:51:00,1gFK5zcGnKsVtCCNLDttPCDRHfjQBNE9o9sh1fwpump,0.0002723694427989213,0.0002723694427989213,0.0002723694427989213,0.0002723694427989213,1m,0.0
2024-11-07 13:52:00,1gFK5zcGnKsVtCCNLDttPCDRHfjQBNE9o9sh1fwpump,0.0002709398831302715,0.0002723694427989213,0.0002709398831302715,0.0002723694427989213,1m,20203.090382
2024-11-07 13:53:00,1gFK5zcGnKsVtCCNLDttPCDRHfjQBNE9o9sh1fwpump,0.00026890737860254393,0.00027227951587028974,0.00026890737860254393,0.0002709398831302715,1m,1740810.6582499999
2024-11-07 13:54:00,1gFK5zcGnKsVtCCNLDttPCDRHfjQBNE9o9sh1fwpump,0.00026890737860254393,0.00026890737860254393,0.00026890737860254393,0.00026890737860254393,1m,0.0
2024-11-07 13:55:00,1gFK5zcGnKsVtCCNLDttPCDRHfjQBNE9o9sh1fwpump,0.00026890737860254393,0.00026890737860254393,0.00026890737860254393,0.00026890737860254393,1m,0.0
2024-11-07 13:56:00,1gFK5zcGnKsVtCCNLDttPCDRHfjQBNE9o9sh1fwpump,0.00026890737860254393,0.00026890737860254393,0.00026890737860254393,0.00026890737860254393,1m,0.0
2024-11-07 13:57:00,1gFK5zcGnKsVtCCNLDttPCDRHfjQBNE9o9sh1fwpump,0.00026890737860254393,0.00026890737860254393,0.00026890737860254393,0.00026890737860254393,1m,0.0
2024-11-07 13:58:00,1gFK5zcGnKsVtCCNLDttPCDRHfjQBNE9o9sh1fwpump,0.00027718635131728246,0.00027718635131728246,0.00026595781067302495,0.00026890737860254393,1m,4042231.640677
2024-11-07 13:59:00,1gFK5zcGnKsVtCCNLDttPCDRHfjQBNE9o9sh1fwpump,0.0002857981110362964,0.00028588783182508827,0.00027718635131728246,0.00027718635131728246,1m,65140.513506
2024-11-07 14:00:00,1gFK5zcGnKsVtCCNLDttPCDRHfjQBNE9o9sh1fwpump,0.0002737414074299583,0.0002858162221819609,0.0002737414074299583,0.0002857981110362964,1m,2382797.44041
2024-11-07 14:01:00,1gFK5zcGnKsVtCCNLDttPCDRHfjQBNE9o9sh1fwpump,0.00027697459693745474,0.00027697459693745474,0.0002737414074299583,0.0002737414074299583,1m,654375.367563
2024-11-07 14:02:00,1gFK5zcGnKsVtCCNLDttPCDRHfjQBNE9o9sh1fwpump,0.00026937788441771144,0.00027697459693745474,0.00026937788441771144,0.00027697459693745474,1m,2566921.274232
2024-11-07 14:03:00,1gFK5zcGnKsVtCCNLDttPCDRHfjQBNE9o9sh1fwpump,0.00026645763455636785,0.00026937788441771144,0.0002650444486093524,0.00026937788441771144,1m,100108.093074
2024-11-07 14:04:00,1gFK5zcGnKsVtCCNLDttPCDRHfjQBNE9o9sh1fwpump,0.0002653719964395395,0.00026645763455636785,0.0002653719964395395,0.00026645763455636785,1m,20000.0
2024-11-07 14:05:00,1gFK5zcGnKsVtCCNLDttPCDRHfjQBNE9o9sh1fwpump,0.00026511338427438356,0.0002653719964395395,0.00026511338427438356,0.0002653719964395395,1m,25000.0
2024-11-07 14:06:00,1gFK5zcGnKsVtCCNLDttPCDRHfjQBNE9o9sh1fwpump,0.00027161776407373943,0.00027161776407373943,0.0002649001878028602,0.00026511338427438356,1m,2213655.229744
2024-11-07 14:07:00,1gFK5zcGnKsVtCCNLDttPCDRHfjQBNE9o9sh1fwpump,0.00027088796327713453,0.00027584313412073016,0.00027088796327713453,0.00027161776407373943,1m,2035000.0
2024-11-07 14:08:00,1gFK5zcGnKsVtCCNLDttPCDRHfjQBNE9o9sh1fwpump,0.0002674742965080947,0.00027088796327713453,0.0002674742965080947,0.00027088796327713453,1m,69867.726602
2024-11-07 14:09:00,1gFK5zcGnKsVtCCNLDttPCDRHfjQBNE9o9sh1fwpump,0.000262252233587129,0.0002674742965080947,0.000262252233587129,0.0002674742965080947,1m,1841297.9218259999
2024-11-07 14:10:00,1gFK5zcGnKsVtCCNLDttPCDRHfjQBNE9o9sh1fwpump,0.00026198545192095737,0.000262252233587129,0.00026198545192095737,0.000262252233587129,1m,30000.0
2024-11-07 14:11:00,1gFK5zcGnKsVtCCNLDttPCDRHfjQBNE9o9sh1fwpump,0.0002260526211487154,0.00026198545192095737,0.0002260526211487154,0.00026198545192095737,1m,15372899.107837
2024-11-07 14:12:00,1gFK5zcGnKsVtCCNLDttPCDRHfjQBNE9o9sh1fwpump,0.00024245194328384592,0.00024245194328384592,0.00022316020226885138,0.0002260526211487154,1m,6757975.365289
2024-11-07 14:13:00,1gFK5zcGnKsVtCCNLDttPCDRHfjQBNE9o9sh1fwpump,0.00024686820305476747,0.00024686820305476747,0.00024245194328384592,0.00024245194328384592,1m,1858859.770204
2024-11-07 14:14:00,1gFK5zcGnKsVtCCNLDttPCDRHfjQBNE9o9sh1fwpump,0.0002551884014112583,0.0002551884014112583,0.0002462907827194592,0.00024686820305476747,1m,3068657.1261690003
2024-11-07 14:15:00,1gFK5zcGnKsVtCCNLDttPCDRHfjQBNE9o9sh1fwpump,0.000257647706964032,0.0002586353122564983,0.0002551884014112583,0.0002551884014112583,1m,953080.7273240001
2024-11-07 14:16:00,1gFK5zcGnKsVtCCNLDttPCDRHfjQBNE9o9sh1fwpump,0.0002602379792780366,0.0002602379792780366,0.000257647706964032,0.000257647706964032,1m,568526.031783
2024-11-07 14:17:00,1gFK5zcGnKsVtCCNLDttPCDRHfjQBNE9o9sh1fwpump,0.0002602379792780366,0.0002602379792780366,0.0002602379792780366,0.0002602379792780366,1m,0.0
2024-11-07 14:18:00,1gFK5zcGnKsVtCCNLDttPCDRHfjQBNE9o9sh1fwpump,0.000260282404566589,0.000260282404566589,0.0002602379792780366,0.0002602379792780366,1m,136667.308437
2024-11-07 14:19:00,1gFK5zcGnKsVtCCNLDttPCDRHfjQBNE9o9sh1fwpump,0.000260282404566589,0.000260282404566589,0.000260282404566589,0.000260282404566589,1m,0.0
2024-11-07 14:20:00,1gFK5zcGnKsVtCCNLDttPCDRHfjQBNE9o9sh1fwpump,0.000260282404566589,0.000260282404566589,0.000260282404566589,0.000260282404566589,1m,0.0
2024-11-07 14:21:00,1gFK5zcGnKsVtCCNLDttPCDRHfjQBNE9o9sh1fwpump,0.0002621434020009702,0.0002621434020009702,0.000260282404566589,0.000260282404566589,1m,207796.866571
2024-11-07 14:22:00,1gFK5zcGnKsVtCCNLDttPCDRHfjQBNE9o9sh1fwpump,0.0002621434020009702,0.0002621434020009702,0.0002621434020009702,0.0002621434020009702,1m,0.0
2024-11-07 14:23:00,1gFK5zcGnKsVtCCNLDttPCDRHfjQBNE9o9sh1fwpump,0.0002644196672194763,0.0002644196672194763,0.0002621434020009702,0.0002621434020009702,1m,189153.113128
2024-11-07 14:24:00,1gFK5zcGnKsVtCCNLDttPCDRHfjQBNE9o9sh1fwpump,0.000262549416466943,0.0002644196672194763,0.000262549416466943,0.0002644196672194763,1m,163752.803623
2024-11-07 14:25:00,1gFK5zcGnKsVtCCNLDttPCDRHfjQBNE9o9sh1fwpump,0.00026248360261405966,0.0002638426168396915,0.00026248360261405966,0.000262549416466943,1m,68763.242731
2024-11-07 14:26:00,1gFK5zcGnKsVtCCNLDttPCDRHfjQBNE9o9sh1fwpump,0.00026112886886173073,0.00026248360261405966,0.00026112886886173073,0.00026248360261405966,1m,502577.715782
2024-11-07 14:27:00,1gFK5zcGnKsVtCCNLDttPCDRHfjQBNE9o9sh1fwpump,0.00026112886886173073,0.00026112886886173073,0.00026112886886173073,0.00026112886886173073,1m,0.0
2024-11-07 14:28:00,1gFK5zcGnKsVtCCNLDttPCDRHfjQBNE9o9sh1fwpump,0.00026112886886173073,0.00026112886886173073,0.00026112886886173073,0.00026112886886173073,1m,0.0
2024-11-07 14:29:00,1gFK5zcGnKsVtCCNLDttPCDRHfjQBNE9o9sh1fwpump,0.00026112886886173073,0.00026112886886173073,0.00026112886886173073,0.00026112886886173073,1m,0.0
2024-11-07 14:30:00,1gFK5zcGnKsVtCCNLDttPCDRHfjQBNE9o9sh1fwpump,0.00026112886886173073,0.00026112886886173073,0.00026112886886173073,0.00026112886886173073,1m,0.0
2024-11-07 14:31:00,1gFK5zcGnKsVtCCNLDttPCDRHfjQBNE9o9sh1fwpump,0.00026028913402007984,0.00026112886886173073,0.00026028913402007984,0.00026112886886173073,1m,248861.981692
2024-11-07 14:32:00,1gFK5zcGnKsVtCCNLDttPCDRHfjQBNE9o9sh1fwpump,0.00026028913402007984,0.00026028913402007984,0.00026028913402007984,0.00026028913402007984,1m,0.0
2024-11-07 14:33:00,1gFK5zcGnKsVtCCNLDttPCDRHfjQBNE9o9sh1fwpump,0.00026028913402007984,0.00026028913402007984,0.00026028913402007984,0.00026028913402007984,1m,0.0
2024-11-07 14:34:00,1gFK5zcGnKsVtCCNLDttPCDRHfjQBNE9o9sh1fwpump,0.0002617109812701537,0.0002617109812701537,0.0002597111940686957,0.00026028913402007984,1m,752860.268211
2024-11-07 14:35:00,1gFK5zcGnKsVtCCNLDttPCDRHfjQBNE9o9sh1fwpump,0.0002596172624793797,0.0002617109812701537,0.0002573956242197255,0.0002617109812701537,1m,2156392.017449
2024-11-07 14:36:00,1gFK5zcGnKsVtCCNLDttPCDRHfjQBNE9o9sh1fwpump,0.00025823643481257376,0.0002596172624793797,0.00025823643481257376,0.0002596172624793797,1m,275024.56478
2024-11-07 14:37:00,1gFK5zcGnKsVtCCNLDttPCDRHfjQBNE9o9sh1fwpump,0.00025823643481257376,0.00025823643481257376,0.00025823643481257376,0.00025823643481257376,1m,45.912577
2024-11-07 14:38:00,1gFK5zcGnKsVtCCNLDttPCDRHfjQBNE9o9sh1fwpump,0.00025823643481257376,0.00025823643481257376,0.00025823643481257376,0.00025823643481257376,1m,0.0
2024-11-07 14:39:00,1gFK5zcGnKsVtCCNLDttPCDRHfjQBNE9o9sh1fwpump,0.00025701217450096244,0.00025823643481257376,0.00025701217450096244,0.00025823643481257376,1m,54885.463081
2024-11-07 14:40:00,1gFK5zcGnKsVtCCNLDttPCDRHfjQBNE9o9sh1fwpump,0.00025701217450096244,0.00025701217450096244,0.00025701217450096244,0.00025701217450096244,1m,0.0
2024-11-07 14:41:00,1gFK5zcGnKsVtCCNLDttPCDRHfjQBNE9o9sh1fwpump,0.00025969491999920283,0.00025969491999920283,0.00025701217450096244,0.00025701217450096244,1m,436857.896555
2024-11-07 14:42:00,1gFK5zcGnKsVtCCNLDttPCDRHfjQBNE9o9sh1fwpump,0.0002581465715181494,0.00025969491999920283,0.0002581465715181494,0.00025969491999920283,1m,358391.829687
2024-11-07 14:43:00,1gFK5zcGnKsVtCCNLDttPCDRHfjQBNE9o9sh1fwpump,0.0002581465715181494,0.0002581465715181494,0.0002581465715181494,0.0002581465715181494,1m,0.0
2024-11-07 14:44:00,1gFK5zcGnKsVtCCNLDttPCDRHfjQBNE9o9sh1fwpump,0.00025917468393912515,0.00025917468393912515,0.0002581465715181494,0.0002581465715181494,1m,357768.005485
2024-11-07 14:45:00,1gFK5zcGnKsVtCCNLDttPCDRHfjQBNE9o9sh1fwpump,0.00025842848700721337,0.00025917468393912515,0.00025842848700721337,0.00025917468393912515,1m,21175.477513
2024-11-07 14:46:00,1gFK5zcGnKsVtCCNLDttPCDRHfjQBNE9o9sh1fwpump,0.00025842848700721337,0.00025842848700721337,0.00025842848700721337,0.00025842848700721337,1m,0.0
2024-11-07 14:47:00,1gFK5zcGnKsVtCCNLDttPCDRHfjQBNE9o9sh1fwpump,0.00025733973643908504,0.00025842848700721337,0.00025733973643908504,0.00025842848700721337,1m,306086.866232
2024-11-07 14:48:00,1gFK5zcGnKsVtCCNLDttPCDRHfjQBNE9o9sh1fwpump,0.00025733973643908504,0.00025733973643908504,0.00025733973643908504,0.00025733973643908504,1m,0.0
2024-11-07 14:49:00,1gFK5zcGnKsVtCCNLDttPCDRHfjQBNE9o9sh1fwpump,0.00025733973643908504,0.00025733973643908504,0.00025733973643908504,0.00025733973643908504,1m,0.0
2024-11-07 14:50:00,1gFK5zcGnKsVtCCNLDttPCDRHfjQBNE9o9sh1fwpump,0.00025733973643908504,0.00025733973643908504,0.00025733973643908504,0.00025733973643908504,1m,0.0
2024-11-07 14:51:00,1gFK5zcGnKsVtCCNLDttPCDRHfjQBNE9o9sh1fwpump,0.00025733973643908504,0.00025733973643908504,0.00025733973643908504,0.00025733973643908504,1m,0.0
2024-11-07 14:52:00,1gFK5zcGnKsVtCCNLDttPCDRHfjQBNE9o9sh1fwpump,0.00025733973643908504,0.00025733973643908504,0.00025733973643908504,0.00025733973643908504,1m,0.0
2024-11-07 14:53:00,1gFK5zcGnKsVtCCNLDttPCDRHfjQBNE9o9sh1fwpump,0.00025919703178396583,0.00025919703178396583,0.00025733973643908504,0.00025733973643908504,1m,40970.623235
2024-11-07 14:54:00,1gFK5zcGnKsVtCCNLDttPCDRHfjQBNE9o9sh1fwpump,0.00025919703178396583,0.00025919703178396583,0.00025919703178396583,0.00025919703178396583,1m,0.0
2024-11-07 14:55:00,1gFK5zcGnKsVtCCNLDttPCDRHfjQBNE9o9sh1fwpump,0.0002526016285965847,0.00025919703178396583,0.0002526016285965847,0.00025919703178396583,1m,2928572.5624430003
2024-11-07 14:56:00,1gFK5zcGnKsVtCCNLDttPCDRHfjQBNE9o9sh1fwpump,0.0002523781274491481,0.0002526016285965847,0.0002523781274491481,0.0002526016285965847,1m,358391.829688
2024-11-07 14:57:00,1gFK5zcGnKsVtCCNLDttPCDRHfjQBNE9o9sh1fwpump,0.0002523781274491481,0.0002523781274491481,0.0002523781274491481,0.0002523781274491481,1m,0.0
2024-11-07 14:58:00,1gFK5zcGnKsVtCCNLDttPCDRHfjQBNE9o9sh1fwpump,0.00025102004719856105,0.0002523781274491481,0.00025102004719856105,0.0002523781274491481,1m,108991.187473
2024-11-07 14:59:00,1gFK5zcGnKsVtCCNLDttPCDRHfjQBNE9o9sh1fwpump,0.0002294545741502566,0.00025102004719856105,0.0002294545741502566,0.00025102004719856105,1m,5345099.3895809995
2024-11-07 15:00:00,1gFK5zcGnKsVtCCNLDttPCDRHfjQBNE9o9sh1fwpump,0.00022645367722624074,0.0002294545741502566,0.00022645367722624074,0.0002294545741502566,1m,976594.693507
2024-11-07 15:01:00,1gFK5zcGnKsVtCCNLDttPCDRHfjQBNE9o9sh1fwpump,0.00022347151703838548,0.00022645367722624074,0.00022347151703838548,0.00022645367722624074,1m,553026.85372
2024-11-07 15:02:00,1gFK5zcGnKsVtCCNLDttPCDRHfjQBNE9o9sh1fwpump,0.0002217201744678882,0.00022432860562833056,0.0002217201744678882,0.00022347151703838548,1m,995350.284324
2024-11-07 15:03:00,1gFK5zcGnKsVtCCNLDttPCDRHfjQBNE9o9sh1fwpump,0.00022101981099096265,0.00022185296123511438,0.00022101981099096265,0.0002217201744678882,1m,265128.722015
2024-11-07 15:04:00,1gFK5zcGnKsVtCCNLDttPCDRHfjQBNE9o9sh1fwpump,0.00022513793338778436,0.00022513793338778436,0.00022101981099096265,0.00022101981099096265,1m,1031054.251047
2024-11-07 15:05:00,1gFK5zcGnKsVtCCNLDttPCDRHfjQBNE9o9sh1fwpump,0.00022513793338778436,0.00022513793338778436,0.00022513793338778436,0.00022513793338778436,1m,0.0
2024-11-07 15:06:00,1gFK5zcGnKsVtCCNLDttPCDRHfjQBNE9o9sh1fwpump,0.0002311185535915601,0.0002311185535915601,0.00022513793338778436,0.00022513793338778436,1m,2476731.172873
2024-11-07 15:07:00,1gFK5zcGnKsVtCCNLDttPCDRHfjQBNE9o9sh1fwpump,0.0002311185535915601,0.0002311185535915601,0.0002311185535915601,0.0002311185535915601,1m,0.0
2024-11-07 15:08:00,1gFK5zcGnKsVtCCNLDttPCDRHfjQBNE9o9sh1fwpump,0.00024144606602699738,0.00024144606602699738,0.0002311185535915601,0.0002311185535915601,1m,2213282.837575
2024-11-07 15:09:00,1gFK5zcGnKsVtCCNLDttPCDRHfjQBNE9o9sh1fwpump,0.00024144606602699738,0.00024144606602699738,0.00024144606602699738,0.00024144606602699738,1m,0.0
2024-11-07 15:10:00,1gFK5zcGnKsVtCCNLDttPCDRHfjQBNE9o9sh1fwpump,0.00024071817499973436,0.00024144606602699738,0.00024071817499973436,0.00024144606602699738,1m,16276.101507
2024-11-07 15:11:00,1gFK5zcGnKsVtCCNLDttPCDRHfjQBNE9o9sh1fwpump,0.00023107479836356154,0.00024071817499973436,0.00023107479836356154,0.00024071817499973436,1m,2884291.0071739997
2024-11-07 15:12:00,1gFK5zcGnKsVtCCNLDttPCDRHfjQBNE9o9sh1fwpump,0.00021459074890362717,0.00023107479836356154,0.00021459074890362717,0.00023107479836356154,1m,5097041.755503
2024-11-07 15:13:00,1gFK5zcGnKsVtCCNLDttPCDRHfjQBNE9o9sh1fwpump,0.0002165289972766892,0.0002165289972766892,0.00021399002618860405,0.00021459074890362717,1m,965884.423234
2024-11-07 15:14:00,1gFK5zcGnKsVtCCNLDttPCDRHfjQBNE9o9sh1fwpump,0.00021660357423291455,0.00022098261772610848,0.0002165289972766892,0.0002165289972766892,1m,5167170.085085
2024-11-07 15:15:00,1gFK5zcGnKsVtCCNLDttPCDRHfjQBNE9o9sh1fwpump,0.00020905984189039121,0.00021660357423291455,0.00020905984189039121,0.00021660357423291455,1m,1065057.615258
2024-11-07 15:16:00,1gFK5zcGnKsVtCCNLDttPCDRHfjQBNE9o9sh1fwpump,0.00021210402184314097,0.00021210402184314097,0.00020905984189039121,0.00020905984189039121,1m,1343993.901685
2024-11-07 15:17:00,1gFK5zcGnKsVtCCNLDttPCDRHfjQBNE9o9sh1fwpump,0.0002198668140129385,0.0002198668140129385,0.00021210402184314097,0.00021210402184314097,1m,2031040.288726
2024-11-07 15:18:00,1gFK5zcGnKsVtCCNLDttPCDRHfjQBNE9o9sh1fwpump,0.0002198668140129385,0.0002198668140129385,0.0002198668140129385,0.0002198668140129385,1m,0.0
2024-11-07 15:19:00,1gFK5zcGnKsVtCCNLDttPCDRHfjQBNE9o9sh1fwpump,0.0002263167600682565,0.0002263167600682565,0.0002198668140129385,0.0002198668140129385,1m,1473543.2758260001
2024-11-07 15:20:00,1gFK5zcGnKsVtCCNLDttPCDRHfjQBNE9o9sh1fwpump,0.0002396712596686226,0.00024317370137161366,0.0002263167600682565,0.0002263167600682565,1m,8163431.9270440005
2024-11-07 15:21:00,1gFK5zcGnKsVtCCNLDttPCDRHfjQBNE9o9sh1fwpump,0.00023617127257038174,0.0002396712596686226,0.00023617127257038174,0.0002396712596686226,1m,802029.229833
2024-11-07 15:22:00,1gFK5zcGnKsVtCCNLDttPCDRHfjQBNE9o9sh1fwpump,0.00024075848239725844,0.00024075848239725844,0.00023617127257038174,0.00023617127257038174,1m,792774.765289
2024-11-07 15:23:00,1gFK5zcGnKsVtCCNLDttPCDRHfjQBNE9o9sh1fwpump,0.00024075848239725844,0.00024075848239725844,0.00024075848239725844,0.00024075848239725844,1m,0.0
2024-11-07 15:24:00,1gFK5zcGnKsVtCCNLDttPCDRHfjQBNE9o9sh1fwpump,0.00023987687001132105,0.00024075848239725844,0.00023987687001132105,0.00024075848239725844,1m,115500.766323
2024-11-07 15:25:00,1gFK5zcGnKsVtCCNLDttPCDRHfjQBNE9o9sh1fwpump,0.00023677737984631006,0.00023987687001132105,0.00023677737984631006,0.00023987687001132105,1m,753091.5061789999
2024-11-07 15:26:00,1gFK5zcGnKsVtCCNLDttPCDRHfjQBNE9o9sh1fwpump,0.00023825642949966202,0.00023825642949966202,0.00023677737984631006,0.00023677737984631006,1m,157950.238058
2024-11-07 15:27:00,1gFK5zcGnKsVtCCNLDttPCDRHfjQBNE9o9sh1fwpump,0.00024031308341869974,0.00024031308341869974,0.00023825642949966202,0.00023825642949966202,1m,907452.360439
2024-11-07 15:28:00,1gFK5zcGnKsVtCCNLDttPCDRHfjQBNE9o9sh1fwpump,0.00024400401843539937,0.00024400401843539937,0.00024031308341869974,0.00024031308341869974,1m,777856.706555
2024-11-07 15:29:00,1gFK5zcGnKsVtCCNLDttPCDRHfjQBNE9o9sh1fwpump,0.00024679406881162783,0.00024679406881162783,0.00024400401843539937,0.00024400401843539937,1m,589848.638271
2024-11-07 15:30:00,1gFK5zcGnKsVtCCNLDttPCDRHfjQBNE9o9sh1fwpump,0.00024679406881162783,0.00024679406881162783,0.00024679406881162783,0.00024679406881162783,1m,0.0
2024-11-07 15:31:00,1gFK5zcGnKsVtCCNLDttPCDRHfjQBNE9o9sh1fwpump,0.00024679406881162783,0.00024679406881162783,0.00024679406881162783,0.00024679406881162783,1m,0.0
2024-11-07 15:32:00,1gFK5zcGnKsVtCCNLDttPCDRHfjQBNE9o9sh1fwpump,0.00024679406881162783,0.00024679406881162783,0.00024679406881162783,0.00024679406881162783,1m,0.0
2024-11-07 15:33:00,1gFK5zcGnKsVtCCNLDttPCDRHfjQBNE9o9sh1fwpump,0.00024679406881162783,0.00024679406881162783,0.00024679406881162783,0.00024679406881162783,1m,0.0
2024-11-07 15:34:00,1gFK5zcGnKsVtCCNLDttPCDRHfjQBNE9o9sh1fwpump,0.00024928442860554185,0.00024928442860554185,0.00024679406881162783,0.00024679406881162783,1m,419582.724683
2024-11-07 15:35:00,1gFK5zcGnKsVtCCNLDttPCDRHfjQBNE9o9sh1fwpump,0.00024928442860554185,0.00024928442860554185,0.00024928442860554185,0.00024928442860554185,1m,0.0
2024-11-07 15:36:00,1gFK5zcGnKsVtCCNLDttPCDRHfjQBNE9o9sh1fwpump,0.00024928442860554185,0.00024928442860554185,0.00024928442860554185,0.00024928442860554185,1m,0.0
2024-11-07 15:37:00,1gFK5zcGnKsVtCCNLDttPCDRHfjQBNE9o9sh1fwpump,0.00024928442860554185,0.00024928442860554185,0.00024928442860554185,0.00024928442860554185,1m,0.0
2024-11-07 15:38:00,1gFK5zcGnKsVtCCNLDttPCDRHfjQBNE9o9sh1fwpump,0.00024928442860554185,0.00024928442860554185,0.00024928442860554185,0.00024928442860554185,1m,0.0
2024-11-07 15:39:00,1gFK5zcGnKsVtCCNLDttPCDRHfjQBNE9o9sh1fwpump,0.0002492262549787724,0.00024928442860554185,0.0002492262549787724,0.00024928442860554185,1m,351109.98995
2024-11-07 15:40:00,1gFK5zcGnKsVtCCNLDttPCDRHfjQBNE9o9sh1fwpump,0.0002500444997480953,0.0002500444997480953,0.0002492262549787724,0.0002492262549787724,1m,15292.030502
2024-11-07 15:41:00,1gFK5zcGnKsVtCCNLDttPCDRHfjQBNE9o9sh1fwpump,0.0002487321865091598,0.0002500444997480953,0.0002487321865091598,0.0002500444997480953,1m,47429.290972
2024-11-07 15:42:00,1gFK5zcGnKsVtCCNLDttPCDRHfjQBNE9o9sh1fwpump,0.0002465688588421346,0.00025005804729661226,0.00024617349974277204,0.0002487321865091598,1m,1685080.121651
2024-11-07 15:43:00,1gFK5zcGnKsVtCCNLDttPCDRHfjQBNE9o9sh1fwpump,0.0002465688588421346,0.0002465688588421346,0.0002465688588421346,0.0002465688588421346,1m,0.0
2024-11-07 15:44:00,1gFK5zcGnKsVtCCNLDttPCDRHfjQBNE9o9sh1fwpump,0.0002446347250222372,0.0002465688588421346,0.0002446347250222372,0.0002465688588421346,1m,405206.907316
2024-11-07 15:45:00,1gFK5zcGnKsVtCCNLDttPCDRHfjQBNE9o9sh1fwpump,0.00024231061818060979,0.0002446347250222372,0.00024231061818060979,0.0002446347250222372,1m,731126.404643
2024-11-07 15:46:00,1gFK5zcGnKsVtCCNLDttPCDRHfjQBNE9o9sh1fwpump,0.0002435641348768753,0.0002435641348768753,0.00024231061818060979,0.00024231061818060979,1m,822201.9483030001
2024-11-07 15:47:00,1gFK5zcGnKsVtCCNLDttPCDRHfjQBNE9o9sh1fwpump,0.0002435641348768753,0.0002435641348768753,0.0002435641348768753,0.0002435641348768753,1m,0.0
2024-11-07 15:48:00,1gFK5zcGnKsVtCCNLDttPCDRHfjQBNE9o9sh1fwpump,0.0002435641348768753,0.0002435641348768753,0.0002435641348768753,0.0002435641348768753,1m,0.0
2024-11-07 15:49:00,1gFK5zcGnKsVtCCNLDttPCDRHfjQBNE9o9sh1fwpump,0.0002435641348768753,0.0002435641348768753,0.0002435641348768753,0.0002435641348768753,1m,0.0
2024-11-07 15:50:00,1gFK5zcGnKsVtCCNLDttPCDRHfjQBNE9o9sh1fwpump,0.00024558548300443803,0.00024558548300443803,0.0002435641348768753,0.0002435641348768753,1m,117140.331615
2024-11-07 15:51:00,1gFK5zcGnKsVtCCNLDttPCDRHfjQBNE9o9sh1fwpump,0.00024558548300443803,0.00024558548300443803,0.00024558548300443803,0.00024558548300443803,1m,0.0
2024-11-07 15:52:00,1gFK5zcGnKsVtCCNLDttPCDRHfjQBNE9o9sh1fwpump,0.00024558548300443803,0.00024558548300443803,0.00024558548300443803,0.00024558548300443803,1m,0.0
2024-11-07 15:53:00,1gFK5zcGnKsVtCCNLDttPCDRHfjQBNE9o9sh1fwpump,0.00024584734470521597,0.00024584734470521597,0.00024558548300443803,0.00024558548300443803,1m,18686.099645
2024-11-07 15:54:00,1gFK5zcGnKsVtCCNLDttPCDRHfjQBNE9o9sh1fwpump,0.00024584734470521597,0.00024584734470521597,0.00024584734470521597,0.00024584734470521597,1m,0.0
2024-11-07 15:55:00,1gFK5zcGnKsVtCCNLDttPCDRHfjQBNE9o9sh1fwpump,0.00024584734470521597,0.00024584734470521597,0.00024584734470521597,0.00024584734470521597,1m,0.0
2024-11-07 15:56:00,1gFK5zcGnKsVtCCNLDttPCDRHfjQBNE9o9sh1fwpump,0.00024584734470521597,0.00024584734470521597,0.00024584734470521597,0.00024584734470521597,1m,0.0
2024-11-07 15:57:00,1gFK5zcGnKsVtCCNLDttPCDRHfjQBNE9o9sh1fwpump,0.00024558867897875075,0.00024584734470521597,0.0002445852845968436,0.00024584734470521597,1m,115930.580931
2024-11-07 15:58:00,1gFK5zcGnKsVtCCNLDttPCDRHfjQBNE9o9sh1fwpump,0.00024558867897875075,0.00024558867897875075,0.00024558867897875075,0.00024558867897875075,1m,0.0
2024-11-07 15:59:00,1gFK5zcGnKsVtCCNLDttPCDRHfjQBNE9o9sh1fwpump,0.00024558867897875075,0.00024558867897875075,0.00024558867897875075,0.00024558867897875075,1m,0.0
2024-11-07 16:00:00,1gFK5zcGnKsVtCCNLDttPCDRHfjQBNE9o9sh1fwpump,0.0002454633210158035,0.00024558867897875075,0.0002454633210158035,0.00024558867897875075,1m,24278.788316
2024-11-07 16:01:00,1gFK5zcGnKsVtCCNLDttPCDRHfjQBNE9o9sh1fwpump,0.0002454633210158035,0.0002454633210158035,0.0002454633210158035,0.0002454633210158035,1m,0.0
2024-11-07 16:02:00,1gFK5zcGnKsVtCCNLDttPCDRHfjQBNE9o9sh1fwpump,0.0002454633210158035,0.0002454633210158035,0.0002454633210158035,0.0002454633210158035,1m,0.0
2024-11-07 16:03:00,1gFK5zcGnKsVtCCNLDttPCDRHfjQBNE9o9sh1fwpump,0.0002454633210158035,0.0002454633210158035,0.0002454633210158035,0.0002454633210158035,1m,0.0
2024-11-07 16:04:00,1gFK5zcGnKsVtCCNLDttPCDRHfjQBNE9o9sh1fwpump,0.00024576284638714403,0.00024576284638714403,0.0002454633210158035,0.0002454633210158035,1m,19852.090114
2024-11-07 16:05:00,1gFK5zcGnKsVtCCNLDttPCDRHfjQBNE9o9sh1fwpump,0.00024576284638714403,0.00024576284638714403,0.00024576284638714403,0.00024576284638714403,1m,0.0
2024-11-07 16:06:00,1gFK5zcGnKsVtCCNLDttPCDRHfjQBNE9o9sh1fwpump,0.0002458001538451287,0.0002458001538451287,0.00024576284638714403,0.00024576284638714403,1m,420231.146675
2024-11-07 16:07:00,1gFK5zcGnKsVtCCNLDttPCDRHfjQBNE9o9sh1fwpump,0.00024385003490695124,0.0002458001538451287,0.00024385003490695124,0.0002458001538451287,1m,772069.471175
2024-11-07 16:08:00,1gFK5zcGnKsVtCCNLDttPCDRHfjQBNE9o9sh1fwpump,0.00024385003490695124,0.00024385003490695124,0.00024385003490695124,0.00024385003490695124,1m,0.0
2024-11-07 16:09:00,1gFK5zcGnKsVtCCNLDttPCDRHfjQBNE9o9sh1fwpump,0.00023792694438234835,0.00024385003490695124,0.00023792694438234835,0.00024385003490695124,1m,2461145.734048
2024-11-07 16:10:00,1gFK5zcGnKsVtCCNLDttPCDRHfjQBNE9o9sh1fwpump,0.00023792694438234835,0.00023792694438234835,0.00023792694438234835,0.00023792694438234835,1m,0.0
2024-11-07 16:11:00,1gFK5zcGnKsVtCCNLDttPCDRHfjQBNE9o9sh1fwpump,0.00023553884417186195,0.00023792694438234835,0.00023553884417186195,0.00023792694438234835,1m,337139.347499
2024-11-07 16:12:00,1gFK5zcGnKsVtCCNLDttPCDRHfjQBNE9o9sh1fwpump,0.00023553884417186195,0.00023553884417186195,0.00023553884417186195,0.00023553884417186195,1m,0.0
2024-11-07 16:13:00,1gFK5zcGnKsVtCCNLDttPCDRHfjQBNE9o9sh1fwpump,0.00023722295724493153,0.00023722295724493153,0.00023553884417186195,0.00023553884417186195,1m,660405.267046
2024-11-07 16:14:00,1gFK5zcGnKsVtCCNLDttPCDRHfjQBNE9o9sh1fwpump,0.00023722295724493153,0.00023722295724493153,0.00023722295724493153,0.00023722295724493153,1m,0.0
2024-11-07 16:15:00,1gFK5zcGnKsVtCCNLDttPCDRHfjQBNE9o9sh1fwpump,0.00023722295724493153,0.00023722295724493153,0.00023722295724493153,0.00023722295724493153,1m,0.0
2024-11-07 16:16:00,1gFK5zcGnKsVtCCNLDttPCDRHfjQBNE9o9sh1fwpump,0.00023722295724493153,0.00023722295724493153,0.00023722295724493153,0.00023722295724493153,1m,0.0
2024-11-07 16:17:00,1gFK5zcGnKsVtCCNLDttPCDRHfjQBNE9o9sh1fwpump,0.00024173815682762483,0.00024173815682762483,0.00023722295724493153,0.00023722295724493153,1m,1588603.288519
2024-11-07 16:18:00,1gFK5zcGnKsVtCCNLDttPCDRHfjQBNE9o9sh1fwpump,0.0002529110141100078,0.0002529110141100078,0.00024173815682762483,0.00024173815682762483,1m,1986461.6349440003
2024-11-07 16:19:00,1gFK5zcGnKsVtCCNLDttPCDRHfjQBNE9o9sh1fwpump,0.0002509574747372721,0.00025638375253200893,0.0002509574747372721,0.0002529110141100078,1m,3382193.0166539997
2024-11-07 16:20:00,1gFK5zcGnKsVtCCNLDttPCDRHfjQBNE9o9sh1fwpump,0.0002468902151768165,0.0002509574747372721,0.0002468902151768165,0.0002509574747372721,1m,306869.38685899996
2024-11-07 16:21:00,1gFK5zcGnKsVtCCNLDttPCDRHfjQBNE9o9sh1fwpump,0.00026983621587905256,0.0002709158051317233,0.0002468902151768165,0.0002468902151768165,1m,5429100.3264419995
2024-11-07 16:22:00,1gFK5zcGnKsVtCCNLDttPCDRHfjQBNE9o9sh1fwpump,0.000264006630252415,0.00027044103511901453,0.000264006630252415,0.00026983621587905256,1m,1212096.3844589998
2024-11-07 16:23:00,1gFK5zcGnKsVtCCNLDttPCDRHfjQBNE9o9sh1fwpump,0.0002627255523731799,0.00026724502080429816,0.0002627255523731799,0.000264006630252415,1m,1784449.916343
2024-11-07 16:24:00,1gFK5zcGnKsVtCCNLDttPCDRHfjQBNE9o9sh1fwpump,0.000255103421650379,0.0002634895227189166,0.000255103421650379,0.0002627255523731799,1m,3253936.794295
2024-11-07 16:25:00,1gFK5zcGnKsVtCCNLDttPCDRHfjQBNE9o9sh1fwpump,0.0002554600251034983,0.0002554600251034983,0.00025304654132869925,0.000255103421650379,1m,1098508.854272
2024-11-07 16:26:00,1gFK5zcGnKsVtCCNLDttPCDRHfjQBNE9o9sh1fwpump,0.0002546368051599511,0.0002554600251034983,0.0002546368051599511,0.0002554600251034983,1m,152830.998607
2024-11-07 16:27:00,1gFK5zcGnKsVtCCNLDttPCDRHfjQBNE9o9sh1fwpump,0.0002546368051599511,0.0002546368051599511,0.0002546368051599511,0.0002546368051599511,1m,0.0
2024-11-07 16:28:00,1gFK5zcGnKsVtCCNLDttPCDRHfjQBNE9o9sh1fwpump,0.00024929908616988717,0.0002546368051599511,0.00024929908616988717,0.0002546368051599511,1m,2337811.793227
2024-11-07 16:29:00,1gFK5zcGnKsVtCCNLDttPCDRHfjQBNE9o9sh1fwpump,0.0002471122540484987,0.00024929908616988717,0.0002471122540484987,0.00024929908616988717,1m,777499.079001
2024-11-07 16:30:00,1gFK5zcGnKsVtCCNLDttPCDRHfjQBNE9o9sh1fwpump,0.0002399206310546,0.0002471122540484987,0.0002399206310546,0.0002471122540484987,1m,2014669.449678
2024-11-07 16:31:00,1gFK5zcGnKsVtCCNLDttPCDRHfjQBNE9o9sh1fwpump,0.00024395716986685324,0.00024395716986685324,0.0002399206310546,0.0002399206310546,1m,894823.2530060001
2024-11-07 16:32:00,1gFK5zcGnKsVtCCNLDttPCDRHfjQBNE9o9sh1fwpump,0.00024395716986685324,0.00024395716986685324,0.00024395716986685324,0.00024395716986685324,1m,0.0
2024-11-07 16:33:00,1gFK5zcGnKsVtCCNLDttPCDRHfjQBNE9o9sh1fwpump,0.00024449184122963646,0.0002460666186376195,0.00024395716986685324,0.00024395716986685324,1m,213215.14621099998
2024-11-07 16:34:00,1gFK5zcGnKsVtCCNLDttPCDRHfjQBNE9o9sh1fwpump,0.00024413321500944582,0.00024449184122963646,0.00024413321500944582,0.00024449184122963646,1m,63900.0
2024-11-07 16:35:00,1gFK5zcGnKsVtCCNLDttPCDRHfjQBNE9o9sh1fwpump,0.00024413321500944582,0.00024413321500944582,0.00024413321500944582,0.00024413321500944582,1m,0.0
2024-11-07 16:36:00,1gFK5zcGnKsVtCCNLDttPCDRHfjQBNE9o9sh1fwpump,0.0002439613211312282,0.00024413321500944582,0.0002439613211312282,0.00024413321500944582,1m,27501.005994
2024-11-07 16:37:00,1gFK5zcGnKsVtCCNLDttPCDRHfjQBNE9o9sh1fwpump,0.0002503506572069963,0.0002503506572069963,0.0002439613211312282,0.0002439613211312282,1m,1381685.3397189998
2024-11-07 16:38:00,1gFK5zcGnKsVtCCNLDttPCDRHfjQBNE9o9sh1fwpump,0.0002511537411238667,0.0002515079956892682,0.0002503506572069963,0.0002503506572069963,1m,462395.611337
2024-11-07 16:39:00,1gFK5zcGnKsVtCCNLDttPCDRHfjQBNE9o9sh1fwpump,0.0002549295736272665,0.0002549295736272665,0.0002511537411238667,0.0002511537411238667,1m,1163920.5811649999
2024-11-07 16:40:00,1gFK5zcGnKsVtCCNLDttPCDRHfjQBNE9o9sh1fwpump,0.0002549295736272665,0.0002549295736272665,0.0002549295736272665,0.0002549295736272665,1m,0.0
2024-11-07 16:41:00,1gFK5zcGnKsVtCCNLDttPCDRHfjQBNE9o9sh1fwpump,0.0002549295736272665,0.0002549295736272665,0.0002549295736272665,0.0002549295736272665,1m,0.0
2024-11-07 16:42:00,1gFK5zcGnKsVtCCNLDttPCDRHfjQBNE9o9sh1fwpump,0.0002549295736272665,0.0002549295736272665,0.0002549295736272665,0.0002549295736272665,1m,0.0
2024-11-07 16:43:00,1gFK5zcGnKsVtCCNLDttPCDRHfjQBNE9o9sh1fwpump,0.0002549295736272665,0.0002549295736272665,0.0002549295736272665,0.0002549295736272665,1m,0.0
2024-11-07 16:44:00,1gFK5zcGnKsVtCCNLDttPCDRHfjQBNE9o9sh1fwpump,0.00025700450818292057,0.0002575465244656618,0.0002549295736272665,0.0002549295736272665,1m,363912.68761300005
2024-11-07 16:45:00,1gFK5zcGnKsVtCCNLDttPCDRHfjQBNE9o9sh1fwpump,0.0002552500013709636,0.00025700450818292057,0.0002552500013709636,0.00025700450818292057,1m,400000.0
2024-11-07 16:46:00,1gFK5zcGnKsVtCCNLDttPCDRHfjQBNE9o9sh1fwpump,0.0002557328196258756,0.0002557328196258756,0.0002552500013709636,0.0002552500013709636,1m,39581.719029
2024-11-07 16:47:00,1gFK5zcGnKsVtCCNLDttPCDRHfjQBNE9o9sh1fwpump,0.0002557328196258756,0.0002557328196258756,0.0002557328196258756,0.0002557328196258756,1m,0.0
2024-11-07 16:48:00,1gFK5zcGnKsVtCCNLDttPCDRHfjQBNE9o9sh1fwpump,0.0002557328196258756,0.0002557328196258756,0.0002557328196258756,0.0002557328196258756,1m,0.0
2024-11-07 16:49:00,1gFK5zcGnKsVtCCNLDttPCDRHfjQBNE9o9sh1fwpump,0.00025597224769792536,0.00025616391539342985,0.0002557328196258756,0.0002557328196258756,1m,34067.71707
2024-11-07 16:50:00,1gFK5zcGnKsVtCCNLDttPCDRHfjQBNE9o9sh1fwpump,0.0002560727655173411,0.0002560727655173411,0.00025597224769792536,0.00025597224769792536,1m,21042.147507
2024-11-07 16:51:00,1gFK5zcGnKsVtCCNLDttPCDRHfjQBNE9o9sh1fwpump,0.0002554538242670324,0.0002570262040800928,0.0002554538242670324,0.0002560727655173411,1m,316260.525042
2024-11-07 16:52:00,1gFK5zcGnKsVtCCNLDttPCDRHfjQBNE9o9sh1fwpump,0.00025717925909078855,0.00025717925909078855,0.0002554538242670324,0.0002554538242670324,1m,241991.149952
2024-11-07 16:53:00,1gFK5zcGnKsVtCCNLDttPCDRHfjQBNE9o9sh1fwpump,0.00025717925909078855,0.00025717925909078855,0.00025717925909078855,0.00025717925909078855,1m,0.0
2024-11-07 16:54:00,1gFK5zcGnKsVtCCNLDttPCDRHfjQBNE9o9sh1fwpump,0.00025717925909078855,0.00025717925909078855,0.00025717925909078855,0.00025717925909078855,1m,0.0
2024-11-07 16:55:00,1gFK5zcGnKsVtCCNLDttPCDRHfjQBNE9o9sh1fwpump,0.00025717925909078855,0.00025717925909078855,0.00025717925909078855,0.00025717925909078855,1m,0.0
2024-11-07 16:56:00,1gFK5zcGnKsVtCCNLDttPCDRHfjQBNE9o9sh1fwpump,0.0002586251737038531,0.0002586251737038531,0.00025717925909078855,0.00025717925909078855,1m,749827.750439
2024-11-07 16:57:00,1gFK5zcGnKsVtCCNLDttPCDRHfjQBNE9o9sh1fwpump,0.0002586251737038531,0.0002586251737038531,0.0002586251737038531,0.0002586251737038531,1m,0.0
2024-11-07 16:58:00,1gFK5zcGnKsVtCCNLDttPCDRHfjQBNE9o9sh1fwpump,0.0002586251737038531,0.0002586251737038531,0.0002586251737038531,0.0002586251737038531,1m,0.0
2024-11-07 16:59:00,1gFK5zcGnKsVtCCNLDttPCDRHfjQBNE9o9sh1fwpump,0.00025537035004145024,0.0002586251737038531,0.00025537035004145024,0.0002586251737038531,1m,933600.873183
2024-11-07 17:00:00,1gFK5zcGnKsVtCCNLDttPCDRHfjQBNE9o9sh1fwpump,0.00025537035004145024,0.00025537035004145024,0.00025537035004145024,0.00025537035004145024,1m,0.0
2024-11-07 17:01:00,1gFK5zcGnKsVtCCNLDttPCDRHfjQBNE9o9sh1fwpump,0.0002565415072554389,0.0002565415072554389,0.00025537035004145024,0.00025537035004145024,1m,46186.377826
2024-11-07 17:02:00,1gFK5zcGnKsVtCCNLDttPCDRHfjQBNE9o9sh1fwpump,0.0002565415072554389,0.0002565415072554389,0.0002565415072554389,0.0002565415072554389,1m,0.0
2024-11-07 17:03:00,1gFK5zcGnKsVtCCNLDttPCDRHfjQBNE9o9sh1fwpump,0.0002565415072554389,0.0002565415072554389,0.0002565415072554389,0.0002565415072554389,1m,0.0
2024-11-07 17:04:00,1gFK5zcGnKsVtCCNLDttPCDRHfjQBNE9o9sh1fwpump,0.0002565415072554389,0.0002565415072554389,0.0002565415072554389,0.0002565415072554389,1m,0.0
2024-11-07 17:05:00,1gFK5zcGnKsVtCCNLDttPCDRHfjQBNE9o9sh1fwpump,0.0002542204145288973,0.0002565415072554389,0.0002542204145288973,0.0002565415072554389,1m,25849.908461
2024-11-07 17:06:00,1gFK5zcGnKsVtCCNLDttPCDRHfjQBNE9o9sh1fwpump,0.00025370156618366826,0.0002542204145288973,0.00025370156618366826,0.0002542204145288973,1m,203226.944211
2024-11-07 17:07:00,1gFK5zcGnKsVtCCNLDttPCDRHfjQBNE9o9sh1fwpump,0.0002532768447489328,0.00025370156618366826,0.0002532768447489328,0.00025370156618366826,1m,9911.359915
2024-11-07 17:08:00,1gFK5zcGnKsVtCCNLDttPCDRHfjQBNE9o9sh1fwpump,0.0002532768447489328,0.0002532768447489328,0.0002532768447489328,0.0002532768447489328,1m,0.0
2024-11-07 17:09:00,1gFK5zcGnKsVtCCNLDttPCDRHfjQBNE9o9sh1fwpump,0.0002532768447489328,0.0002532768447489328,0.0002532768447489328,0.0002532768447489328,1m,0.0
2024-11-07 17:10:00,1gFK5zcGnKsVtCCNLDttPCDRHfjQBNE9o9sh1fwpump,0.0002532768447489328,0.0002532768447489328,0.0002532768447489328,0.0002532768447489328,1m,0.0
2024-11-07 17:11:00,1gFK5zcGnKsVtCCNLDttPCDRHfjQBNE9o9sh1fwpump,0.0002532768447489328,0.0002532768447489328,0.0002532768447489328,0.0002532768447489328,1m,0.0
2024-11-07 17:12:00,1gFK5zcGnKsVtCCNLDttPCDRHfjQBNE9o9sh1fwpump,0.0002532768447489328,0.0002532768447489328,0.0002532768447489328,0.0002532768447489328,1m,0.0
2024-11-07 17:13:00,1gFK5zcGnKsVtCCNLDttPCDRHfjQBNE9o9sh1fwpump,0.00025411495680998346,0.00025411495680998346,0.0002532768447489328,0.0002532768447489328,1m,3359.223818
2024-11-07 17:14:00,1gFK5zcGnKsVtCCNLDttPCDRHfjQBNE9o9sh1fwpump,0.0002559027192613191,0.0002559027192613191,0.00025411495680998346,0.00025411495680998346,1m,13326.620586
2024-11-07 17:15:00,1gFK5zcGnKsVtCCNLDttPCDRHfjQBNE9o9sh1fwpump,0.0002559027192613191,0.0002559027192613191,0.0002559027192613191,0.0002559027192613191,1m,0.0
2024-11-07 17:16:00,1gFK5zcGnKsVtCCNLDttPCDRHfjQBNE9o9sh1fwpump,0.0002559027192613191,0.0002559027192613191,0.0002559027192613191,0.0002559027192613191,1m,0.0
2024-11-07 17:17:00,1gFK5zcGnKsVtCCNLDttPCDRHfjQBNE9o9sh1fwpump,0.00025396591421765626,0.0002559027192613191,0.00025396591421765626,0.0002559027192613191,1m,651839.338704
2024-11-07 17:18:00,1gFK5zcGnKsVtCCNLDttPCDRHfjQBNE9o9sh1fwpump,0.00025396591421765626,0.00025396591421765626,0.00025396591421765626,0.00025396591421765626,1m,0.0
2024-11-07 17:19:00,1gFK5zcGnKsVtCCNLDttPCDRHfjQBNE9o9sh1fwpump,0.0002530284702884607,0.00025396591421765626,0.0002530284702884607,0.00025396591421765626,1m,56237.201111
2024-11-07 17:20:00,1gFK5zcGnKsVtCCNLDttPCDRHfjQBNE9o9sh1fwpump,0.0002508640743524954,0.0002530284702884607,0.0002505401592247531,0.0002530284702884607,1m,1915834.0981339999
2024-11-07 17:21:00,1gFK5zcGnKsVtCCNLDttPCDRHfjQBNE9o9sh1fwpump,0.0002490825490870664,0.0002511905404782651,0.0002490825490870664,0.0002508640743524954,1m,936415.27526
2024-11-07 17:22:00,1gFK5zcGnKsVtCCNLDttPCDRHfjQBNE9o9sh1fwpump,0.00024750611240674123,0.0002490825490870664,0.00024750611240674123,0.0002490825490870664,1m,151684.194546
2024-11-07 17:23:00,1gFK5zcGnKsVtCCNLDttPCDRHfjQBNE9o9sh1fwpump,0.0002468814800490955,0.00024750611240674123,0.0002468814800490955,0.00024750611240674123,1m,195731.270202
2024-11-07 17:24:00,1gFK5zcGnKsVtCCNLDttPCDRHfjQBNE9o9sh1fwpump,0.0002468814800490955,0.0002468814800490955,0.0002468814800490955,0.0002468814800490955,1m,0.0
2024-11-07 17:25:00,1gFK5zcGnKsVtCCNLDttPCDRHfjQBNE9o9sh1fwpump,0.0002468814800490955,0.0002468814800490955,0.0002468814800490955,0.0002468814800490955,1m,0.0
2024-11-07 17:26:00,1gFK5zcGnKsVtCCNLDttPCDRHfjQBNE9o9sh1fwpump,0.00024627288202082597,0.0002468814800490955,0.00024627288202082597,0.0002468814800490955,1m,18115.302212
2024-11-07 17:27:00,1gFK5zcGnKsVtCCNLDttPCDRHfjQBNE9o9sh1fwpump,0.00023946340489804,0.00024627288202082597,0.00023946340489804,0.00024627288202082597,1m,3304261.450933
2024-11-07 17:28:00,1gFK5zcGnKsVtCCNLDttPCDRHfjQBNE9o9sh1fwpump,0.00023541281614281547,0.00023946340489804,0.00023541281614281547,0.00023946340489804,1m,524632.505013
2024-11-07 17:29:00,1gFK5zcGnKsVtCCNLDttPCDRHfjQBNE9o9sh1fwpump,0.00023461580789253952,0.00023541281614281547,0.00023461580789253952,0.00023541281614281547,1m,205900.14864
2024-11-07 17:30:00,1gFK5zcGnKsVtCCNLDttPCDRHfjQBNE9o9sh1fwpump,0.00023461580789253952,0.00023461580789253952,0.00023461580789253952,0.00023461580789253952,1m,0.0
2024-11-07 17:31:00,1gFK5zcGnKsVtCCNLDttPCDRHfjQBNE9o9sh1fwpump,0.00023461580789253952,0.00023461580789253952,0.00023461580789253952,0.00023461580789253952,1m,0.0
2024-11-07 17:32:00,1gFK5zcGnKsVtCCNLDttPCDRHfjQBNE9o9sh1fwpump,0.00023461580789253952,0.00023461580789253952,0.00023461580789253952,0.00023461580789253952,1m,0.0
2024-11-07 17:33:00,1gFK5zcGnKsVtCCNLDttPCDRHfjQBNE9o9sh1fwpump,0.00023461580789253952,0.00023461580789253952,0.00023461580789253952,0.00023461580789253952,1m,0.0
2024-11-07 17:34:00,1gFK5zcGnKsVtCCNLDttPCDRHfjQBNE9o9sh1fwpump,0.00023461580789253952,0.00023461580789253952,0.00023461580789253952,0.00023461580789253952,1m,0.0
2024-11-07 17:35:00,1gFK5zcGnKsVtCCNLDttPCDRHfjQBNE9o9sh1fwpump,0.00023461580789253952,0.00023461580789253952,0.00023461580789253952,0.00023461580789253952,1m,0.0
2024-11-07 17:36:00,1gFK5zcGnKsVtCCNLDttPCDRHfjQBNE9o9sh1fwpump,0.000234389853593855,0.00023461580789253952,0.000234389853593855,0.00023461580789253952,1m,350000.0
2024-11-07 17:37:00,1gFK5zcGnKsVtCCNLDttPCDRHfjQBNE9o9sh1fwpump,0.000234389853593855,0.000234389853593855,0.000234389853593855,0.000234389853593855,1m,0.0
2024-11-07 17:38:00,1gFK5zcGnKsVtCCNLDttPCDRHfjQBNE9o9sh1fwpump,0.00023245430939832808,0.000234389853593855,0.00023245430939832808,0.000234389853593855,1m,366406.871419
2024-11-07 17:39:00,1gFK5zcGnKsVtCCNLDttPCDRHfjQBNE9o9sh1fwpump,0.00023245430939832808,0.00023245430939832808,0.00023245430939832808,0.00023245430939832808,1m,0.0
2024-11-07 17:40:00,1gFK5zcGnKsVtCCNLDttPCDRHfjQBNE9o9sh1fwpump,0.00023245430939832808,0.00023245430939832808,0.00023245430939832808,0.00023245430939832808,1m,0.0
2024-11-07 17:41:00,1gFK5zcGnKsVtCCNLDttPCDRHfjQBNE9o9sh1fwpump,0.0002280565224075648,0.00023245430939832808,0.0002280565224075648,0.00023245430939832808,1m,2016170.988755
2024-11-07 17:42:00,1gFK5zcGnKsVtCCNLDttPCDRHfjQBNE9o9sh1fwpump,0.0002280565224075648,0.0002280565224075648,0.0002280565224075648,0.0002280565224075648,1m,0.0
2024-11-07 17:43:00,1gFK5zcGnKsVtCCNLDttPCDRHfjQBNE9o9sh1fwpump,0.0002280565224075648,0.0002280565224075648,0.0002280565224075648,0.0002280565224075648,1m,0.0
2024-11-07 17:44:00,1gFK5zcGnKsVtCCNLDttPCDRHfjQBNE9o9sh1fwpump,0.00022318814282568325,0.0002280565224075648,0.00022318814282568325,0.0002280565224075648,1m,937928.277199
2024-11-07 17:45:00,1gFK5zcGnKsVtCCNLDttPCDRHfjQBNE9o9sh1fwpump,0.0002207698628900141,0.00022318814282568325,0.0002207698628900141,0.00022318814282568325,1m,266975.928597
2024-11-07 17:46:00,1gFK5zcGnKsVtCCNLDttPCDRHfjQBNE9o9sh1fwpump,0.0002125597997882664,0.0002207698628900141,0.0002125597997882664,0.0002207698628900141,1m,5018139.613433
2024-11-07 17:47:00,1gFK5zcGnKsVtCCNLDttPCDRHfjQBNE9o9sh1fwpump,0.0002125597997882664,0.0002125597997882664,0.0002125597997882664,0.0002125597997882664,1m,0.0
2024-11-07 17:48:00,1gFK5zcGnKsVtCCNLDttPCDRHfjQBNE9o9sh1fwpump,0.0002125597997882664,0.0002125597997882664,0.0002125597997882664,0.0002125597997882664,1m,0.0
2024-11-07 17:49:00,1gFK5zcGnKsVtCCNLDttPCDRHfjQBNE9o9sh1fwpump,0.0002042662398016858,0.0002125597997882664,0.0002042662398016858,0.0002125597997882664,1m,381540.649112
2024-11-07 17:50:00,1gFK5zcGnKsVtCCNLDttPCDRHfjQBNE9o9sh1fwpump,0.0001994798110607689,0.0002042662398016858,0.0001994798110607689,0.0002042662398016858,1m,2722599.593471
2024-11-07 17:51:00,1gFK5zcGnKsVtCCNLDttPCDRHfjQBNE9o9sh1fwpump,0.00019676567894452398,0.0001994798110607689,0.00019645207632666266,0.0001994798110607689,1m,570438.261785
2024-11-07 17:52:00,1gFK5zcGnKsVtCCNLDttPCDRHfjQBNE9o9sh1fwpump,0.0002016572725663429,0.0002016572725663429,0.00019676567894452398,0.00019676567894452398,1m,1285038.211359
2024-11-07 17:53:00,1gFK5zcGnKsVtCCNLDttPCDRHfjQBNE9o9sh1fwpump,0.00019839873875160884,0.00020218937128741417,0.00019839873875160884,0.0002016572725663429,1m,2116870.569654
2024-11-07 17:54:00,1gFK5zcGnKsVtCCNLDttPCDRHfjQBNE9o9sh1fwpump,0.00019217714550085933,0.00019839873875160884,0.00019217714550085933,0.00019839873875160884,1m,1953801.7369320001
2024-11-07 17:55:00,1gFK5zcGnKsVtCCNLDttPCDRHfjQBNE9o9sh1fwpump,0.00019081158614105124,0.00019273278324449697,0.00019081158614105124,0.00019217714550085933,1m,1332857.85491
2024-11-07 17:56:00,1gFK5zcGnKsVtCCNLDttPCDRHfjQBNE9o9sh1fwpump,0.00019081158614105124,0.00019081158614105124,0.00019081158614105124,0.00019081158614105124,1m,0.0
2024-11-07 17:57:00,1gFK5zcGnKsVtCCNLDttPCDRHfjQBNE9o9sh1fwpump,0.00018937005899146206,0.00019081158614105124,0.00018937005899146206,0.00019081158614105124,1m,381540.649112
2024-11-07 17:58:00,1gFK5zcGnKsVtCCNLDttPCDRHfjQBNE9o9sh1fwpump,0.00019094062758522179,0.00019094062758522179,0.00018767205566408074,0.00018937005899146206,1m,1931206.0810270002
2024-11-07 17:59:00,1gFK5zcGnKsVtCCNLDttPCDRHfjQBNE9o9sh1fwpump,0.00019260682464792718,0.00019260682464792718,0.00019094062758522179,0.00019094062758522179,1m,377030.456462
