datetime,address,c,h,l,o,type,v
2024-10-22 04:36:00,A9e6JzPQstmz94pMnzxgyV14QUqoULSXuf5FPsq8UiRa,1.871621292467341e-05,0.0001076963000982081,1.871621292467341e-05,6.468192373375565e-05,3m,1767397316.0949423
2024-10-22 04:39:00,A9e6JzPQstmz94pMnzxgyV14QUqoULSXuf5FPsq8UiRa,1.265028006412378e-05,1.94887035315315e-05,8.164809619143218e-06,1.871621292467341e-05,3m,906919436.570682
2024-10-22 04:42:00,A9e6JzPQstmz94pMnzxgyV14QUqoULSXuf5FPsq8UiRa,1.0095815730378504e-05,1.5750457343519037e-05,1.0095815730378504e-05,1.265028006412378e-05,3m,199213765.111998
2024-10-22 04:45:00,A9e6JzPQstmz94pMnzxgyV14QUqoULSXuf5FPsq8UiRa,1.3992219467159604e-05,1.6306451397841004e-05,9.485575717909408e-06,1.0095815730378504e-05,3m,410575029.860977
2024-10-22 04:48:00,A9e6JzPQstmz94pMnzxgyV14QUqoULSXuf5FPsq8UiRa,3.0380676403513628e-05,3.1037553680974944e-05,1.3802611365233786e-05,1.3992219467159604e-05,3m,517321868.72639704
2024-10-22 04:51:00,A9e6JzPQstmz94pMnzxgyV14QUqoULSXuf5FPsq8UiRa,9.448534178244065e-05,0.00013663967722827948,2.91928610879317e-05,3.0380676403513628e-05,3m,1225785073.377875
2024-10-22 04:54:00,A9e6JzPQstmz94pMnzxgyV14QUqoULSXuf5FPsq8UiRa,9.18542304854684e-05,0.00021773017780386993,8.966239796585596e-05,9.448534178244065e-05,3m,692185381.9900062
2024-10-22 04:57:00,A9e6JzPQstmz94pMnzxgyV14QUqoULSXuf5FPsq8UiRa,0.00013751223059026277,0.00016192812318232904,6.534726981055217e-05,9.18542304854684e-05,3m,368171729.02336687
2024-10-22 05:00:00,A9e6JzPQstmz94pMnzxgyV14QUqoULSXuf5FPsq8UiRa,0.00012489419775666872,0.00020300255087528314,9.421937014367226e-05,0.00013751223059026277,3m,464862817.58516514
2024-10-22 05:03:00,A9e6JzPQstmz94pMnzxgyV14QUqoULSXuf5FPsq8UiRa,0.00026394311528435486,0.00033029220949760756,0.00010762657020793712,0.00012489419775666872,3m,467320116.16552
2024-10-22 05:06:00,A9e6JzPQstmz94pMnzxgyV14QUqoULSXuf5FPsq8UiRa,0.00017064876481944413,0.0003116828610658576,0.00015325041982409496,0.00026394311528435486,3m,315139756.945939
2024-10-22 05:09:00,A9e6JzPQstmz94pMnzxgyV14QUqoULSXuf5FPsq8UiRa,0.0002343173008117994,0.00031900713920788107,0.00017064876481944413,0.00017064876481944413,3m,213602692.90452796
2024-10-22 05:12:00,A9e6JzPQstmz94pMnzxgyV14QUqoULSXuf5FPsq8UiRa,0.0001587040309099555,0.00027550997244959563,0.00015302298672200174,0.0002343173008117994,3m,214571509.532543
2024-10-22 05:15:00,A9e6JzPQstmz94pMnzxgyV14QUqoULSXuf5FPsq8UiRa,0.0002550995960714918,0.0004260726572443577,0.0001529732776237208,0.0001587040309099555,3m,245535033.75082093
2024-10-22 05:18:00,A9e6JzPQstmz94pMnzxgyV14QUqoULSXuf5FPsq8UiRa,0.00028834681819288403,0.00029613831424987096,0.00019643054919048501,0.0002550995960714918,3m,192622858.93849984
2024-10-22 05:21:00,A9e6JzPQstmz94pMnzxgyV14QUqoULSXuf5FPsq8UiRa,0.00025099976587527055,0.00031858894549268514,0.0002041505466495164,0.00028834681819288403,3m,140681045.81052798
2024-10-22 05:24:00,A9e6JzPQstmz94pMnzxgyV14QUqoULSXuf5FPsq8UiRa,0.00030957145128154595,0.00034181394941037194,0.00024505614871237884,0.00025099976587527055,3m,149706499.8985541
2024-10-22 05:27:00,A9e6JzPQstmz94pMnzxgyV14QUqoULSXuf5FPsq8UiRa,0.0002255621474714647,0.0004897336351775237,0.0002211850062997806,0.00030957145128154595,3m,199773518.32679883
2024-10-22 05:30:00,A9e6JzPQstmz94pMnzxgyV14QUqoULSXuf5FPsq8UiRa,0.00026638153101052667,0.00033668242394522494,0.0002255621474714647,0.0002255621474714647,3m,254193694.08334896
2024-10-22 05:33:00,A9e6JzPQstmz94pMnzxgyV14QUqoULSXuf5FPsq8UiRa,0.00016283284002844875,0.00026638153101052667,0.00013948593839526244,0.00026638153101052667,3m,390505051.86932415
2024-10-22 05:36:00,A9e6JzPQstmz94pMnzxgyV14QUqoULSXuf5FPsq8UiRa,5.835559061059405e-05,0.00016454208354710993,5.5437396951769094e-05,0.00016283284002844875,3m,351870899.637314
2024-10-22 05:39:00,A9e6JzPQstmz94pMnzxgyV14QUqoULSXuf5FPsq8UiRa,0.0001361680355453542,0.0001390203789972407,5.7131588357483676e-05,5.835559061059405e-05,3m,234594494.998468
2024-10-22 05:42:00,A9e6JzPQstmz94pMnzxgyV14QUqoULSXuf5FPsq8UiRa,0.00014706668322752407,0.0001578947646838857,7.423167674560415e-05,0.0001361680355453542,3m,362730499.831119
2024-10-22 05:45:00,A9e6JzPQstmz94pMnzxgyV14QUqoULSXuf5FPsq8UiRa,0.00012702761188781655,0.0001529459294559869,0.00011357672584170957,0.00014706668322752407,3m,97696375.84534
2024-10-22 05:48:00,A9e6JzPQstmz94pMnzxgyV14QUqoULSXuf5FPsq8UiRa,0.0001644078822023539,0.0001690329829217329,0.00012009618343174436,0.00012702761188781655,3m,143378967.80890596
2024-10-22 05:51:00,A9e6JzPQstmz94pMnzxgyV14QUqoULSXuf5FPsq8UiRa,0.00014773123041742146,0.0002123172265670015,0.00014575078889898568,0.0001644078822023539,3m,69501110.51925899
2024-10-22 05:54:00,A9e6JzPQstmz94pMnzxgyV14QUqoULSXuf5FPsq8UiRa,0.00010338114583079696,0.00019220450093313852,0.00010181308967660579,0.00014773123041742146,3m,228014426.77498692
2024-10-22 05:57:00,A9e6JzPQstmz94pMnzxgyV14QUqoULSXuf5FPsq8UiRa,8.967727415386046e-05,0.00011729512452065047,5.6258132480685706e-05,0.00010338114583079696,3m,437696790.4544016
2024-10-22 06:00:00,A9e6JzPQstmz94pMnzxgyV14QUqoULSXuf5FPsq8UiRa,7.80137532802145e-05,0.00011946447097554133,5.7839927498027464e-05,8.967727415386046e-05,3m,243622885.2686869
2024-10-22 06:03:00,A9e6JzPQstmz94pMnzxgyV14QUqoULSXuf5FPsq8UiRa,0.00011049227283204503,0.00011768577251630635,6.711657623385612e-05,7.80137532802145e-05,3m,205302532.2297929
2024-10-22 06:06:00,A9e6JzPQstmz94pMnzxgyV14QUqoULSXuf5FPsq8UiRa,0.00010870706495855313,0.00011375583674276129,0.00010537771475274193,0.00011049227283204503,3m,27932932.069448
2024-10-22 06:09:00,A9e6JzPQstmz94pMnzxgyV14QUqoULSXuf5FPsq8UiRa,0.00010983194691291449,0.00012276404713241449,7.798047450196088e-05,0.00010870706495855313,3m,136230380.398034
2024-10-22 06:12:00,A9e6JzPQstmz94pMnzxgyV14QUqoULSXuf5FPsq8UiRa,0.00011562608301784326,0.00011562608301784326,0.00010257571677635826,0.00010983194691291449,3m,32718040.902551983
2024-10-22 06:15:00,A9e6JzPQstmz94pMnzxgyV14QUqoULSXuf5FPsq8UiRa,0.00012762289429248984,0.00012834687111296916,0.00010839903737837052,0.00011562608301784326,3m,42310713.198058985
2024-10-22 06:18:00,A9e6JzPQstmz94pMnzxgyV14QUqoULSXuf5FPsq8UiRa,0.00014465451268677235,0.00014727825336827293,0.00011349420126794341,0.00012762289429248984,3m,48556664.641472995
2024-10-22 06:21:00,A9e6JzPQstmz94pMnzxgyV14QUqoULSXuf5FPsq8UiRa,0.0001509075987185334,0.00018161280788916967,0.00014417158444334006,0.00014465451268677235,3m,47688765.93108494
2024-10-22 06:24:00,A9e6JzPQstmz94pMnzxgyV14QUqoULSXuf5FPsq8UiRa,0.00013920187367400376,0.00015287340031594685,0.00013920187367400376,0.0001509075987185334,3m,14162657.388661003
2024-10-22 06:27:00,A9e6JzPQstmz94pMnzxgyV14QUqoULSXuf5FPsq8UiRa,0.00012676417889153827,0.00013920187367400376,0.00012676417889153827,0.00013920187367400376,3m,15351936.137915
2024-10-22 06:30:00,A9e6JzPQstmz94pMnzxgyV14QUqoULSXuf5FPsq8UiRa,0.00011218073118907413,0.00012676417889153827,0.00010949560780980254,0.00012676417889153827,3m,17084568.251023
2024-10-22 06:33:00,A9e6JzPQstmz94pMnzxgyV14QUqoULSXuf5FPsq8UiRa,0.0001164714557340962,0.00011786819893267782,0.00011218073118907413,0.00011218073118907413,3m,6354509.164456999
2024-10-22 06:36:00,A9e6JzPQstmz94pMnzxgyV14QUqoULSXuf5FPsq8UiRa,0.0001116709074278534,0.0001164714557340962,0.00010075519576279129,0.0001164714557340962,3m,46173917.37701796
2024-10-22 06:39:00,A9e6JzPQstmz94pMnzxgyV14QUqoULSXuf5FPsq8UiRa,0.00011027042453549415,0.00011172041715590614,0.00011027042453549415,0.0001116709074278534,3m,1258236.4340130005
2024-10-22 06:42:00,A9e6JzPQstmz94pMnzxgyV14QUqoULSXuf5FPsq8UiRa,7.398144929261721e-05,0.00011027042453549415,7.228839901062297e-05,0.00011027042453549415,3m,95799671.81902409
2024-10-22 06:45:00,A9e6JzPQstmz94pMnzxgyV14QUqoULSXuf5FPsq8UiRa,7.442679538768689e-05,7.635644776475079e-05,7.133896034757326e-05,7.398144929261721e-05,3m,22717212.66879199
2024-10-22 06:48:00,A9e6JzPQstmz94pMnzxgyV14QUqoULSXuf5FPsq8UiRa,7.352465350980002e-05,7.442679538768689e-05,7.209659236769667e-05,7.442679538768689e-05,3m,5193610.759513
2024-10-22 06:51:00,A9e6JzPQstmz94pMnzxgyV14QUqoULSXuf5FPsq8UiRa,7.266335986915767e-05,7.352465350980002e-05,7.215782470591706e-05,7.352465350980002e-05,3m,6620936.6543270005
2024-10-22 06:54:00,A9e6JzPQstmz94pMnzxgyV14QUqoULSXuf5FPsq8UiRa,6.70720857492434e-05,7.762956225953743e-05,6.590470810726216e-05,7.266335986915767e-05,3m,32536273.666453008
2024-10-22 06:57:00,A9e6JzPQstmz94pMnzxgyV14QUqoULSXuf5FPsq8UiRa,6.738664906166511e-05,7.13439388472959e-05,6.603901115819418e-05,6.70720857492434e-05,3m,21797696.660809997
2024-10-22 07:00:00,A9e6JzPQstmz94pMnzxgyV14QUqoULSXuf5FPsq8UiRa,5.969726979774694e-05,6.986789759918443e-05,5.969726979774694e-05,6.738664906166511e-05,3m,21672433.572369
2024-10-22 07:03:00,A9e6JzPQstmz94pMnzxgyV14QUqoULSXuf5FPsq8UiRa,8.364892220060762e-05,8.458284284726004e-05,5.835760032875975e-05,5.969726979774694e-05,3m,49936220.73854799
2024-10-22 07:06:00,A9e6JzPQstmz94pMnzxgyV14QUqoULSXuf5FPsq8UiRa,0.00014396126257774366,0.00017451693871394,8.312062339099009e-05,8.364892220060762e-05,3m,119000930.60784999
2024-10-22 07:09:00,A9e6JzPQstmz94pMnzxgyV14QUqoULSXuf5FPsq8UiRa,0.00017192363713733078,0.0002252245773357664,0.00014341356904056863,0.00014396126257774366,3m,80557111.24202204
2024-10-22 07:12:00,A9e6JzPQstmz94pMnzxgyV14QUqoULSXuf5FPsq8UiRa,0.00015644102465533802,0.00018567751979009086,0.00014168285655614672,0.00017192363713733078,3m,191126358.570798
2024-10-22 07:15:00,A9e6JzPQstmz94pMnzxgyV14QUqoULSXuf5FPsq8UiRa,0.00018091413922344723,0.00019276164617775817,0.00015644102465533802,0.00015644102465533802,3m,33195789.28153999
2024-10-22 07:18:00,A9e6JzPQstmz94pMnzxgyV14QUqoULSXuf5FPsq8UiRa,0.0003841740863687935,0.0007116814209638149,0.00017936200645223552,0.00018091413922344723,3m,311208575.6444495
2024-10-22 07:21:00,A9e6JzPQstmz94pMnzxgyV14QUqoULSXuf5FPsq8UiRa,0.00034431441604942605,0.0004060245072876092,0.00033313569627079734,0.0003841740863687935,3m,73541999.15572901
2024-10-22 07:24:00,A9e6JzPQstmz94pMnzxgyV14QUqoULSXuf5FPsq8UiRa,0.00046014422383974254,0.0005053667743709465,0.0002858686378506052,0.00034431441604942605,3m,150034213.65913397
2024-10-22 07:27:00,A9e6JzPQstmz94pMnzxgyV14QUqoULSXuf5FPsq8UiRa,0.0005020005249150012,0.0005526185310117537,0.0004550937896454107,0.00046014422383974254,3m,66423066.64796901
2024-10-22 07:30:00,A9e6JzPQstmz94pMnzxgyV14QUqoULSXuf5FPsq8UiRa,0.0005113550755527258,0.0005695894355064012,0.00045457924742607484,0.0005020005249150012,3m,47252085.374307
2024-10-22 07:33:00,A9e6JzPQstmz94pMnzxgyV14QUqoULSXuf5FPsq8UiRa,0.0004982889243424242,0.0005326859376090553,0.0003688927341763966,0.0005113550755527258,3m,71646358.87652998
2024-10-22 07:36:00,A9e6JzPQstmz94pMnzxgyV14QUqoULSXuf5FPsq8UiRa,0.000631325435693074,0.000631325435693074,0.00047358694061730997,0.0004982889243424242,3m,69884426.29300702
2024-10-22 07:39:00,A9e6JzPQstmz94pMnzxgyV14QUqoULSXuf5FPsq8UiRa,0.0007660882818997871,0.0007660882818997871,0.0006056892785847578,0.000631325435693074,3m,53546553.49660397
2024-10-22 07:42:00,A9e6JzPQstmz94pMnzxgyV14QUqoULSXuf5FPsq8UiRa,0.0007171999527322222,0.000850712947371699,0.0005953352088433686,0.0007660882818997871,3m,63358511.496865
2024-10-22 07:45:00,A9e6JzPQstmz94pMnzxgyV14QUqoULSXuf5FPsq8UiRa,0.0006156949152208252,0.0008750816155105453,0.0005751586424727524,0.0007171999527322222,3m,71028735.20295395
2024-10-22 07:48:00,A9e6JzPQstmz94pMnzxgyV14QUqoULSXuf5FPsq8UiRa,0.0005383185049844226,0.0007855768337604122,0.0004985702160528489,0.0006156949152208252,3m,103880282.99725488
2024-10-22 07:51:00,A9e6JzPQstmz94pMnzxgyV14QUqoULSXuf5FPsq8UiRa,0.000706673980971618,0.000725906772990596,0.0005290483468556849,0.0005383185049844226,3m,45314009.70044898
2024-10-22 07:54:00,A9e6JzPQstmz94pMnzxgyV14QUqoULSXuf5FPsq8UiRa,0.0006390125603208752,0.000711529857371426,0.0005199576738917762,0.000706673980971618,3m,45536519.580591984
2024-10-22 07:57:00,A9e6JzPQstmz94pMnzxgyV14QUqoULSXuf5FPsq8UiRa,0.000615595566221038,0.0006428449880897211,0.0005008353073899231,0.0006390125603208752,3m,41221807.888671
2024-10-22 08:00:00,A9e6JzPQstmz94pMnzxgyV14QUqoULSXuf5FPsq8UiRa,0.000639749387843189,0.0008001100609120482,0.0005974537798036755,0.000615595566221038,3m,50009331.72716001
2024-10-22 08:03:00,A9e6JzPQstmz94pMnzxgyV14QUqoULSXuf5FPsq8UiRa,0.0006375971792591765,0.0007148112013990762,0.0006211388439918556,0.000639749387843189,3m,24113729.846198
2024-10-22 08:06:00,A9e6JzPQstmz94pMnzxgyV14QUqoULSXuf5FPsq8UiRa,0.0005074294023560093,0.0006798077834433826,0.0004744791235132938,0.0006375971792591765,3m,70068317.41116199
2024-10-22 08:09:00,A9e6JzPQstmz94pMnzxgyV14QUqoULSXuf5FPsq8UiRa,0.0004892514993056021,0.000530950927082234,0.00047362800000539236,0.0005074294023560093,3m,35574451.91726801
2024-10-22 08:12:00,A9e6JzPQstmz94pMnzxgyV14QUqoULSXuf5FPsq8UiRa,0.0005703434626183929,0.0006064670762117767,0.00041698211828715317,0.0004892514993056021,3m,94183572.84584898
2024-10-22 08:15:00,A9e6JzPQstmz94pMnzxgyV14QUqoULSXuf5FPsq8UiRa,0.000636775848525611,0.0006525579054979206,0.000509531860822009,0.0005703434626183929,3m,47410516.554212965
2024-10-22 08:18:00,A9e6JzPQstmz94pMnzxgyV14QUqoULSXuf5FPsq8UiRa,0.0006472328452109005,0.0008162078019436135,0.0005540051609006732,0.000636775848525611,3m,41583557.882796
2024-10-22 08:21:00,A9e6JzPQstmz94pMnzxgyV14QUqoULSXuf5FPsq8UiRa,0.0006716366835816134,0.0007244335248622753,0.0006286095817632172,0.0006472328452109005,3m,14061813.386788
2024-10-22 08:24:00,A9e6JzPQstmz94pMnzxgyV14QUqoULSXuf5FPsq8UiRa,0.0005935475995242431,0.0006839812106619053,0.0005699836640777363,0.0006716366835816134,3m,35036117.352284
2024-10-22 08:27:00,A9e6JzPQstmz94pMnzxgyV14QUqoULSXuf5FPsq8UiRa,0.0007462832587095387,0.0008149449151400851,0.0005821740076686643,0.0005935475995242431,3m,40389867.37015099
2024-10-22 08:30:00,A9e6JzPQstmz94pMnzxgyV14QUqoULSXuf5FPsq8UiRa,0.000796137948031592,0.0008349620756114419,0.0007389453935624378,0.0007462832587095387,3m,20016227.413334012
2024-10-22 08:33:00,A9e6JzPQstmz94pMnzxgyV14QUqoULSXuf5FPsq8UiRa,0.0008759647339480546,0.0009471252346461979,0.0007234855775328357,0.000796137948031592,3m,53378287.385336004
2024-10-22 08:36:00,A9e6JzPQstmz94pMnzxgyV14QUqoULSXuf5FPsq8UiRa,0.0008127149961412262,0.0010695700370003777,0.000805014113631991,0.0008759647339480546,3m,35697131.41753498
2024-10-22 08:39:00,A9e6JzPQstmz94pMnzxgyV14QUqoULSXuf5FPsq8UiRa,0.0006957974650755012,0.0008127149961412262,0.000667468749588623,0.0008127149961412262,3m,23499196.064827003
2024-10-22 08:42:00,A9e6JzPQstmz94pMnzxgyV14QUqoULSXuf5FPsq8UiRa,0.00067073308715155,0.000768118107720318,0.0006519076343298842,0.0006957974650755012,3m,31551739.18473501
2024-10-22 08:45:00,A9e6JzPQstmz94pMnzxgyV14QUqoULSXuf5FPsq8UiRa,0.000667793401648514,0.0008905568602906831,0.0006139068930573443,0.00067073308715155,3m,45109208.49430101
2024-10-22 08:48:00,A9e6JzPQstmz94pMnzxgyV14QUqoULSXuf5FPsq8UiRa,0.0007312466120883911,0.0007574051444234701,0.0006619154548251247,0.000667793401648514,3m,33161138.875106003
2024-10-22 08:51:00,A9e6JzPQstmz94pMnzxgyV14QUqoULSXuf5FPsq8UiRa,0.0008251561434357659,0.0008752218165507761,0.000725240376804341,0.0007312466120883911,3m,26703974.254497994
2024-10-22 08:54:00,A9e6JzPQstmz94pMnzxgyV14QUqoULSXuf5FPsq8UiRa,0.0008843799088321965,0.0009653245245334196,0.0008251561434357659,0.0008251561434357659,3m,25464490.597159985
2024-10-22 08:57:00,A9e6JzPQstmz94pMnzxgyV14QUqoULSXuf5FPsq8UiRa,0.0007623094659071908,0.0008876063260619223,0.0007212732257013559,0.0008843799088321965,3m,40594667.34906501
2024-10-22 09:00:00,A9e6JzPQstmz94pMnzxgyV14QUqoULSXuf5FPsq8UiRa,0.0008079550364542459,0.0008195887088528286,0.0006422762053290788,0.0007623094659071908,3m,28933315.026673004
2024-10-22 09:03:00,A9e6JzPQstmz94pMnzxgyV14QUqoULSXuf5FPsq8UiRa,0.0007309670223840533,0.0008142755472778594,0.0007008140713019828,0.0008079550364542459,3m,29231032.291841
2024-10-22 09:06:00,A9e6JzPQstmz94pMnzxgyV14QUqoULSXuf5FPsq8UiRa,0.0006725243343663371,0.0007326541481041016,0.0006725243343663371,0.0007309670223840533,3m,8943768.93014
2024-10-22 09:09:00,A9e6JzPQstmz94pMnzxgyV14QUqoULSXuf5FPsq8UiRa,0.0009960894804135502,0.0009960894804135502,0.0006725243343663371,0.0006725243343663371,3m,50930832.671663016
2024-10-22 09:12:00,A9e6JzPQstmz94pMnzxgyV14QUqoULSXuf5FPsq8UiRa,0.0008486903586517732,0.0019790726663799496,0.0008129055393702811,0.0009960894804135502,3m,82586663.292341
2024-10-22 09:15:00,A9e6JzPQstmz94pMnzxgyV14QUqoULSXuf5FPsq8UiRa,0.0009240301312172952,0.0010181463354766533,0.0007889173944470273,0.0008486903586517732,3m,41058307.016479984
2024-10-22 09:18:00,A9e6JzPQstmz94pMnzxgyV14QUqoULSXuf5FPsq8UiRa,0.0008880517740208165,0.0010602085321528472,0.0008546900886499051,0.0009240301312172952,3m,29175503.246128008
2024-10-22 09:21:00,A9e6JzPQstmz94pMnzxgyV14QUqoULSXuf5FPsq8UiRa,0.0009366601700038665,0.0010732494067346148,0.0008813299086897535,0.0008880517740208165,3m,23071219.013726
2024-10-22 09:24:00,A9e6JzPQstmz94pMnzxgyV14QUqoULSXuf5FPsq8UiRa,0.0008798668170316287,0.0009574528052486381,0.0008531251324467048,0.0009366601700038665,3m,16244035.422201999
2024-10-22 09:27:00,A9e6JzPQstmz94pMnzxgyV14QUqoULSXuf5FPsq8UiRa,0.0010657843551782364,0.0010789759327224896,0.0008568520501686549,0.0008798668170316287,3m,13250152.977367997
2024-10-22 09:30:00,A9e6JzPQstmz94pMnzxgyV14QUqoULSXuf5FPsq8UiRa,0.0009343195679399395,0.001104516243737643,0.0008172004308173393,0.0010657843551782364,3m,74144151.98000202
2024-10-22 09:33:00,A9e6JzPQstmz94pMnzxgyV14QUqoULSXuf5FPsq8UiRa,0.001084230888512144,0.0011050045816445066,0.0009147876276286739,0.0009343195679399395,3m,30380909.969923
2024-10-22 09:36:00,A9e6JzPQstmz94pMnzxgyV14QUqoULSXuf5FPsq8UiRa,0.0010755808107137832,0.0011574135978286817,0.0010447832437305675,0.001084230888512144,3m,11690361.139689
2024-10-22 09:39:00,A9e6JzPQstmz94pMnzxgyV14QUqoULSXuf5FPsq8UiRa,0.0012278751952813172,0.0014677713879808377,0.0010755808107137832,0.0010755808107137832,3m,78596344.60793598
2024-10-22 09:42:00,A9e6JzPQstmz94pMnzxgyV14QUqoULSXuf5FPsq8UiRa,0.0012520258263894475,0.0014919130544678496,0.0012152121616259433,0.0012278751952813172,3m,48197288.945199996
2024-10-22 09:45:00,A9e6JzPQstmz94pMnzxgyV14QUqoULSXuf5FPsq8UiRa,0.001188831205146051,0.0012798515093224675,0.0010696268500944041,0.0012520258263894475,3m,46052233.41090198
2024-10-22 09:48:00,A9e6JzPQstmz94pMnzxgyV14QUqoULSXuf5FPsq8UiRa,0.0010926179166923147,0.0011982389841829508,0.000946587910318649,0.001188831205146051,3m,43115034.97716797
2024-10-22 09:51:00,A9e6JzPQstmz94pMnzxgyV14QUqoULSXuf5FPsq8UiRa,0.0010661803606510445,0.001169513674188977,0.0008980852254437822,0.0010926179166923147,3m,38024090.49651902
2024-10-22 09:54:00,A9e6JzPQstmz94pMnzxgyV14QUqoULSXuf5FPsq8UiRa,0.001312980016606603,0.0016823081836819145,0.0010512577459509977,0.0010661803606510445,3m,54937355.229512
2024-10-22 09:57:00,A9e6JzPQstmz94pMnzxgyV14QUqoULSXuf5FPsq8UiRa,0.0011561029862906665,0.0014602108534543183,0.0011475883640197644,0.001312980016606603,3m,21578654.761640992
2024-10-22 10:00:00,A9e6JzPQstmz94pMnzxgyV14QUqoULSXuf5FPsq8UiRa,0.0010573089481250434,0.0011568064866956502,0.0009757558820463497,0.0011561029862906665,3m,19101995.013072997
2024-10-22 10:03:00,A9e6JzPQstmz94pMnzxgyV14QUqoULSXuf5FPsq8UiRa,0.0011206658066527512,0.0011259767918770853,0.0009643303621992235,0.0010573089481250434,3m,17871784.308292992
2024-10-22 10:06:00,A9e6JzPQstmz94pMnzxgyV14QUqoULSXuf5FPsq8UiRa,0.0012799371959202226,0.0012799371959202226,0.0011105621603121258,0.0011206658066527512,3m,20006847.914486
2024-10-22 10:09:00,A9e6JzPQstmz94pMnzxgyV14QUqoULSXuf5FPsq8UiRa,0.001169932400140577,0.001309960442162555,0.0011476230446916635,0.0012799371959202226,3m,14064858.099698003
2024-10-22 10:12:00,A9e6JzPQstmz94pMnzxgyV14QUqoULSXuf5FPsq8UiRa,0.001005500135625691,0.0012048437978223402,0.001005500135625691,0.001169932400140577,3m,8797970.012664003
2024-10-22 10:15:00,A9e6JzPQstmz94pMnzxgyV14QUqoULSXuf5FPsq8UiRa,0.0009494109004693343,0.0010366996997956777,0.0008492395891117388,0.001005500135625691,3m,35713206.987688996
2024-10-22 10:18:00,A9e6JzPQstmz94pMnzxgyV14QUqoULSXuf5FPsq8UiRa,0.0009405569501695612,0.001069953115423215,0.0008678897325750048,0.0009494109004693343,3m,27817500.909670003
2024-10-22 10:21:00,A9e6JzPQstmz94pMnzxgyV14QUqoULSXuf5FPsq8UiRa,0.0009908848530459891,0.0010704455727182946,0.0009096989123077962,0.0009405569501695612,3m,28656866.624204013
2024-10-22 10:24:00,A9e6JzPQstmz94pMnzxgyV14QUqoULSXuf5FPsq8UiRa,0.0010807951998175497,0.0011025847922209362,0.000984766434207374,0.0009908848530459891,3m,20763197.679690003
2024-10-22 10:27:00,A9e6JzPQstmz94pMnzxgyV14QUqoULSXuf5FPsq8UiRa,0.0009316519399880985,0.001081657832581906,0.0009314256730422971,0.0010807951998175497,3m,13550271.823635
2024-10-22 10:30:00,A9e6JzPQstmz94pMnzxgyV14QUqoULSXuf5FPsq8UiRa,0.0008393233739296194,0.0009822469567065898,0.0007459242110202966,0.0009316519399880985,3m,27461104.609649986
2024-10-22 10:33:00,A9e6JzPQstmz94pMnzxgyV14QUqoULSXuf5FPsq8UiRa,0.0008391730224645312,0.0009258155172070852,0.0007886949324924303,0.0008393233739296194,3m,18985585.940435
2024-10-22 10:36:00,A9e6JzPQstmz94pMnzxgyV14QUqoULSXuf5FPsq8UiRa,0.0007942293173480832,0.0009436136469177465,0.0007381660630525229,0.0008391730224645312,3m,43543620.083996974
2024-10-22 10:39:00,A9e6JzPQstmz94pMnzxgyV14QUqoULSXuf5FPsq8UiRa,0.0008105076816259245,0.0009868304956375741,0.0007353068552655337,0.0007942293173480832,3m,33720749.96698402
2024-10-22 10:42:00,A9e6JzPQstmz94pMnzxgyV14QUqoULSXuf5FPsq8UiRa,0.0009493774039536633,0.0009654836976987045,0.0007936601594831237,0.0008105076816259245,3m,22939144.248062003
2024-10-22 10:45:00,A9e6JzPQstmz94pMnzxgyV14QUqoULSXuf5FPsq8UiRa,0.001031410822880764,0.001031410822880764,0.0009211707607161579,0.0009493774039536633,3m,21250170.785489004
2024-10-22 10:48:00,A9e6JzPQstmz94pMnzxgyV14QUqoULSXuf5FPsq8UiRa,0.001543533787080286,0.002208408019478887,0.0010294623697652907,0.001031410822880764,3m,88580323.59564197
2024-10-22 10:51:00,A9e6JzPQstmz94pMnzxgyV14QUqoULSXuf5FPsq8UiRa,0.0015835447186611266,0.0017149375496279173,0.0013469893554883077,0.001543533787080286,3m,41473899.40823002
2024-10-22 10:54:00,A9e6JzPQstmz94pMnzxgyV14QUqoULSXuf5FPsq8UiRa,0.0018765750904558265,0.0018765750904558265,0.0013451799741430643,0.0015835447186611266,3m,40207633.93432503
2024-10-22 10:57:00,A9e6JzPQstmz94pMnzxgyV14QUqoULSXuf5FPsq8UiRa,0.0020284614190732336,0.0023731442104416634,0.0016219469066944467,0.0018765750904558265,3m,71935118.35499799
2024-10-22 11:00:00,A9e6JzPQstmz94pMnzxgyV14QUqoULSXuf5FPsq8UiRa,0.002354686980394462,0.0026523687596796968,0.0017978421289312038,0.0020284614190732336,3m,102263335.584707
2024-10-22 11:03:00,A9e6JzPQstmz94pMnzxgyV14QUqoULSXuf5FPsq8UiRa,0.0024710665387135933,0.0028603170687413627,0.0021797424771973144,0.002354686980394462,3m,46903559.583950005
2024-10-22 11:06:00,A9e6JzPQstmz94pMnzxgyV14QUqoULSXuf5FPsq8UiRa,0.0023269820417314477,0.0024964487752229454,0.002090346037562015,0.0024710665387135933,3m,37981141.88685598
2024-10-22 11:09:00,A9e6JzPQstmz94pMnzxgyV14QUqoULSXuf5FPsq8UiRa,0.0024792859721705133,0.0024974203726437815,0.0019177144656707381,0.0023269820417314477,3m,31890583.903633986
2024-10-22 11:12:00,A9e6JzPQstmz94pMnzxgyV14QUqoULSXuf5FPsq8UiRa,0.0030203877542320477,0.0033030501695495654,0.0024675996852222314,0.0024792859721705133,3m,30617135.669671014
2024-10-22 11:15:00,A9e6JzPQstmz94pMnzxgyV14QUqoULSXuf5FPsq8UiRa,0.002435490995614582,0.0031746425756600835,0.002435490995614582,0.0030203877542320477,3m,33444645.899245985
2024-10-22 11:18:00,A9e6JzPQstmz94pMnzxgyV14QUqoULSXuf5FPsq8UiRa,0.0030374451167493187,0.003222412711539041,0.0024082971886416594,0.002435490995614582,3m,37244960.16331799
2024-10-22 11:21:00,A9e6JzPQstmz94pMnzxgyV14QUqoULSXuf5FPsq8UiRa,0.0030350404134368092,0.003714114864780538,0.002571004755121038,0.0030374451167493187,3m,57264289.55836398
2024-10-22 11:24:00,A9e6JzPQstmz94pMnzxgyV14QUqoULSXuf5FPsq8UiRa,0.003236242655285473,0.0034397072204174306,0.002816590920727563,0.0030350404134368092,3m,43029201.01682802
2024-10-22 11:27:00,A9e6JzPQstmz94pMnzxgyV14QUqoULSXuf5FPsq8UiRa,0.0032659921385410936,0.0038089512727468907,0.002869233959837023,0.003236242655285473,3m,53888718.08829396
2024-10-22 11:30:00,A9e6JzPQstmz94pMnzxgyV14QUqoULSXuf5FPsq8UiRa,0.0029596935688672027,0.003369658160137556,0.0029320692209648634,0.0032659921385410936,3m,20866301.641378004
2024-10-22 11:33:00,A9e6JzPQstmz94pMnzxgyV14QUqoULSXuf5FPsq8UiRa,0.0031089831271820753,0.003287388370121319,0.002377205377268072,0.0029596935688672027,3m,40576610.42549102
2024-10-22 11:36:00,A9e6JzPQstmz94pMnzxgyV14QUqoULSXuf5FPsq8UiRa,0.003105095572041618,0.003567367778881948,0.002541001624526749,0.0031089831271820753,3m,48716807.84802297
2024-10-22 11:39:00,A9e6JzPQstmz94pMnzxgyV14QUqoULSXuf5FPsq8UiRa,0.003947749936788519,0.004075806978716863,0.003105095572041618,0.003105095572041618,3m,18756158.371426
2024-10-22 11:42:00,A9e6JzPQstmz94pMnzxgyV14QUqoULSXuf5FPsq8UiRa,0.005189599791869694,0.005289907905748966,0.0035743690463052526,0.003947749936788519,3m,60751404.659492984
2024-10-22 11:45:00,A9e6JzPQstmz94pMnzxgyV14QUqoULSXuf5FPsq8UiRa,0.00544440159587184,0.006906482650893622,0.003511598648810654,0.005189599791869694,3m,133049840.14674687
2024-10-22 11:48:00,A9e6JzPQstmz94pMnzxgyV14QUqoULSXuf5FPsq8UiRa,0.006263743746770573,0.007190293537335891,0.0050531514818111505,0.00544440159587184,3m,57598202.43490303
2024-10-22 11:51:00,A9e6JzPQstmz94pMnzxgyV14QUqoULSXuf5FPsq8UiRa,0.005492070134839986,0.006601427810579957,0.004509679326565544,0.006263743746770573,3m,71090850.78322202
2024-10-22 11:54:00,A9e6JzPQstmz94pMnzxgyV14QUqoULSXuf5FPsq8UiRa,0.007732313225812667,0.008066331810991399,0.0053084924676978585,0.005492070134839986,3m,70143198.725301
2024-10-22 11:57:00,A9e6JzPQstmz94pMnzxgyV14QUqoULSXuf5FPsq8UiRa,0.007310901280273045,0.009692341361577568,0.005630564619943162,0.007732313225812667,3m,88275684.89072883
2024-10-22 12:00:00,A9e6JzPQstmz94pMnzxgyV14QUqoULSXuf5FPsq8UiRa,0.00918660117196309,0.010023023014120057,0.005497089704750035,0.007310901280273045,3m,85167688.05818704
2024-10-22 12:03:00,A9e6JzPQstmz94pMnzxgyV14QUqoULSXuf5FPsq8UiRa,0.008755639663147595,0.011180164927787744,0.00644169491787502,0.00918660117196309,3m,96062802.15128507
2024-10-22 12:06:00,A9e6JzPQstmz94pMnzxgyV14QUqoULSXuf5FPsq8UiRa,0.007453528411243987,0.010807446001168355,0.005908997448874903,0.008755639663147595,3m,90316935.22348505
2024-10-22 12:09:00,A9e6JzPQstmz94pMnzxgyV14QUqoULSXuf5FPsq8UiRa,0.006314569366352712,0.009342370445945405,0.005183730403538834,0.007453528411243987,3m,133635210.66169097
2024-10-22 12:12:00,A9e6JzPQstmz94pMnzxgyV14QUqoULSXuf5FPsq8UiRa,0.00601210138112246,0.0075320546603782615,0.005135006088177831,0.006314569366352712,3m,64847882.96150001
2024-10-22 12:15:00,A9e6JzPQstmz94pMnzxgyV14QUqoULSXuf5FPsq8UiRa,0.006421692682797166,0.0072833782335693965,0.005753058852310921,0.00601210138112246,3m,80245667.90685287
2024-10-22 12:18:00,A9e6JzPQstmz94pMnzxgyV14QUqoULSXuf5FPsq8UiRa,0.007194007517243101,0.0082651689258956,0.005564564736145862,0.006421692682797166,3m,59915205.62171095
2024-10-22 12:21:00,A9e6JzPQstmz94pMnzxgyV14QUqoULSXuf5FPsq8UiRa,0.00563280297893386,0.007194007517243101,0.004959578274926508,0.007194007517243101,3m,92563132.003613
2024-10-22 12:24:00,A9e6JzPQstmz94pMnzxgyV14QUqoULSXuf5FPsq8UiRa,0.005421186090232153,0.006081800488696796,0.005050152165564823,0.00563280297893386,3m,66330166.68849994
2024-10-22 12:27:00,A9e6JzPQstmz94pMnzxgyV14QUqoULSXuf5FPsq8UiRa,0.004683060834547607,0.005543682326263279,0.0036607207727999353,0.005421186090232153,3m,139636687.021923
2024-10-22 12:30:00,A9e6JzPQstmz94pMnzxgyV14QUqoULSXuf5FPsq8UiRa,0.005805772003470746,0.006012078542383283,0.004220655575532097,0.004683060834547607,3m,74761419.48089504
2024-10-22 12:33:00,A9e6JzPQstmz94pMnzxgyV14QUqoULSXuf5FPsq8UiRa,0.005082061305811788,0.006890453954911455,0.0046327374748862515,0.005805772003470746,3m,60222113.11944604
2024-10-22 12:36:00,A9e6JzPQstmz94pMnzxgyV14QUqoULSXuf5FPsq8UiRa,0.005238246379502858,0.005469555183227756,0.004200127307100736,0.005082061305811788,3m,51634833.03255204
2024-10-22 12:39:00,A9e6JzPQstmz94pMnzxgyV14QUqoULSXuf5FPsq8UiRa,0.006815996169353431,0.006815996169353431,0.005188794177586276,0.005238246379502858,3m,33622929.356657
2024-10-22 12:42:00,A9e6JzPQstmz94pMnzxgyV14QUqoULSXuf5FPsq8UiRa,0.006861019361633226,0.007345143730239531,0.005968309618278271,0.006815996169353431,3m,44801437.59914503
2024-10-22 12:45:00,A9e6JzPQstmz94pMnzxgyV14QUqoULSXuf5FPsq8UiRa,0.005709897524125654,0.007854796712836686,0.004580459950015836,0.006861019361633226,3m,43069816.937015995
2024-10-22 12:48:00,A9e6JzPQstmz94pMnzxgyV14QUqoULSXuf5FPsq8UiRa,0.005457825565102171,0.007197977987887464,0.004542163660289931,0.005709897524125654,3m,42495101.059497006
2024-10-22 12:51:00,A9e6JzPQstmz94pMnzxgyV14QUqoULSXuf5FPsq8UiRa,0.005498480271953118,0.005555440851854976,0.004366779985801501,0.005457825565102171,3m,34638184.61716399
2024-10-22 12:54:00,A9e6JzPQstmz94pMnzxgyV14QUqoULSXuf5FPsq8UiRa,0.00521640822203548,0.005620264997436397,0.004906409724236655,0.005498480271953118,3m,23342453.994433988
2024-10-22 12:57:00,A9e6JzPQstmz94pMnzxgyV14QUqoULSXuf5FPsq8UiRa,0.005473214915175541,0.006739760706867114,0.004130057948158095,0.00521640822203548,3m,60092878.30762403
2024-10-22 13:00:00,A9e6JzPQstmz94pMnzxgyV14QUqoULSXuf5FPsq8UiRa,0.005381890893485688,0.007234076970338452,0.004550300058947671,0.005473214915175541,3m,31205903.06772503
2024-10-22 13:03:00,A9e6JzPQstmz94pMnzxgyV14QUqoULSXuf5FPsq8UiRa,0.0047716317666751645,0.005907192959514265,0.003912983504223028,0.005381890893485688,3m,35962721.33987801
2024-10-22 13:06:00,A9e6JzPQstmz94pMnzxgyV14QUqoULSXuf5FPsq8UiRa,0.0042253797108098325,0.005041102453177697,0.004166880949240727,0.0047716317666751645,3m,25363754.759106997
2024-10-22 13:09:00,A9e6JzPQstmz94pMnzxgyV14QUqoULSXuf5FPsq8UiRa,0.003815891890800577,0.004348485394593223,0.003678572628706991,0.0042253797108098325,3m,45307129.981211014
2024-10-22 13:12:00,A9e6JzPQstmz94pMnzxgyV14QUqoULSXuf5FPsq8UiRa,0.00442997210100301,0.004939968156871872,0.00367985633196547,0.003815891890800577,3m,45117399.147890985
2024-10-22 13:15:00,A9e6JzPQstmz94pMnzxgyV14QUqoULSXuf5FPsq8UiRa,0.004307406720191536,0.004700224542435555,0.003532044455878602,0.00442997210100301,3m,45925224.10155099
2024-10-22 13:18:00,A9e6JzPQstmz94pMnzxgyV14QUqoULSXuf5FPsq8UiRa,0.004577458373817243,0.004627565802233151,0.004084693752514096,0.004307406720191536,3m,27489216.50634501
2024-10-22 13:21:00,A9e6JzPQstmz94pMnzxgyV14QUqoULSXuf5FPsq8UiRa,0.004724941824576185,0.006380555179428188,0.004065494102775033,0.004577458373817243,3m,63652371.88368694
2024-10-22 13:24:00,A9e6JzPQstmz94pMnzxgyV14QUqoULSXuf5FPsq8UiRa,0.004991008390152512,0.0053141507276499465,0.003854175592331915,0.004724941824576185,3m,24695475.83707602
2024-10-22 13:27:00,A9e6JzPQstmz94pMnzxgyV14QUqoULSXuf5FPsq8UiRa,0.005220108453302156,0.005342079986032907,0.00445972591981675,0.004991008390152512,3m,17635980.978698004
2024-10-22 13:30:00,A9e6JzPQstmz94pMnzxgyV14QUqoULSXuf5FPsq8UiRa,0.005175399066581171,0.006244923490155302,0.00470653209546598,0.005220108453302156,3m,16520584.021443
2024-10-22 13:33:00,A9e6JzPQstmz94pMnzxgyV14QUqoULSXuf5FPsq8UiRa,0.005873383328087728,0.007688991717741963,0.004146196144819943,0.005175399066581171,3m,44833512.73834302
2024-10-22 13:36:00,A9e6JzPQstmz94pMnzxgyV14QUqoULSXuf5FPsq8UiRa,0.0058964222068142395,0.006803855171416,0.005161399132852286,0.005873383328087728,3m,20533472.910139006
2024-10-22 13:39:00,A9e6JzPQstmz94pMnzxgyV14QUqoULSXuf5FPsq8UiRa,0.005170601697184163,0.0067118668796600596,0.005160614304182731,0.0058964222068142395,3m,17097221.59684501
2024-10-22 13:42:00,A9e6JzPQstmz94pMnzxgyV14QUqoULSXuf5FPsq8UiRa,0.00505384744586717,0.005311944108142324,0.00505091446043396,0.005170601697184163,3m,7381365.737049997
2024-10-22 13:45:00,A9e6JzPQstmz94pMnzxgyV14QUqoULSXuf5FPsq8UiRa,0.004742515270017354,0.00505384744586717,0.004045742210985845,0.00505384744586717,3m,26361792.90697501
2024-10-22 13:48:00,A9e6JzPQstmz94pMnzxgyV14QUqoULSXuf5FPsq8UiRa,0.005234432232298303,0.006437463562243478,0.0045419375876511,0.004742515270017354,3m,20937624.197460018
2024-10-22 13:51:00,A9e6JzPQstmz94pMnzxgyV14QUqoULSXuf5FPsq8UiRa,0.005577612153291264,0.005577612153291264,0.005156921977595109,0.005234432232298303,3m,9555399.742281005
2024-10-22 13:54:00,A9e6JzPQstmz94pMnzxgyV14QUqoULSXuf5FPsq8UiRa,0.005711376515439729,0.005977262636894268,0.005549065892835035,0.005577612153291264,3m,11763938.950037
2024-10-22 13:57:00,A9e6JzPQstmz94pMnzxgyV14QUqoULSXuf5FPsq8UiRa,0.005653513959513811,0.005887087976614934,0.0041801453598540456,0.005711376515439729,3m,21384248.156946007
2024-10-22 14:00:00,A9e6JzPQstmz94pMnzxgyV14QUqoULSXuf5FPsq8UiRa,0.0056302687884521386,0.007582961113360235,0.005027617508234792,0.005653513959513811,3m,24444610.681968987
2024-10-22 14:03:00,A9e6JzPQstmz94pMnzxgyV14QUqoULSXuf5FPsq8UiRa,0.0061547513139925325,0.007357699118676596,0.005621807802960868,0.0056302687884521386,3m,19493256.370821018
2024-10-22 14:06:00,A9e6JzPQstmz94pMnzxgyV14QUqoULSXuf5FPsq8UiRa,0.006161905097337868,0.00776266603471767,0.005804441559277669,0.0061547513139925325,3m,16780333.406470984
2024-10-22 14:09:00,A9e6JzPQstmz94pMnzxgyV14QUqoULSXuf5FPsq8UiRa,0.00641741779681855,0.00660138412539634,0.004682598824787182,0.006161905097337868,3m,20848894.143806003
2024-10-22 14:12:00,A9e6JzPQstmz94pMnzxgyV14QUqoULSXuf5FPsq8UiRa,0.005460730978908676,0.00641741779681855,0.004642980124535754,0.00641741779681855,3m,23038571.337340992
2024-10-22 14:15:00,A9e6JzPQstmz94pMnzxgyV14QUqoULSXuf5FPsq8UiRa,0.0054397254829734645,0.005502644468145041,0.005155395440146961,0.005460730978908676,3m,9737393.306794994
2024-10-22 14:18:00,A9e6JzPQstmz94pMnzxgyV14QUqoULSXuf5FPsq8UiRa,0.005309020065072456,0.005826793580127129,0.005288258160688067,0.0054397254829734645,3m,13883182.982372997
2024-10-22 14:21:00,A9e6JzPQstmz94pMnzxgyV14QUqoULSXuf5FPsq8UiRa,0.004934030900562647,0.005376537256270765,0.004178291266682051,0.005309020065072456,3m,15189097.652426008
2024-10-22 14:24:00,A9e6JzPQstmz94pMnzxgyV14QUqoULSXuf5FPsq8UiRa,0.005067566130056113,0.005243709904995479,0.0038805447377491128,0.004934030900562647,3m,15186753.697173998
2024-10-22 14:27:00,A9e6JzPQstmz94pMnzxgyV14QUqoULSXuf5FPsq8UiRa,0.0047832656000495796,0.005072179503439237,0.0036227972169659652,0.005067566130056113,3m,27501140.623524
2024-10-22 14:30:00,A9e6JzPQstmz94pMnzxgyV14QUqoULSXuf5FPsq8UiRa,0.004421040924980169,0.005041573248896685,0.003992102440161242,0.0047832656000495796,3m,24905559.968028996
2024-10-22 14:33:00,A9e6JzPQstmz94pMnzxgyV14QUqoULSXuf5FPsq8UiRa,0.004390906287568809,0.004456075556166612,0.00410473909074848,0.004421040924980169,3m,13876136.514701
2024-10-22 14:36:00,A9e6JzPQstmz94pMnzxgyV14QUqoULSXuf5FPsq8UiRa,0.003834548843132186,0.0046437991137355345,0.00283018991094224,0.004390906287568809,3m,57395723.71183397
2024-10-22 14:39:00,A9e6JzPQstmz94pMnzxgyV14QUqoULSXuf5FPsq8UiRa,0.004218736407870526,0.004244097850347057,0.003359610712919923,0.003834548843132186,3m,31059356.564419005
2024-10-22 14:42:00,A9e6JzPQstmz94pMnzxgyV14QUqoULSXuf5FPsq8UiRa,0.004342439845047746,0.00455368889963645,0.004128523498229344,0.004218736407870526,3m,14503085.069138002
2024-10-22 14:45:00,A9e6JzPQstmz94pMnzxgyV14QUqoULSXuf5FPsq8UiRa,0.003943013580266066,0.004502077955579221,0.0037061064403343695,0.004342439845047746,3m,17499621.258677997
2024-10-22 14:48:00,A9e6JzPQstmz94pMnzxgyV14QUqoULSXuf5FPsq8UiRa,0.004244984275284883,0.004631833081642626,0.002972308930065264,0.003943013580266066,3m,49027890.831017
2024-10-22 14:51:00,A9e6JzPQstmz94pMnzxgyV14QUqoULSXuf5FPsq8UiRa,0.004049225936545055,0.004790363994373738,0.003712464754221377,0.004244984275284883,3m,29494722.80361001
2024-10-22 14:54:00,A9e6JzPQstmz94pMnzxgyV14QUqoULSXuf5FPsq8UiRa,0.0033670430555194776,0.004506571340040041,0.002906563731384371,0.004049225936545055,3m,57626744.324755006
2024-10-22 14:57:00,A9e6JzPQstmz94pMnzxgyV14QUqoULSXuf5FPsq8UiRa,0.00372767548284362,0.00372767548284362,0.003263888426408401,0.0033670430555194776,3m,19876104.341102004
2024-10-22 15:00:00,A9e6JzPQstmz94pMnzxgyV14QUqoULSXuf5FPsq8UiRa,0.003295855258580035,0.003960046130294129,0.003272312137233178,0.00372767548284362,3m,17495263.650663003
2024-10-22 15:03:00,A9e6JzPQstmz94pMnzxgyV14QUqoULSXuf5FPsq8UiRa,0.003021191322727695,0.003446462829244954,0.0028383094260015273,0.003295855258580035,3m,49229196.633692995
2024-10-22 15:06:00,A9e6JzPQstmz94pMnzxgyV14QUqoULSXuf5FPsq8UiRa,0.00339110265269338,0.0036730370760881897,0.0026042820473296444,0.003021191322727695,3m,36989723.773338005
2024-10-22 15:09:00,A9e6JzPQstmz94pMnzxgyV14QUqoULSXuf5FPsq8UiRa,0.0033925579700377654,0.003606876975033889,0.0032711832545858086,0.00339110265269338,3m,13612796.972940994
2024-10-22 15:12:00,A9e6JzPQstmz94pMnzxgyV14QUqoULSXuf5FPsq8UiRa,0.0031492853058890497,0.0034157613278547345,0.002605041671124719,0.0033925579700377654,3m,22658631.13435002
2024-10-22 15:15:00,A9e6JzPQstmz94pMnzxgyV14QUqoULSXuf5FPsq8UiRa,0.003513975782067274,0.0035451478792210074,0.0031067443378676412,0.0031492853058890497,3m,12724372.156568004
2024-10-22 15:18:00,A9e6JzPQstmz94pMnzxgyV14QUqoULSXuf5FPsq8UiRa,0.0034338673782304523,0.003803102789243212,0.003305182980582087,0.003513975782067274,3m,12280162.600280004
2024-10-22 15:21:00,A9e6JzPQstmz94pMnzxgyV14QUqoULSXuf5FPsq8UiRa,0.003524635660484944,0.003710853035883619,0.0034338673782304523,0.0034338673782304523,3m,12125140.330963004
2024-10-22 15:24:00,A9e6JzPQstmz94pMnzxgyV14QUqoULSXuf5FPsq8UiRa,0.003786195819257582,0.00393068933009687,0.0035075566157444856,0.003524635660484944,3m,17190389.510436993
2024-10-22 15:27:00,A9e6JzPQstmz94pMnzxgyV14QUqoULSXuf5FPsq8UiRa,0.0036865106102914815,0.005194344737491614,0.0036329519562228467,0.003786195819257582,3m,19652061.694309987
2024-10-22 15:30:00,A9e6JzPQstmz94pMnzxgyV14QUqoULSXuf5FPsq8UiRa,0.003698231651278615,0.004387685601795685,0.0035670493161851745,0.0036865106102914815,3m,26331198.11893299
2024-10-22 15:33:00,A9e6JzPQstmz94pMnzxgyV14QUqoULSXuf5FPsq8UiRa,0.0034464365812211656,0.003698231651278615,0.0030882148165545737,0.003698231651278615,3m,21311811.197250985
2024-10-22 15:36:00,A9e6JzPQstmz94pMnzxgyV14QUqoULSXuf5FPsq8UiRa,0.0036761406608886737,0.0037911889672699963,0.0032488738895050085,0.0034464365812211656,3m,10125009.377948007
2024-10-22 15:39:00,A9e6JzPQstmz94pMnzxgyV14QUqoULSXuf5FPsq8UiRa,0.003517032953299838,0.0038962833725841306,0.003517032953299838,0.0036761406608886737,3m,8390664.486439997
2024-10-22 15:42:00,A9e6JzPQstmz94pMnzxgyV14QUqoULSXuf5FPsq8UiRa,0.003044519400875585,0.0035528685183351875,0.003044519400875585,0.003517032953299838,3m,14498901.337313
2024-10-22 15:45:00,A9e6JzPQstmz94pMnzxgyV14QUqoULSXuf5FPsq8UiRa,0.002675332284049775,0.0030666522398527843,0.0023738140704315388,0.003044519400875585,3m,67297564.95051497
2024-10-22 15:48:00,A9e6JzPQstmz94pMnzxgyV14QUqoULSXuf5FPsq8UiRa,0.0029715051456523714,0.0030301999822178157,0.002616592958103892,0.002675332284049775,3m,20295815.537402004
2024-10-22 15:51:00,A9e6JzPQstmz94pMnzxgyV14QUqoULSXuf5FPsq8UiRa,0.0031101182618117713,0.0032416467215152637,0.002928972692645576,0.0029715051456523714,3m,10430581.452699006
2024-10-22 15:54:00,A9e6JzPQstmz94pMnzxgyV14QUqoULSXuf5FPsq8UiRa,0.003181298500465538,0.0038605310755489915,0.0030231225622362984,0.0031101182618117713,3m,16034185.068231996
2024-10-22 15:57:00,A9e6JzPQstmz94pMnzxgyV14QUqoULSXuf5FPsq8UiRa,0.0032614627274487737,0.003388531267039705,0.002393303969140067,0.003181298500465538,3m,24475945.190031003
2024-10-22 16:00:00,A9e6JzPQstmz94pMnzxgyV14QUqoULSXuf5FPsq8UiRa,0.00335835134307606,0.003477216124775962,0.0031122133173932267,0.0032614627274487737,3m,17227680.885692004
2024-10-22 16:03:00,A9e6JzPQstmz94pMnzxgyV14QUqoULSXuf5FPsq8UiRa,0.0034592716796508823,0.0037143621232839977,0.003175283045057237,0.00335835134307606,3m,23808113.25196501
2024-10-22 16:06:00,A9e6JzPQstmz94pMnzxgyV14QUqoULSXuf5FPsq8UiRa,0.003672028896702211,0.0036750274758169223,0.003328823346103356,0.0034592716796508823,3m,19825831.737694014
2024-10-22 16:09:00,A9e6JzPQstmz94pMnzxgyV14QUqoULSXuf5FPsq8UiRa,0.0037764841215893936,0.003869002057220173,0.003274272617496664,0.003672028896702211,3m,17939833.686492
2024-10-22 16:12:00,A9e6JzPQstmz94pMnzxgyV14QUqoULSXuf5FPsq8UiRa,0.0033827792453182317,0.003897533009497974,0.0032857711283804133,0.0037764841215893936,3m,15324668.900036
2024-10-22 16:15:00,A9e6JzPQstmz94pMnzxgyV14QUqoULSXuf5FPsq8UiRa,0.0031923007341890935,0.003431542659247793,0.003172139716069342,0.0033827792453182317,3m,7948470.078618003
2024-10-22 16:18:00,A9e6JzPQstmz94pMnzxgyV14QUqoULSXuf5FPsq8UiRa,0.0030796340706846542,0.003313795223410383,0.0029266416897403363,0.0031923007341890935,3m,9563307.85577301
2024-10-22 16:21:00,A9e6JzPQstmz94pMnzxgyV14QUqoULSXuf5FPsq8UiRa,0.0030390053175691667,0.0031724568878642675,0.0023130448305056376,0.0030796340706846542,3m,30478839.92571203
2024-10-22 16:24:00,A9e6JzPQstmz94pMnzxgyV14QUqoULSXuf5FPsq8UiRa,0.0029976512388301775,0.0030521635587247567,0.002725256195150902,0.0030390053175691667,3m,11929301.344050001
2024-10-22 16:27:00,A9e6JzPQstmz94pMnzxgyV14QUqoULSXuf5FPsq8UiRa,0.0030756797380716624,0.0031691933174961147,0.0029837652299105964,0.0029976512388301775,3m,5499672.3659299975
2024-10-22 16:30:00,A9e6JzPQstmz94pMnzxgyV14QUqoULSXuf5FPsq8UiRa,0.0031500749548291607,0.00322519266710724,0.0026675779663082877,0.0030756797380716624,3m,12581335.221332
2024-10-22 16:33:00,A9e6JzPQstmz94pMnzxgyV14QUqoULSXuf5FPsq8UiRa,0.002808951315674785,0.003521734727318654,0.002340546001750694,0.0031500749548291607,3m,27881311.164506026
2024-10-22 16:36:00,A9e6JzPQstmz94pMnzxgyV14QUqoULSXuf5FPsq8UiRa,0.002786072544623728,0.0029603756653401514,0.002742582741340108,0.002808951315674785,3m,8905308.596087003
2024-10-22 16:39:00,A9e6JzPQstmz94pMnzxgyV14QUqoULSXuf5FPsq8UiRa,0.003026153208934072,0.0030691536377460385,0.0027638908076145037,0.002786072544623728,3m,5605516.894894998
2024-10-22 16:42:00,A9e6JzPQstmz94pMnzxgyV14QUqoULSXuf5FPsq8UiRa,0.0033372957441175277,0.003825685228900258,0.00294576119875486,0.003026153208934072,3m,27407127.703338005
2024-10-22 16:45:00,A9e6JzPQstmz94pMnzxgyV14QUqoULSXuf5FPsq8UiRa,0.003540959973888937,0.003540959973888937,0.003263488254638059,0.0033372957441175277,3m,8136550.952027999
2024-10-22 16:48:00,A9e6JzPQstmz94pMnzxgyV14QUqoULSXuf5FPsq8UiRa,0.003665802839572379,0.0037962062336727924,0.0033797636014296258,0.003540959973888937,3m,13234836.396604003
2024-10-22 16:51:00,A9e6JzPQstmz94pMnzxgyV14QUqoULSXuf5FPsq8UiRa,0.003839094082956513,0.003984928686787731,0.003556889341971562,0.003665802839572379,3m,12631873.722089002
2024-10-22 16:54:00,A9e6JzPQstmz94pMnzxgyV14QUqoULSXuf5FPsq8UiRa,0.004016581474007354,0.004016581474007354,0.0036394607787323444,0.003839094082956513,3m,12879730.717639
2024-10-22 16:57:00,A9e6JzPQstmz94pMnzxgyV14QUqoULSXuf5FPsq8UiRa,0.0039499638904923525,0.004258933135049668,0.0038773173737709898,0.004016581474007354,3m,12338261.850765008
2024-10-22 17:00:00,A9e6JzPQstmz94pMnzxgyV14QUqoULSXuf5FPsq8UiRa,0.0037099345870503547,0.00446111915708029,0.003658583692303276,0.0039499638904923525,3m,11604118.349748004
2024-10-22 17:03:00,A9e6JzPQstmz94pMnzxgyV14QUqoULSXuf5FPsq8UiRa,0.004059426654420823,0.004943913701387335,0.003399407457973681,0.0037099345870503547,3m,28247031.801643997
2024-10-22 17:06:00,A9e6JzPQstmz94pMnzxgyV14QUqoULSXuf5FPsq8UiRa,0.004192855506657141,0.005550716582225821,0.003942380839671346,0.004059426654420823,3m,22827611.614269987
2024-10-22 17:09:00,A9e6JzPQstmz94pMnzxgyV14QUqoULSXuf5FPsq8UiRa,0.004402052501166511,0.004654541304681638,0.004158161264599998,0.004192855506657141,3m,17506083.013152998
2024-10-22 17:12:00,A9e6JzPQstmz94pMnzxgyV14QUqoULSXuf5FPsq8UiRa,0.004713821500863116,0.005782567390373897,0.004372948593431925,0.004402052501166511,3m,22755494.329021
2024-10-22 17:15:00,A9e6JzPQstmz94pMnzxgyV14QUqoULSXuf5FPsq8UiRa,0.0038771872419618696,0.004753627026942504,0.0037268349162934596,0.004713821500863116,3m,15208684.438127
2024-10-22 17:18:00,A9e6JzPQstmz94pMnzxgyV14QUqoULSXuf5FPsq8UiRa,0.004127019810182507,0.004152562754703724,0.0037790186740487915,0.0038771872419618696,3m,13463690.790607989
2024-10-22 17:21:00,A9e6JzPQstmz94pMnzxgyV14QUqoULSXuf5FPsq8UiRa,0.0042531578386173306,0.00446625099171127,0.003568726650917663,0.004127019810182507,3m,19888579.63056302
2024-10-22 17:24:00,A9e6JzPQstmz94pMnzxgyV14QUqoULSXuf5FPsq8UiRa,0.004665036402141421,0.005265334649190797,0.0041846861016044375,0.0042531578386173306,3m,12244736.872856999
2024-10-22 17:27:00,A9e6JzPQstmz94pMnzxgyV14QUqoULSXuf5FPsq8UiRa,0.004521005938506472,0.005003174061899782,0.0044679776485281875,0.004665036402141421,3m,12066095.061536996
2024-10-22 17:30:00,A9e6JzPQstmz94pMnzxgyV14QUqoULSXuf5FPsq8UiRa,0.00405753529753872,0.00454655518024749,0.00405753529753872,0.004521005938506472,3m,7156932.950919999
2024-10-22 17:33:00,A9e6JzPQstmz94pMnzxgyV14QUqoULSXuf5FPsq8UiRa,0.0041239593584169116,0.004154663411717194,0.0036606681861114255,0.00405753529753872,3m,9971283.146477995
2024-10-22 17:36:00,A9e6JzPQstmz94pMnzxgyV14QUqoULSXuf5FPsq8UiRa,0.003821004081056483,0.0041246454941374295,0.0035044145956555136,0.0041239593584169116,3m,13100803.268404992
2024-10-22 17:39:00,A9e6JzPQstmz94pMnzxgyV14QUqoULSXuf5FPsq8UiRa,0.0036127677978069015,0.003867017678318223,0.003260895859342151,0.003821004081056483,3m,15507781.549963003
2024-10-22 17:42:00,A9e6JzPQstmz94pMnzxgyV14QUqoULSXuf5FPsq8UiRa,0.003564488485129826,0.00366353945094765,0.0033159944377987383,0.0036127677978069015,3m,13238785.858266005
2024-10-22 17:45:00,A9e6JzPQstmz94pMnzxgyV14QUqoULSXuf5FPsq8UiRa,0.0035010398020902814,0.003609966572790812,0.0032889450072410204,0.003564488485129826,3m,10031592.231015997
2024-10-22 17:48:00,A9e6JzPQstmz94pMnzxgyV14QUqoULSXuf5FPsq8UiRa,0.003671131298900362,0.003879568555069889,0.0034864591568024243,0.0035010398020902814,3m,7971881.564266021
2024-10-22 17:51:00,A9e6JzPQstmz94pMnzxgyV14QUqoULSXuf5FPsq8UiRa,0.003943197586597406,0.004014947138648967,0.003671131298900362,0.003671131298900362,3m,8914360.878795
2024-10-22 17:54:00,A9e6JzPQstmz94pMnzxgyV14QUqoULSXuf5FPsq8UiRa,0.004144808064072339,0.004213548839895192,0.003847790780158957,0.003943197586597406,3m,7641864.154221002
2024-10-22 17:57:00,A9e6JzPQstmz94pMnzxgyV14QUqoULSXuf5FPsq8UiRa,0.0037721629950644184,0.004202968323640891,0.0037201434480186816,0.004144808064072339,3m,5884513.521223001
2024-10-22 18:00:00,A9e6JzPQstmz94pMnzxgyV14QUqoULSXuf5FPsq8UiRa,0.0037777186562756946,0.003813939891033116,0.002858339159613827,0.0037721629950644184,3m,14714067.798663989
2024-10-22 18:03:00,A9e6JzPQstmz94pMnzxgyV14QUqoULSXuf5FPsq8UiRa,0.0034268059632096503,0.0038243740355308237,0.003398045367668341,0.0037777186562756946,3m,5661772.608084001
2024-10-22 18:06:00,A9e6JzPQstmz94pMnzxgyV14QUqoULSXuf5FPsq8UiRa,0.003837649542809307,0.004255025202889475,0.003424679917698046,0.0034268059632096503,3m,19085219.693343014
2024-10-22 18:09:00,A9e6JzPQstmz94pMnzxgyV14QUqoULSXuf5FPsq8UiRa,0.003134801058791038,0.0044161597212970406,0.0026261378280695636,0.003837649542809307,3m,41094406.89292898
2024-10-22 18:12:00,A9e6JzPQstmz94pMnzxgyV14QUqoULSXuf5FPsq8UiRa,0.003227158418973949,0.0032708886687843925,0.002965936849805446,0.003134801058791038,3m,12426472.66829401
2024-10-22 18:15:00,A9e6JzPQstmz94pMnzxgyV14QUqoULSXuf5FPsq8UiRa,0.0032115477736265733,0.0032983753566419977,0.0031206601237398,0.003227158418973949,3m,3660899.7172320005
2024-10-22 18:18:00,A9e6JzPQstmz94pMnzxgyV14QUqoULSXuf5FPsq8UiRa,0.003299901694333451,0.0033527544816074127,0.003081898844731076,0.0032115477736265733,3m,5273579.231265
2024-10-22 18:21:00,A9e6JzPQstmz94pMnzxgyV14QUqoULSXuf5FPsq8UiRa,0.003408166229193252,0.0034259127875641013,0.003161773682008493,0.003299901694333451,3m,6461924.689054998
2024-10-22 18:24:00,A9e6JzPQstmz94pMnzxgyV14QUqoULSXuf5FPsq8UiRa,0.003444497245256984,0.0034991543754195335,0.0034026856549464798,0.003408166229193252,3m,1876416.5334969999
2024-10-22 18:27:00,A9e6JzPQstmz94pMnzxgyV14QUqoULSXuf5FPsq8UiRa,0.003435195225483595,0.0036251011311593884,0.00339338725651819,0.003444497245256984,3m,5515238.062208002
2024-10-22 18:30:00,A9e6JzPQstmz94pMnzxgyV14QUqoULSXuf5FPsq8UiRa,0.003157056812014001,0.003513518561478001,0.003051383802422518,0.003435195225483595,3m,11467141.031660996
2024-10-22 18:33:00,A9e6JzPQstmz94pMnzxgyV14QUqoULSXuf5FPsq8UiRa,0.00298629505778567,0.0031624965760928114,0.0029281870422609097,0.003157056812014001,3m,5685827.713112998
2024-10-22 18:36:00,A9e6JzPQstmz94pMnzxgyV14QUqoULSXuf5FPsq8UiRa,0.003310991190852791,0.0033783043812220907,0.0029703055627393875,0.00298629505778567,3m,5830447.290814999
2024-10-22 18:39:00,A9e6JzPQstmz94pMnzxgyV14QUqoULSXuf5FPsq8UiRa,0.0032231043240352314,0.0033236078715055952,0.00320043617109365,0.003310991190852791,3m,2407701.6522889985
2024-10-22 18:42:00,A9e6JzPQstmz94pMnzxgyV14QUqoULSXuf5FPsq8UiRa,0.003020957269232749,0.00335111265265937,0.003020957269232749,0.0032231043240352314,3m,7082465.518559001
2024-10-22 18:45:00,A9e6JzPQstmz94pMnzxgyV14QUqoULSXuf5FPsq8UiRa,0.0030755248984814638,0.0031070936620300024,0.002494107376631761,0.003020957269232749,3m,21398907.053195015
2024-10-22 18:48:00,A9e6JzPQstmz94pMnzxgyV14QUqoULSXuf5FPsq8UiRa,0.0030367031357197254,0.0031092659420950174,0.002954087826330297,0.0030755248984814638,3m,4265407.860164
2024-10-22 18:51:00,A9e6JzPQstmz94pMnzxgyV14QUqoULSXuf5FPsq8UiRa,0.002610384849141173,0.003045613471417346,0.0025231207690957643,0.0030367031357197254,3m,15545795.631897992
2024-10-22 18:54:00,A9e6JzPQstmz94pMnzxgyV14QUqoULSXuf5FPsq8UiRa,0.002707888641794148,0.0031452279140945145,0.002610384849141173,0.002610384849141173,3m,17762096.690360997
2024-10-22 18:57:00,A9e6JzPQstmz94pMnzxgyV14QUqoULSXuf5FPsq8UiRa,0.00232571436315822,0.0027218505027871197,0.0023112395393758006,0.002707888641794148,3m,22072774.72779799
2024-10-22 19:00:00,A9e6JzPQstmz94pMnzxgyV14QUqoULSXuf5FPsq8UiRa,0.0021235785861017024,0.002387784017512941,0.0020158616353041,0.00232571436315822,3m,44652076.32890696
2024-10-22 19:03:00,A9e6JzPQstmz94pMnzxgyV14QUqoULSXuf5FPsq8UiRa,0.0023369463301025437,0.002828637892702996,0.0020962775169057527,0.0021235785861017024,3m,26310126.427700985
2024-10-22 19:06:00,A9e6JzPQstmz94pMnzxgyV14QUqoULSXuf5FPsq8UiRa,0.0022627815948499837,0.0023561685838673204,0.0021667608952913534,0.0023369463301025437,3m,11411377.984655013
2024-10-22 19:09:00,A9e6JzPQstmz94pMnzxgyV14QUqoULSXuf5FPsq8UiRa,0.002125285486961834,0.002286448531380711,0.002084332537855268,0.0022627815948499837,3m,18195611.63205599
2024-10-22 19:12:00,A9e6JzPQstmz94pMnzxgyV14QUqoULSXuf5FPsq8UiRa,0.0018530673376138704,0.002134096338015148,0.0016000834134155682,0.002125285486961834,3m,63503253.46989201
2024-10-22 19:15:00,A9e6JzPQstmz94pMnzxgyV14QUqoULSXuf5FPsq8UiRa,0.002051347430173256,0.002063657138236589,0.0018528947985534414,0.0018530673376138704,3m,19946318.054371007
2024-10-22 19:18:00,A9e6JzPQstmz94pMnzxgyV14QUqoULSXuf5FPsq8UiRa,0.0023036095496461262,0.0026377406175002106,0.002051347430173256,0.002051347430173256,3m,31196104.357541993
2024-10-22 19:21:00,A9e6JzPQstmz94pMnzxgyV14QUqoULSXuf5FPsq8UiRa,0.0024667397763450806,0.002525966801825732,0.002169173174259725,0.0023036095496461262,3m,19652610.611574005
2024-10-22 19:24:00,A9e6JzPQstmz94pMnzxgyV14QUqoULSXuf5FPsq8UiRa,0.0023555404965068917,0.002501821135255996,0.0023555404965068917,0.0024667397763450806,3m,4250966.714378
2024-10-22 19:27:00,A9e6JzPQstmz94pMnzxgyV14QUqoULSXuf5FPsq8UiRa,0.0022517245381148713,0.0023555404965068917,0.0021030193274187135,0.0023555404965068917,3m,14833046.238990005
2024-10-22 19:30:00,A9e6JzPQstmz94pMnzxgyV14QUqoULSXuf5FPsq8UiRa,0.0023520548321519417,0.0023874484786768385,0.0021657553161612054,0.0022517245381148713,3m,14318005.647569988
2024-10-22 19:33:00,A9e6JzPQstmz94pMnzxgyV14QUqoULSXuf5FPsq8UiRa,0.0024517799348181117,0.0027653898137501814,0.0023512947101536554,0.0023520548321519417,3m,11915158.169985997
2024-10-22 19:36:00,A9e6JzPQstmz94pMnzxgyV14QUqoULSXuf5FPsq8UiRa,0.0021169830715357975,0.00246321267232514,0.0019288356693857901,0.0024517799348181117,3m,25830229.860829007
2024-10-22 19:39:00,A9e6JzPQstmz94pMnzxgyV14QUqoULSXuf5FPsq8UiRa,0.0020248104694317003,0.0021553363845482074,0.001990420789657179,0.0021169830715357975,3m,11030057.462849993
2024-10-22 19:42:00,A9e6JzPQstmz94pMnzxgyV14QUqoULSXuf5FPsq8UiRa,0.0020108395990106756,0.0021584806888227275,0.002004932085750298,0.0020248104694317003,3m,10228219.165952003
2024-10-22 19:45:00,A9e6JzPQstmz94pMnzxgyV14QUqoULSXuf5FPsq8UiRa,0.0018782487150824628,0.0021320352206444736,0.0016582219779975214,0.0020108395990106756,3m,35501712.67008002
2024-10-22 19:48:00,A9e6JzPQstmz94pMnzxgyV14QUqoULSXuf5FPsq8UiRa,0.00140009654978285,0.0018875176831024102,0.0013275709006811184,0.0018782487150824628,3m,54972323.80561
2024-10-22 19:51:00,A9e6JzPQstmz94pMnzxgyV14QUqoULSXuf5FPsq8UiRa,0.0017068259906917848,0.0017141228048104412,0.001355971905300047,0.00140009654978285,3m,66324367.69483101
2024-10-22 19:54:00,A9e6JzPQstmz94pMnzxgyV14QUqoULSXuf5FPsq8UiRa,0.0017174378678921041,0.002069538167558208,0.0016631346658697488,0.0017068259906917848,3m,31109181.997547988
2024-10-22 19:57:00,A9e6JzPQstmz94pMnzxgyV14QUqoULSXuf5FPsq8UiRa,0.0018564613700384832,0.00230491961799278,0.0016839829878905709,0.0017174378678921041,3m,38858066.931236
2024-10-22 20:00:00,A9e6JzPQstmz94pMnzxgyV14QUqoULSXuf5FPsq8UiRa,0.0017798647952145536,0.0018864542105900513,0.0017717123531363367,0.0018564613700384832,3m,7799116.368654999
2024-10-22 20:03:00,A9e6JzPQstmz94pMnzxgyV14QUqoULSXuf5FPsq8UiRa,0.0016897928899065853,0.0017925562929583371,0.0016176077750843197,0.0017798647952145536,3m,13671096.212241003
2024-10-22 20:06:00,A9e6JzPQstmz94pMnzxgyV14QUqoULSXuf5FPsq8UiRa,0.00150164296196576,0.001780404214279021,0.0010759740761328552,0.0016897928899065853,3m,106288713.66451707
2024-10-22 20:09:00,A9e6JzPQstmz94pMnzxgyV14QUqoULSXuf5FPsq8UiRa,0.0014003295255373281,0.0015687339486256723,0.001338575059523996,0.00150164296196576,3m,35155700.697541
2024-10-22 20:12:00,A9e6JzPQstmz94pMnzxgyV14QUqoULSXuf5FPsq8UiRa,0.0014642116979743916,0.0015759763982839674,0.001307676084778489,0.0014003295255373281,3m,30996249.443761997
2024-10-22 20:15:00,A9e6JzPQstmz94pMnzxgyV14QUqoULSXuf5FPsq8UiRa,0.00183852858249809,0.0020142479091402473,0.0014536208053833332,0.0014642116979743916,3m,41569488.77423398
2024-10-22 20:18:00,A9e6JzPQstmz94pMnzxgyV14QUqoULSXuf5FPsq8UiRa,0.002021269047981142,0.0020823692128893686,0.0016692676916704697,0.00183852858249809,3m,38029508.370976
2024-10-22 20:21:00,A9e6JzPQstmz94pMnzxgyV14QUqoULSXuf5FPsq8UiRa,0.0020338665590977985,0.0021949937219873524,0.001908088441022655,0.002021269047981142,3m,22107819.464643992
2024-10-22 20:24:00,A9e6JzPQstmz94pMnzxgyV14QUqoULSXuf5FPsq8UiRa,0.001975046450142745,0.0020465731718861744,0.001859660587425663,0.0020338665590977985,3m,21991512.375466
2024-10-22 20:27:00,A9e6JzPQstmz94pMnzxgyV14QUqoULSXuf5FPsq8UiRa,0.001917329866409658,0.001992985632967441,0.0017985557049432137,0.001975046450142745,3m,18316402.227942992
2024-10-22 20:30:00,A9e6JzPQstmz94pMnzxgyV14QUqoULSXuf5FPsq8UiRa,0.0020529228008780813,0.0021592285439189234,0.0019009051127074452,0.001917329866409658,3m,27772132.212365985
2024-10-22 20:33:00,A9e6JzPQstmz94pMnzxgyV14QUqoULSXuf5FPsq8UiRa,0.002522721435498737,0.0027309200594878274,0.0019688100861963587,0.0020529228008780813,3m,52926212.51620595
2024-10-22 20:36:00,A9e6JzPQstmz94pMnzxgyV14QUqoULSXuf5FPsq8UiRa,0.002437607662552198,0.002566514637813515,0.0023014435752763403,0.002522721435498737,3m,15932944.492288997
2024-10-22 20:39:00,A9e6JzPQstmz94pMnzxgyV14QUqoULSXuf5FPsq8UiRa,0.002185102592659285,0.0024681044220502745,0.0020271706674233037,0.002437607662552198,3m,20674788.34085699
2024-10-22 20:42:00,A9e6JzPQstmz94pMnzxgyV14QUqoULSXuf5FPsq8UiRa,0.00230405537507435,0.002372101488880641,0.002172492645877898,0.002185102592659285,3m,18248476.462293
2024-10-22 20:45:00,A9e6JzPQstmz94pMnzxgyV14QUqoULSXuf5FPsq8UiRa,0.002062419454681784,0.0023105366028893883,0.0019024199112625856,0.00230405537507435,3m,21072333.22637699
2024-10-22 20:48:00,A9e6JzPQstmz94pMnzxgyV14QUqoULSXuf5FPsq8UiRa,0.0022481994955424445,0.0022995481420192976,0.0019858088046320168,0.002062419454681784,3m,18862604.968295995
2024-10-22 20:51:00,A9e6JzPQstmz94pMnzxgyV14QUqoULSXuf5FPsq8UiRa,0.002302501787568322,0.0026805522931143033,0.0021286161678522888,0.0022481994955424445,3m,21225481.157658
2024-10-22 20:54:00,A9e6JzPQstmz94pMnzxgyV14QUqoULSXuf5FPsq8UiRa,0.0022321688946829294,0.002354816173545803,0.0021092810368383134,0.002302501787568322,3m,13954135.707667006
2024-10-22 20:57:00,A9e6JzPQstmz94pMnzxgyV14QUqoULSXuf5FPsq8UiRa,0.0028712234154366603,0.0030156677626401373,0.0022321688946829294,0.0022321688946829294,3m,36112314.44840301
2024-10-22 21:00:00,A9e6JzPQstmz94pMnzxgyV14QUqoULSXuf5FPsq8UiRa,0.002462025083341251,0.0030559947032288057,0.0021308555399036522,0.0028712234154366603,3m,29368810.093537007
2024-10-22 21:03:00,A9e6JzPQstmz94pMnzxgyV14QUqoULSXuf5FPsq8UiRa,0.0024218229399730947,0.002537807617867043,0.002197368957962546,0.002462025083341251,3m,20494061.04803099
2024-10-22 21:06:00,A9e6JzPQstmz94pMnzxgyV14QUqoULSXuf5FPsq8UiRa,0.002306287474011664,0.002445494078527045,0.002201486731601442,0.0024218229399730947,3m,12128438.317199996
2024-10-22 21:09:00,A9e6JzPQstmz94pMnzxgyV14QUqoULSXuf5FPsq8UiRa,0.0023844987126981953,0.0023844987126981953,0.0021829513344717765,0.002306287474011664,3m,13693823.745934997
2024-10-22 21:12:00,A9e6JzPQstmz94pMnzxgyV14QUqoULSXuf5FPsq8UiRa,0.0023015569341327453,0.002457734255087684,0.002202318448787001,0.0023844987126981953,3m,11906006.050244998
2024-10-22 21:15:00,A9e6JzPQstmz94pMnzxgyV14QUqoULSXuf5FPsq8UiRa,0.002163618155079285,0.002362374545757083,0.0021322099778634225,0.0023015569341327453,3m,14730012.306964995
2024-10-22 21:18:00,A9e6JzPQstmz94pMnzxgyV14QUqoULSXuf5FPsq8UiRa,0.0020328011205545367,0.002163618155079285,0.0019113424006428465,0.002163618155079285,3m,18936781.969184007
2024-10-22 21:21:00,A9e6JzPQstmz94pMnzxgyV14QUqoULSXuf5FPsq8UiRa,0.001982803679558098,0.0020494237904113807,0.0019006084271190403,0.0020328011205545367,3m,16563969.289436996
2024-10-22 21:24:00,A9e6JzPQstmz94pMnzxgyV14QUqoULSXuf5FPsq8UiRa,0.0022050000838392623,0.002212468460806174,0.0018900612677999857,0.001982803679558098,3m,17488101.039272
2024-10-22 21:27:00,A9e6JzPQstmz94pMnzxgyV14QUqoULSXuf5FPsq8UiRa,0.002119723393480985,0.0022210626328231444,0.0018651296634785582,0.0022050000838392623,3m,21414013.343031
2024-10-22 21:30:00,A9e6JzPQstmz94pMnzxgyV14QUqoULSXuf5FPsq8UiRa,0.0019170516348996003,0.002119723393480985,0.0018663705566229472,0.002119723393480985,3m,14360139.547225006
2024-10-22 21:33:00,A9e6JzPQstmz94pMnzxgyV14QUqoULSXuf5FPsq8UiRa,0.00189022506797353,0.0019576471137151795,0.0018012618790773998,0.0019170516348996003,3m,14102497.506234998
2024-10-22 21:36:00,A9e6JzPQstmz94pMnzxgyV14QUqoULSXuf5FPsq8UiRa,0.0019504007124165382,0.001975878980175112,0.0018253041524850823,0.00189022506797353,3m,15619867.895463994
2024-10-22 21:39:00,A9e6JzPQstmz94pMnzxgyV14QUqoULSXuf5FPsq8UiRa,0.001955587532099822,0.0019735622391945547,0.0018459964371162615,0.0019504007124165382,3m,9881449.218932996
2024-10-22 21:42:00,A9e6JzPQstmz94pMnzxgyV14QUqoULSXuf5FPsq8UiRa,0.0022408045097813897,0.0022759672098302364,0.0018654366067229128,0.001955587532099822,3m,20063938.52859
2024-10-22 21:45:00,A9e6JzPQstmz94pMnzxgyV14QUqoULSXuf5FPsq8UiRa,0.0027534601558633987,0.0028027564170502316,0.002205850205851037,0.0022408045097813897,3m,29844160.309476003
2024-10-22 21:48:00,A9e6JzPQstmz94pMnzxgyV14QUqoULSXuf5FPsq8UiRa,0.0025041167827039024,0.0027534601558633987,0.0023493901808970545,0.0027534601558633987,3m,11779041.791707005
2024-10-22 21:51:00,A9e6JzPQstmz94pMnzxgyV14QUqoULSXuf5FPsq8UiRa,0.0023757221118549366,0.0025104958863570773,0.0022759286261610245,0.0025041167827039024,3m,9012785.504130999
2024-10-22 21:54:00,A9e6JzPQstmz94pMnzxgyV14QUqoULSXuf5FPsq8UiRa,0.0025087795378254045,0.004174858641120066,0.0023328096763537884,0.0023757221118549366,3m,24727161.892801
2024-10-22 21:57:00,A9e6JzPQstmz94pMnzxgyV14QUqoULSXuf5FPsq8UiRa,0.002567584168641622,0.0026240856893594523,0.0025087795378254045,0.0025087795378254045,3m,6773312.418896004
2024-10-22 22:00:00,A9e6JzPQstmz94pMnzxgyV14QUqoULSXuf5FPsq8UiRa,0.0029342088083349083,0.0032028995236233915,0.002567584168641622,0.002567584168641622,3m,17445162.851341993
2024-10-22 22:03:00,A9e6JzPQstmz94pMnzxgyV14QUqoULSXuf5FPsq8UiRa,0.0028444117940290333,0.003040692681311705,0.0027116291827233505,0.0029342088083349083,3m,13541578.580221001
2024-10-22 22:06:00,A9e6JzPQstmz94pMnzxgyV14QUqoULSXuf5FPsq8UiRa,0.0028150709396276828,0.0034994493505265856,0.0027456878259310234,0.0028444117940290333,3m,12898101.249727001
2024-10-22 22:09:00,A9e6JzPQstmz94pMnzxgyV14QUqoULSXuf5FPsq8UiRa,0.0027345251121790844,0.0028428695175684382,0.002711948629096723,0.0028150709396276828,3m,2829260.362737
2024-10-22 22:12:00,A9e6JzPQstmz94pMnzxgyV14QUqoULSXuf5FPsq8UiRa,0.002945765229251364,0.0029540456255607137,0.0027267687600807393,0.0027345251121790844,3m,4750117.553141001
2024-10-22 22:15:00,A9e6JzPQstmz94pMnzxgyV14QUqoULSXuf5FPsq8UiRa,0.0031595277980560332,0.0031755840884088735,0.002509448269199017,0.002945765229251364,3m,17026628.634163998
2024-10-22 22:18:00,A9e6JzPQstmz94pMnzxgyV14QUqoULSXuf5FPsq8UiRa,0.0034562316223828355,0.0038486858454674336,0.002788710720776391,0.0031595277980560332,3m,33054016.091390993
2024-10-22 22:21:00,A9e6JzPQstmz94pMnzxgyV14QUqoULSXuf5FPsq8UiRa,0.0036302389067082194,0.0044599080561668605,0.0033928483503519167,0.0034562316223828355,3m,31594282.885379013
2024-10-22 22:24:00,A9e6JzPQstmz94pMnzxgyV14QUqoULSXuf5FPsq8UiRa,0.0037571965849187796,0.003760729605360516,0.0034192271555567744,0.0036302389067082194,3m,6854677.03266
2024-10-22 22:27:00,A9e6JzPQstmz94pMnzxgyV14QUqoULSXuf5FPsq8UiRa,0.003636136730868964,0.004048956780947718,0.0034129624913329906,0.0037571965849187796,3m,15693522.015654009
2024-10-22 22:30:00,A9e6JzPQstmz94pMnzxgyV14QUqoULSXuf5FPsq8UiRa,0.0033028319825876154,0.0036881897646594605,0.0033005476315531666,0.003636136730868964,3m,8332364.576946005
2024-10-22 22:33:00,A9e6JzPQstmz94pMnzxgyV14QUqoULSXuf5FPsq8UiRa,0.0034589085586081442,0.0035250229848561546,0.003229094769513955,0.0033028319825876154,3m,5306986.735231003
2024-10-22 22:36:00,A9e6JzPQstmz94pMnzxgyV14QUqoULSXuf5FPsq8UiRa,0.0032672259471970447,0.0034589085586081442,0.0031210266853157554,0.0034589085586081442,3m,8183324.783318999
2024-10-22 22:39:00,A9e6JzPQstmz94pMnzxgyV14QUqoULSXuf5FPsq8UiRa,0.003921307957332986,0.003947967132412893,0.003261817297382265,0.0032672259471970447,3m,11564467.119200991
2024-10-22 22:42:00,A9e6JzPQstmz94pMnzxgyV14QUqoULSXuf5FPsq8UiRa,0.0032647174043336775,0.004026160652836263,0.0024127903300764073,0.003921307957332986,3m,33290847.015368015
2024-10-22 22:45:00,A9e6JzPQstmz94pMnzxgyV14QUqoULSXuf5FPsq8UiRa,0.003609752355146058,0.004197990624275416,0.0032647174043336775,0.0032647174043336775,3m,21057456.527147997
2024-10-22 22:48:00,A9e6JzPQstmz94pMnzxgyV14QUqoULSXuf5FPsq8UiRa,0.003534131688992246,0.003868876685623308,0.003479557876046261,0.003609752355146058,3m,5672885.106273
2024-10-22 22:51:00,A9e6JzPQstmz94pMnzxgyV14QUqoULSXuf5FPsq8UiRa,0.0037016117948489463,0.00394023840970176,0.0029395430365384066,0.003534131688992246,3m,17917714.883072
2024-10-22 22:54:00,A9e6JzPQstmz94pMnzxgyV14QUqoULSXuf5FPsq8UiRa,0.0037730289166645974,0.0037876759781015276,0.003647858470096322,0.0037016117948489463,3m,1505336.3288790002
2024-10-22 22:57:00,A9e6JzPQstmz94pMnzxgyV14QUqoULSXuf5FPsq8UiRa,0.0037678384727131173,0.0038282962791680634,0.0037494743096226327,0.0037730289166645974,3m,1521623.510248
2024-10-22 23:00:00,A9e6JzPQstmz94pMnzxgyV14QUqoULSXuf5FPsq8UiRa,0.003405476561908331,0.0037916488249917593,0.0033890641111405185,0.0037678384727131173,3m,4716578.376308001
2024-10-22 23:03:00,A9e6JzPQstmz94pMnzxgyV14QUqoULSXuf5FPsq8UiRa,0.0031323968596365316,0.003409259050773106,0.0031295943169408953,0.003405476561908331,3m,4206103.076741
2024-10-22 23:06:00,A9e6JzPQstmz94pMnzxgyV14QUqoULSXuf5FPsq8UiRa,0.003307392577775947,0.003433780933520094,0.0030755178532715444,0.0031323968596365316,3m,5101935.133472
2024-10-22 23:09:00,A9e6JzPQstmz94pMnzxgyV14QUqoULSXuf5FPsq8UiRa,0.0033750532266002627,0.00341174489282042,0.003298793722048741,0.003307392577775947,3m,2114922.577401
2024-10-22 23:12:00,A9e6JzPQstmz94pMnzxgyV14QUqoULSXuf5FPsq8UiRa,0.0034435512563045644,0.0035103597783927853,0.003282766063819856,0.0033750532266002627,3m,5463273.927746999
2024-10-22 23:15:00,A9e6JzPQstmz94pMnzxgyV14QUqoULSXuf5FPsq8UiRa,0.003583342336254577,0.003667352976232579,0.003200196840723531,0.0034435512563045644,3m,8404581.690893002
2024-10-22 23:18:00,A9e6JzPQstmz94pMnzxgyV14QUqoULSXuf5FPsq8UiRa,0.0035924696527770477,0.0038564857498095324,0.003583342336254577,0.003583342336254577,3m,7191652.315671002
2024-10-22 23:21:00,A9e6JzPQstmz94pMnzxgyV14QUqoULSXuf5FPsq8UiRa,0.003453950688611139,0.0035924696527770477,0.0033544543351801625,0.0035924696527770477,3m,4496429.905261
2024-10-22 23:24:00,A9e6JzPQstmz94pMnzxgyV14QUqoULSXuf5FPsq8UiRa,0.003566962555267715,0.003577894944958016,0.0032886192839930786,0.003453950688611139,3m,8249898.370716001
2024-10-22 23:27:00,A9e6JzPQstmz94pMnzxgyV14QUqoULSXuf5FPsq8UiRa,0.003775635701775303,0.0038818140942576645,0.003559966817269791,0.003566962555267715,3m,3794000.654451
2024-10-22 23:30:00,A9e6JzPQstmz94pMnzxgyV14QUqoULSXuf5FPsq8UiRa,0.003451087428483474,0.003847642941992035,0.003451087428483474,0.003775635701775303,3m,4836054.372881998
2024-10-22 23:33:00,A9e6JzPQstmz94pMnzxgyV14QUqoULSXuf5FPsq8UiRa,0.003489876270557877,0.003489876270557877,0.003442094015007563,0.003451087428483474,3m,957343.806482
2024-10-22 23:36:00,A9e6JzPQstmz94pMnzxgyV14QUqoULSXuf5FPsq8UiRa,0.0037611012460170043,0.003770258938046848,0.003489876270557877,0.003489876270557877,3m,3955589.7927579996
2024-10-22 23:39:00,A9e6JzPQstmz94pMnzxgyV14QUqoULSXuf5FPsq8UiRa,0.0035502302245567657,0.0037611012460170043,0.0035285954323225352,0.0037611012460170043,3m,2296511.0441619996
2024-10-22 23:42:00,A9e6JzPQstmz94pMnzxgyV14QUqoULSXuf5FPsq8UiRa,0.0033758483196847278,0.0035502302245567657,0.0033637725710492505,0.0035502302245567657,3m,1896693.0396820002
2024-10-22 23:45:00,A9e6JzPQstmz94pMnzxgyV14QUqoULSXuf5FPsq8UiRa,0.003364847756569396,0.0034265033132972475,0.0032490059608179384,0.0033758483196847278,3m,3972391.870749
2024-10-22 23:48:00,A9e6JzPQstmz94pMnzxgyV14QUqoULSXuf5FPsq8UiRa,0.0029134862442361355,0.003364847756569396,0.0028708916318958325,0.003364847756569396,3m,9950620.462380994
2024-10-22 23:51:00,A9e6JzPQstmz94pMnzxgyV14QUqoULSXuf5FPsq8UiRa,0.0031181291483232125,0.003141295251093187,0.0029024540452932744,0.0029134862442361355,3m,6286104.677553998
