datetime,address,c,h,l,o,type,v
2024-10-22 23:30:00,9ZiBsj8MivwYw4GkNrZ3F3p3tfCwJrJqKdFgBwBCpump,2.4254901026141246e-05,7.025754293055251e-05,2.1477531418940497e-05,6.506099566651177e-05,1m,569442400.3022939
2024-10-22 23:31:00,9ZiBsj8MivwYw4GkNrZ3F3p3tfCwJrJqKdFgBwBCpump,6.910451950260296e-05,6.965566927907421e-05,2.4254901026141246e-05,2.4254901026141246e-05,1m,703382501.1495888
2024-10-22 23:32:00,9ZiBsj8MivwYw4GkNrZ3F3p3tfCwJrJqKdFgBwBCpump,0.00011738756340961401,0.00013771030096176336,6.738474381981456e-05,6.910451950260296e-05,1m,291262016.8741311
2024-10-22 23:33:00,9ZiBsj8MivwYw4GkNrZ3F3p3tfCwJrJqKdFgBwBCpump,0.00019122346317037333,0.00025806028646505356,0.00010072089865106318,0.00011738756340961401,1m,328660466.6023019
2024-10-22 23:34:00,9ZiBsj8MivwYw4GkNrZ3F3p3tfCwJrJqKdFgBwBCpump,0.00018180799671398284,0.0002554634007752782,0.00018180799671398284,0.00019122346317037333,1m,273033641.823752
2024-10-22 23:35:00,9ZiBsj8MivwYw4GkNrZ3F3p3tfCwJrJqKdFgBwBCpump,0.0003780912953583367,0.0004268555853251204,0.00017461713524329374,0.00018180799671398284,1m,207544042.50643504
2024-10-22 23:36:00,9ZiBsj8MivwYw4GkNrZ3F3p3tfCwJrJqKdFgBwBCpump,0.00041391604255841384,0.0005166866154771442,0.00033700210892200746,0.0003780912953583367,1m,183955423.37074104
2024-10-22 23:37:00,9ZiBsj8MivwYw4GkNrZ3F3p3tfCwJrJqKdFgBwBCpump,0.0003654057743181,0.00041391604255841384,0.00023242465377968638,0.00041391604255841384,1m,197330147.97960994
2024-10-22 23:38:00,9ZiBsj8MivwYw4GkNrZ3F3p3tfCwJrJqKdFgBwBCpump,0.00029589508870953637,0.0004702040131596735,0.00029589508870953637,0.0003654057743181,1m,122499903.45085093
2024-10-22 23:39:00,9ZiBsj8MivwYw4GkNrZ3F3p3tfCwJrJqKdFgBwBCpump,0.000327865458177295,0.000327865458177295,0.00022777106770508786,0.00029589508870953637,1m,107906321.97753698
2024-10-22 23:40:00,9ZiBsj8MivwYw4GkNrZ3F3p3tfCwJrJqKdFgBwBCpump,0.0003490126733935189,0.00037194444650838227,0.0002928839666368233,0.000327865458177295,1m,70675684.401455
2024-10-22 23:41:00,9ZiBsj8MivwYw4GkNrZ3F3p3tfCwJrJqKdFgBwBCpump,0.0004502371684535443,0.000458354566589563,0.0003490126733935189,0.0003490126733935189,1m,83816395.24535602
2024-10-22 23:42:00,9ZiBsj8MivwYw4GkNrZ3F3p3tfCwJrJqKdFgBwBCpump,0.000540719212735121,0.0006149936818977658,0.00042991167504926665,0.0004502371684535443,1m,166356016.1157468
2024-10-22 23:43:00,9ZiBsj8MivwYw4GkNrZ3F3p3tfCwJrJqKdFgBwBCpump,0.0006506155579050593,0.0007405672111711805,0.0005220976827243252,0.000540719212735121,1m,120639260.11302108
2024-10-22 23:44:00,9ZiBsj8MivwYw4GkNrZ3F3p3tfCwJrJqKdFgBwBCpump,0.0005526456165498262,0.0006675352796858631,0.0005006176925885083,0.0006506155579050593,1m,89126910.73729199
2024-10-22 23:45:00,9ZiBsj8MivwYw4GkNrZ3F3p3tfCwJrJqKdFgBwBCpump,0.0005968958154798415,0.0006238751073500739,0.0005145281283201974,0.0005526456165498262,1m,72879304.38580802
2024-10-22 23:46:00,9ZiBsj8MivwYw4GkNrZ3F3p3tfCwJrJqKdFgBwBCpump,0.0004826839657906064,0.0005968958154798415,0.0004414016216011868,0.0005968958154798415,1m,89242425.75490497
2024-10-22 23:47:00,9ZiBsj8MivwYw4GkNrZ3F3p3tfCwJrJqKdFgBwBCpump,0.0003886778274876524,0.0005143638131363507,0.0003886778274876524,0.0004826839657906064,1m,97273169.75079797
2024-10-22 23:48:00,9ZiBsj8MivwYw4GkNrZ3F3p3tfCwJrJqKdFgBwBCpump,0.0006218851668951481,0.0006218851668951481,0.0003860950325272662,0.0003886778274876524,1m,106309128.62922093
2024-10-22 23:49:00,9ZiBsj8MivwYw4GkNrZ3F3p3tfCwJrJqKdFgBwBCpump,0.0006222481496792982,0.0006575582181861784,0.0005500690899804848,0.0006218851668951481,1m,60740896.68868003
2024-10-22 23:50:00,9ZiBsj8MivwYw4GkNrZ3F3p3tfCwJrJqKdFgBwBCpump,0.0004999604040655092,0.000915772485131731,0.0004752729406691887,0.0006222481496792982,1m,106764672.609628
2024-10-22 23:51:00,9ZiBsj8MivwYw4GkNrZ3F3p3tfCwJrJqKdFgBwBCpump,0.0005657792897557686,0.000602135117118019,0.00047855786084001234,0.0004999604040655092,1m,34648345.52297799
2024-10-22 23:52:00,9ZiBsj8MivwYw4GkNrZ3F3p3tfCwJrJqKdFgBwBCpump,0.00038611707550919867,0.0005945972519666322,0.0003535103533596499,0.0005657792897557686,1m,90658082.75801405
2024-10-22 23:53:00,9ZiBsj8MivwYw4GkNrZ3F3p3tfCwJrJqKdFgBwBCpump,0.00025296673022097644,0.00041583519173640223,0.00024465204630649443,0.00038611707550919867,1m,214566460.07614496
2024-10-22 23:54:00,9ZiBsj8MivwYw4GkNrZ3F3p3tfCwJrJqKdFgBwBCpump,0.00024150239291003802,0.0003472801384118672,0.00024150239291003802,0.00025296673022097644,1m,132305615.814943
2024-10-22 23:55:00,9ZiBsj8MivwYw4GkNrZ3F3p3tfCwJrJqKdFgBwBCpump,0.00020487631832926675,0.00024150239291003802,0.00013010121047117988,0.00024150239291003802,1m,305321268.484112
2024-10-22 23:56:00,9ZiBsj8MivwYw4GkNrZ3F3p3tfCwJrJqKdFgBwBCpump,0.00024285623603506748,0.00028049284997227244,0.00018977038127365422,0.00020487631832926675,1m,113084545.50342001
2024-10-22 23:57:00,9ZiBsj8MivwYw4GkNrZ3F3p3tfCwJrJqKdFgBwBCpump,0.0003457580444109226,0.0003567703610648972,0.0002361334051394459,0.00024285623603506748,1m,96422288.233006
2024-10-22 23:58:00,9ZiBsj8MivwYw4GkNrZ3F3p3tfCwJrJqKdFgBwBCpump,0.0002104929993001226,0.000352197172362084,0.0002074429677719908,0.0003457580444109226,1m,74125801.194072
2024-10-22 23:59:00,9ZiBsj8MivwYw4GkNrZ3F3p3tfCwJrJqKdFgBwBCpump,0.00023977825221994643,0.00026818321033529195,0.00019230470493156044,0.0002104929993001226,1m,70968743.122912
2024-10-23 00:00:00,9ZiBsj8MivwYw4GkNrZ3F3p3tfCwJrJqKdFgBwBCpump,0.00015882077057678625,0.00023977825221994643,0.00011962905678204474,0.00023977825221994643,1m,216793056.099238
2024-10-23 00:01:00,9ZiBsj8MivwYw4GkNrZ3F3p3tfCwJrJqKdFgBwBCpump,7.935299804944266e-05,0.00020240909296060232,7.304612177002363e-05,0.00015882077057678625,1m,224457940.8745131
2024-10-23 00:02:00,9ZiBsj8MivwYw4GkNrZ3F3p3tfCwJrJqKdFgBwBCpump,9.103312803330513e-05,0.00012180440725932514,7.935299804944266e-05,7.935299804944266e-05,1m,211257709.922384
2024-10-23 00:03:00,9ZiBsj8MivwYw4GkNrZ3F3p3tfCwJrJqKdFgBwBCpump,9.915670381006044e-05,0.00015374779861475988,6.694278853901991e-05,9.103312803330513e-05,1m,289496705.94512403
2024-10-23 00:04:00,9ZiBsj8MivwYw4GkNrZ3F3p3tfCwJrJqKdFgBwBCpump,0.00015866560186984628,0.00015866560186984628,9.407577656389274e-05,9.915670381006044e-05,1m,147733420.192919
2024-10-23 00:05:00,9ZiBsj8MivwYw4GkNrZ3F3p3tfCwJrJqKdFgBwBCpump,0.00018496682702338657,0.0002031395303802693,0.00014804164879750307,0.00015866560186984628,1m,118740396.66682906
2024-10-23 00:06:00,9ZiBsj8MivwYw4GkNrZ3F3p3tfCwJrJqKdFgBwBCpump,0.00010989434319061329,0.00020527740562002346,0.00010648608413783935,0.00018496682702338657,1m,205062268.91361094
2024-10-23 00:07:00,9ZiBsj8MivwYw4GkNrZ3F3p3tfCwJrJqKdFgBwBCpump,0.00015013817452720073,0.00019487626497693492,0.00010989434319061329,0.00010989434319061329,1m,162379514.60825303
2024-10-23 00:08:00,9ZiBsj8MivwYw4GkNrZ3F3p3tfCwJrJqKdFgBwBCpump,0.00019382744927826787,0.00023242918888304986,0.00014496388488324091,0.00015013817452720073,1m,58402762.003918014
2024-10-23 00:09:00,9ZiBsj8MivwYw4GkNrZ3F3p3tfCwJrJqKdFgBwBCpump,0.00022465669176552564,0.00022469558408953609,0.0001773563780662806,0.00019382744927826787,1m,56698412.083815016
2024-10-23 00:10:00,9ZiBsj8MivwYw4GkNrZ3F3p3tfCwJrJqKdFgBwBCpump,0.00027657388366448106,0.00028259743013663604,0.0002213364921766173,0.00022465669176552564,1m,46807316.69539898
2024-10-23 00:11:00,9ZiBsj8MivwYw4GkNrZ3F3p3tfCwJrJqKdFgBwBCpump,0.00041489569946020956,0.0005259686366536164,0.00026506226373057253,0.00027657388366448106,1m,147025050.25173897
2024-10-23 00:12:00,9ZiBsj8MivwYw4GkNrZ3F3p3tfCwJrJqKdFgBwBCpump,0.00036438796755667874,0.0005745606194013489,0.0003589824445137951,0.00041489569946020956,1m,124036850.40045598
2024-10-23 00:13:00,9ZiBsj8MivwYw4GkNrZ3F3p3tfCwJrJqKdFgBwBCpump,0.00027943060332898215,0.00041020538307374636,0.00027077401738581717,0.00036438796755667874,1m,58303397.353148006
2024-10-23 00:14:00,9ZiBsj8MivwYw4GkNrZ3F3p3tfCwJrJqKdFgBwBCpump,0.0004150833875664229,0.0004209100820064883,0.00027760893362589994,0.00027943060332898215,1m,64112919.39214698
2024-10-23 00:15:00,9ZiBsj8MivwYw4GkNrZ3F3p3tfCwJrJqKdFgBwBCpump,0.0005180621207673112,0.0006470259070840802,0.0004150833875664229,0.0004150833875664229,1m,90069480.21087196
2024-10-23 00:16:00,9ZiBsj8MivwYw4GkNrZ3F3p3tfCwJrJqKdFgBwBCpump,0.0004339331913036868,0.0005973512534610655,0.00042768398503861924,0.0005180621207673112,1m,62685953.80861899
2024-10-23 00:17:00,9ZiBsj8MivwYw4GkNrZ3F3p3tfCwJrJqKdFgBwBCpump,0.00040353985137717055,0.0004969225197332798,0.00037915185921070436,0.0004339331913036868,1m,42779838.68664801
2024-10-23 00:18:00,9ZiBsj8MivwYw4GkNrZ3F3p3tfCwJrJqKdFgBwBCpump,0.0004379117807673708,0.0005134626771473377,0.0003915820989875837,0.00040353985137717055,1m,58602080.835369
2024-10-23 00:19:00,9ZiBsj8MivwYw4GkNrZ3F3p3tfCwJrJqKdFgBwBCpump,0.0004605612425177895,0.000486490809967944,0.0004365832489521459,0.0004379117807673708,1m,14122265.055121003
2024-10-23 00:20:00,9ZiBsj8MivwYw4GkNrZ3F3p3tfCwJrJqKdFgBwBCpump,0.0003459851355503752,0.0004605612425177895,0.00025705945908256387,0.0004605612425177895,1m,55134802.45624501
2024-10-23 00:21:00,9ZiBsj8MivwYw4GkNrZ3F3p3tfCwJrJqKdFgBwBCpump,0.00036754416912325623,0.00036754416912325623,0.0003233737591147139,0.0003459851355503752,1m,42280414.321222015
2024-10-23 00:22:00,9ZiBsj8MivwYw4GkNrZ3F3p3tfCwJrJqKdFgBwBCpump,0.00024891492719904745,0.00039492192875396193,0.00024891492719904745,0.00036754416912325623,1m,57747384.807845004
2024-10-23 00:23:00,9ZiBsj8MivwYw4GkNrZ3F3p3tfCwJrJqKdFgBwBCpump,0.00021958096040254494,0.0002978700920141917,0.0001865679778865912,0.00024891492719904745,1m,114914386.28678605
2024-10-23 00:24:00,9ZiBsj8MivwYw4GkNrZ3F3p3tfCwJrJqKdFgBwBCpump,0.00024130645556342097,0.000249736134816018,0.0002094566193927653,0.00021958096040254494,1m,60469604.04649799
2024-10-23 00:25:00,9ZiBsj8MivwYw4GkNrZ3F3p3tfCwJrJqKdFgBwBCpump,0.0002977778710258554,0.0002977778710258554,0.00024130645556342097,0.00024130645556342097,1m,41311258.175432004
2024-10-23 00:26:00,9ZiBsj8MivwYw4GkNrZ3F3p3tfCwJrJqKdFgBwBCpump,0.00023605256104104546,0.00031517599574157535,0.0002312978259896297,0.0002977778710258554,1m,41587959.015623
2024-10-23 00:27:00,9ZiBsj8MivwYw4GkNrZ3F3p3tfCwJrJqKdFgBwBCpump,0.0002234013129738813,0.00023605256104104546,0.00018543438183224228,0.00023605256104104546,1m,51095229.36028997
2024-10-23 00:28:00,9ZiBsj8MivwYw4GkNrZ3F3p3tfCwJrJqKdFgBwBCpump,0.00022856851741253216,0.00025273913012568007,0.00020832462481606257,0.0002234013129738813,1m,44570570.442214996
2024-10-23 00:29:00,9ZiBsj8MivwYw4GkNrZ3F3p3tfCwJrJqKdFgBwBCpump,0.00021460645894768617,0.00022856851741253216,0.000201034635783728,0.00022856851741253216,1m,15291118.926141003
2024-10-23 00:30:00,9ZiBsj8MivwYw4GkNrZ3F3p3tfCwJrJqKdFgBwBCpump,0.00014752324054328848,0.00021460645894768617,0.00011469003256313454,0.00021460645894768617,1m,89725008.63137697
2024-10-23 00:31:00,9ZiBsj8MivwYw4GkNrZ3F3p3tfCwJrJqKdFgBwBCpump,0.00013925175197706917,0.00015625004937781808,0.00012697417216402782,0.00014752324054328848,1m,73580650.46313997
2024-10-23 00:32:00,9ZiBsj8MivwYw4GkNrZ3F3p3tfCwJrJqKdFgBwBCpump,0.00016486313582864622,0.00017960657810779489,0.00012706110888304563,0.00013925175197706917,1m,101590785.36240901
2024-10-23 00:33:00,9ZiBsj8MivwYw4GkNrZ3F3p3tfCwJrJqKdFgBwBCpump,0.00016906342409158927,0.00019776819586239653,0.0001373080633693965,0.00016486313582864622,1m,88143070.56796099
2024-10-23 00:34:00,9ZiBsj8MivwYw4GkNrZ3F3p3tfCwJrJqKdFgBwBCpump,0.00019199468520962793,0.00019714234458289345,0.00016710946206346746,0.00016906342409158927,1m,24436063.285439
2024-10-23 00:35:00,9ZiBsj8MivwYw4GkNrZ3F3p3tfCwJrJqKdFgBwBCpump,0.00024099126935255417,0.0002666819747347081,0.00019016789270724424,0.00019199468520962793,1m,53950869.29872101
2024-10-23 00:36:00,9ZiBsj8MivwYw4GkNrZ3F3p3tfCwJrJqKdFgBwBCpump,0.00024224483227059212,0.0002845276663079714,0.00023038993805141674,0.00024099126935255417,1m,51795061.24393901
2024-10-23 00:37:00,9ZiBsj8MivwYw4GkNrZ3F3p3tfCwJrJqKdFgBwBCpump,0.00019134976359542783,0.00024499587012728296,0.0001892041665757791,0.00024224483227059212,1m,51050828.525976
2024-10-23 00:38:00,9ZiBsj8MivwYw4GkNrZ3F3p3tfCwJrJqKdFgBwBCpump,0.00021337668177780406,0.00021337668177780406,0.00017956441495872852,0.00019134976359542783,1m,25850323.313106995
2024-10-23 00:39:00,9ZiBsj8MivwYw4GkNrZ3F3p3tfCwJrJqKdFgBwBCpump,0.00024613927212972363,0.0002533332647243017,0.00020949046381229285,0.00021337668177780406,1m,34390713.736694
2024-10-23 00:40:00,9ZiBsj8MivwYw4GkNrZ3F3p3tfCwJrJqKdFgBwBCpump,0.00028841425129047136,0.00028841425129047136,0.0002415754904120967,0.00024613927212972363,1m,17702050.433929
2024-10-23 00:41:00,9ZiBsj8MivwYw4GkNrZ3F3p3tfCwJrJqKdFgBwBCpump,0.00033019121870610853,0.0003360905339420492,0.0002754026041346993,0.00028841425129047136,1m,37918423.48320901
2024-10-23 00:42:00,9ZiBsj8MivwYw4GkNrZ3F3p3tfCwJrJqKdFgBwBCpump,0.0003758617172296208,0.0004954656630531981,0.0003052488360847946,0.00033019121870610853,1m,119778352.984035
2024-10-23 00:43:00,9ZiBsj8MivwYw4GkNrZ3F3p3tfCwJrJqKdFgBwBCpump,0.0003918546213230423,0.00042402512263673027,0.0003710303648126068,0.0003758617172296208,1m,26064053.545679003
2024-10-23 00:44:00,9ZiBsj8MivwYw4GkNrZ3F3p3tfCwJrJqKdFgBwBCpump,0.00035379401995144387,0.0003981987033046181,0.000343605942737068,0.0003918546213230423,1m,26994241.716314003
2024-10-23 00:45:00,9ZiBsj8MivwYw4GkNrZ3F3p3tfCwJrJqKdFgBwBCpump,0.00039497675058124056,0.00041756101829662165,0.0003510009957647808,0.00035379401995144387,1m,16499591.252349
2024-10-23 00:46:00,9ZiBsj8MivwYw4GkNrZ3F3p3tfCwJrJqKdFgBwBCpump,0.00043621634981605195,0.0005022143372851142,0.0003745342451665699,0.00039497675058124056,1m,43582042.80736001
2024-10-23 00:47:00,9ZiBsj8MivwYw4GkNrZ3F3p3tfCwJrJqKdFgBwBCpump,0.0004189759938323739,0.0005818515988777826,0.00041862274160829534,0.00043621634981605195,1m,46525414.678605996
2024-10-23 00:48:00,9ZiBsj8MivwYw4GkNrZ3F3p3tfCwJrJqKdFgBwBCpump,0.0003038291790312586,0.0004189759938323739,0.00026268969171403884,0.0004189759938323739,1m,54259896.775209
2024-10-23 00:49:00,9ZiBsj8MivwYw4GkNrZ3F3p3tfCwJrJqKdFgBwBCpump,0.0003511291449980491,0.0003558362073834332,0.00027000448696623953,0.0003038291790312586,1m,56558370.20191501
2024-10-23 00:50:00,9ZiBsj8MivwYw4GkNrZ3F3p3tfCwJrJqKdFgBwBCpump,0.0003653811463380114,0.00037551585852245407,0.00031971241016715663,0.0003511291449980491,1m,26719333.810034998
2024-10-23 00:51:00,9ZiBsj8MivwYw4GkNrZ3F3p3tfCwJrJqKdFgBwBCpump,0.00041211221251289125,0.0004271726684295631,0.0003224194757988414,0.0003653811463380114,1m,52344908.55453401
2024-10-23 00:52:00,9ZiBsj8MivwYw4GkNrZ3F3p3tfCwJrJqKdFgBwBCpump,0.0004637143271992194,0.0004908203373793857,0.0004033710273482539,0.00041211221251289125,1m,36001018.998373
2024-10-23 00:53:00,9ZiBsj8MivwYw4GkNrZ3F3p3tfCwJrJqKdFgBwBCpump,0.0005835926692790095,0.0006569871740294651,0.0004637143271992194,0.0004637143271992194,1m,67850589.284602
2024-10-23 00:54:00,9ZiBsj8MivwYw4GkNrZ3F3p3tfCwJrJqKdFgBwBCpump,0.0004655184603860769,0.0006118488782427549,0.00040634541912664286,0.0005835926692790095,1m,47210221.392115995
2024-10-23 00:55:00,9ZiBsj8MivwYw4GkNrZ3F3p3tfCwJrJqKdFgBwBCpump,0.0006862061148148685,0.0006894790536278495,0.0004474509604653015,0.0004655184603860769,1m,62349526.06662599
2024-10-23 00:56:00,9ZiBsj8MivwYw4GkNrZ3F3p3tfCwJrJqKdFgBwBCpump,0.0006453791291408904,0.0007013767627242325,0.0006392281360451564,0.0006862061148148685,1m,14168497.689155996
2024-10-23 00:57:00,9ZiBsj8MivwYw4GkNrZ3F3p3tfCwJrJqKdFgBwBCpump,0.0006319010800094282,0.0006707383631256035,0.0005297724984790718,0.0006453791291408904,1m,27998123.926799998
2024-10-23 00:58:00,9ZiBsj8MivwYw4GkNrZ3F3p3tfCwJrJqKdFgBwBCpump,0.0007079838167488711,0.0007208919994514664,0.0006257732230264615,0.0006319010800094282,1m,16394791.155931
2024-10-23 00:59:00,9ZiBsj8MivwYw4GkNrZ3F3p3tfCwJrJqKdFgBwBCpump,0.0009260048565449928,0.001185483841784321,0.0006308551353598007,0.0007079838167488711,1m,83358683.325836
2024-10-23 01:00:00,9ZiBsj8MivwYw4GkNrZ3F3p3tfCwJrJqKdFgBwBCpump,0.0009068329398218204,0.0009635860128043502,0.0007494945384111052,0.0009260048565449928,1m,51689390.61671802
2024-10-23 01:01:00,9ZiBsj8MivwYw4GkNrZ3F3p3tfCwJrJqKdFgBwBCpump,0.0008923138724287054,0.001036837641948735,0.0006767951970573638,0.0009068329398218204,1m,73758970.83728397
2024-10-23 01:02:00,9ZiBsj8MivwYw4GkNrZ3F3p3tfCwJrJqKdFgBwBCpump,0.0007175157026581556,0.0010714279871208523,0.0007123354164367962,0.0008923138724287054,1m,47168418.25715699
2024-10-23 01:03:00,9ZiBsj8MivwYw4GkNrZ3F3p3tfCwJrJqKdFgBwBCpump,0.0008849883694342994,0.000933483447399989,0.0007068987895268901,0.0007175157026581556,1m,35572576.50462699
2024-10-23 01:04:00,9ZiBsj8MivwYw4GkNrZ3F3p3tfCwJrJqKdFgBwBCpump,0.0006660540125770277,0.0010615971893646163,0.0006660540125770277,0.0008849883694342994,1m,56056471.86118504
2024-10-23 01:05:00,9ZiBsj8MivwYw4GkNrZ3F3p3tfCwJrJqKdFgBwBCpump,0.0007336976408605448,0.0007386871611794354,0.0006194448331570891,0.0006660540125770277,1m,31508914.86749299
2024-10-23 01:06:00,9ZiBsj8MivwYw4GkNrZ3F3p3tfCwJrJqKdFgBwBCpump,0.0005944899549469628,0.0007530986144221354,0.0005753643681138457,0.0007336976408605448,1m,36638221.67809702
2024-10-23 01:07:00,9ZiBsj8MivwYw4GkNrZ3F3p3tfCwJrJqKdFgBwBCpump,0.000632054484286102,0.0006439507870458793,0.0005402520119513028,0.0005944899549469628,1m,37961775.96597101
2024-10-23 01:08:00,9ZiBsj8MivwYw4GkNrZ3F3p3tfCwJrJqKdFgBwBCpump,0.0006607923414296102,0.0006987885331128795,0.000632054484286102,0.000632054484286102,1m,19670923.84101201
2024-10-23 01:09:00,9ZiBsj8MivwYw4GkNrZ3F3p3tfCwJrJqKdFgBwBCpump,0.0005920045221039065,0.0006633104455275072,0.0005014980911520968,0.0006607923414296102,1m,40368142.34158999
2024-10-23 01:10:00,9ZiBsj8MivwYw4GkNrZ3F3p3tfCwJrJqKdFgBwBCpump,0.0004778482397641399,0.0005920045221039065,0.00043760065666025765,0.0005920045221039065,1m,69757517.32563798
2024-10-23 01:11:00,9ZiBsj8MivwYw4GkNrZ3F3p3tfCwJrJqKdFgBwBCpump,0.00044586576915393503,0.0005406524704155716,0.00042989070887062864,0.0004778482397641399,1m,37962173.522531
2024-10-23 01:12:00,9ZiBsj8MivwYw4GkNrZ3F3p3tfCwJrJqKdFgBwBCpump,0.000494466819655631,0.0005200296540534709,0.0004286661603725617,0.00044586576915393503,1m,31790383.73811599
2024-10-23 01:13:00,9ZiBsj8MivwYw4GkNrZ3F3p3tfCwJrJqKdFgBwBCpump,0.0006107128035474138,0.000614261952931997,0.0004925298193893703,0.000494466819655631,1m,39329077.79681099
2024-10-23 01:14:00,9ZiBsj8MivwYw4GkNrZ3F3p3tfCwJrJqKdFgBwBCpump,0.0004643626787297062,0.000647072218005115,0.00044959977570865645,0.0006107128035474138,1m,37325563.861163996
2024-10-23 01:15:00,9ZiBsj8MivwYw4GkNrZ3F3p3tfCwJrJqKdFgBwBCpump,0.0005392199410853364,0.000659543042022405,0.0004643626787297062,0.0004643626787297062,1m,38886848.465344
2024-10-23 01:16:00,9ZiBsj8MivwYw4GkNrZ3F3p3tfCwJrJqKdFgBwBCpump,0.00045226724865416324,0.0005427868776489139,0.00045111593415239376,0.0005392199410853364,1m,25034563.259096004
2024-10-23 01:17:00,9ZiBsj8MivwYw4GkNrZ3F3p3tfCwJrJqKdFgBwBCpump,0.00042345629446415635,0.0004649875283322835,0.00042001036719975705,0.00045226724865416324,1m,29599364.562743004
2024-10-23 01:18:00,9ZiBsj8MivwYw4GkNrZ3F3p3tfCwJrJqKdFgBwBCpump,0.000369656783581489,0.00043077923457177574,0.00031021308314737233,0.00042345629446415635,1m,63727684.390637
2024-10-23 01:19:00,9ZiBsj8MivwYw4GkNrZ3F3p3tfCwJrJqKdFgBwBCpump,0.00037149704259319957,0.0004171410531737208,0.0003692355298610489,0.000369656783581489,1m,35260605.893687
2024-10-23 01:20:00,9ZiBsj8MivwYw4GkNrZ3F3p3tfCwJrJqKdFgBwBCpump,0.0004276405078021276,0.00043710942289601777,0.00037149704259319957,0.00037149704259319957,1m,38013437.214288004
2024-10-23 01:21:00,9ZiBsj8MivwYw4GkNrZ3F3p3tfCwJrJqKdFgBwBCpump,0.00042910458218370877,0.00045928553239910796,0.00040441621145232695,0.0004276405078021276,1m,40912194.278417006
2024-10-23 01:22:00,9ZiBsj8MivwYw4GkNrZ3F3p3tfCwJrJqKdFgBwBCpump,0.00037911909709026375,0.000446213080793735,0.0003628237134199851,0.00042910458218370877,1m,25844576.840608004
2024-10-23 01:23:00,9ZiBsj8MivwYw4GkNrZ3F3p3tfCwJrJqKdFgBwBCpump,0.00042911684708971554,0.0004295161279460953,0.00037911909709026375,0.00037911909709026375,1m,14871275.080289999
2024-10-23 01:24:00,9ZiBsj8MivwYw4GkNrZ3F3p3tfCwJrJqKdFgBwBCpump,0.0003651339185532137,0.000434408561544587,0.00035003427065474687,0.00042911684708971554,1m,19241338.170227002
2024-10-23 01:25:00,9ZiBsj8MivwYw4GkNrZ3F3p3tfCwJrJqKdFgBwBCpump,0.00036105861035980733,0.0003815967163637234,0.00035534836005070286,0.0003651339185532137,1m,17803568.906525
2024-10-23 01:26:00,9ZiBsj8MivwYw4GkNrZ3F3p3tfCwJrJqKdFgBwBCpump,0.00031567233827160026,0.0003640936094006241,0.0002818067457758963,0.00036105861035980733,1m,89283163.84220003
2024-10-23 01:27:00,9ZiBsj8MivwYw4GkNrZ3F3p3tfCwJrJqKdFgBwBCpump,0.0003417654721275926,0.00041120960332442866,0.00031567233827160026,0.00031567233827160026,1m,38868813.149048
2024-10-23 01:28:00,9ZiBsj8MivwYw4GkNrZ3F3p3tfCwJrJqKdFgBwBCpump,0.0004127105871643253,0.00042336145398608947,0.0003417654721275926,0.0003417654721275926,1m,16978069.296260003
2024-10-23 01:29:00,9ZiBsj8MivwYw4GkNrZ3F3p3tfCwJrJqKdFgBwBCpump,0.00044361677458527014,0.0005149301643906625,0.00040631986536213073,0.0004127105871643253,1m,31865600.03614001
2024-10-23 01:30:00,9ZiBsj8MivwYw4GkNrZ3F3p3tfCwJrJqKdFgBwBCpump,0.0004109717870268099,0.0004491958555728358,0.00040943720478553187,0.00044361677458527014,1m,8568174.097213
2024-10-23 01:31:00,9ZiBsj8MivwYw4GkNrZ3F3p3tfCwJrJqKdFgBwBCpump,0.00039690011061316283,0.0004109717870268099,0.00037382105002913723,0.0004109717870268099,1m,8293632.026238001
2024-10-23 01:32:00,9ZiBsj8MivwYw4GkNrZ3F3p3tfCwJrJqKdFgBwBCpump,0.00044747308573042725,0.00044747308573042725,0.00039690011061316283,0.00039690011061316283,1m,11178631.980170995
2024-10-23 01:33:00,9ZiBsj8MivwYw4GkNrZ3F3p3tfCwJrJqKdFgBwBCpump,0.000534748268502283,0.0005398334091380298,0.00044747308573042725,0.00044747308573042725,1m,13172063.401509
2024-10-23 01:34:00,9ZiBsj8MivwYw4GkNrZ3F3p3tfCwJrJqKdFgBwBCpump,0.0004859437905881921,0.0005477631724306889,0.00048431638686672744,0.000534748268502283,1m,10969001.977753002
2024-10-23 01:35:00,9ZiBsj8MivwYw4GkNrZ3F3p3tfCwJrJqKdFgBwBCpump,0.0004620623998267043,0.0004871635553825825,0.0004512750854014982,0.0004859437905881921,1m,9108314.342449
2024-10-23 01:36:00,9ZiBsj8MivwYw4GkNrZ3F3p3tfCwJrJqKdFgBwBCpump,0.0005164655894444524,0.0005164655894444524,0.0004599296754784426,0.0004620623998267043,1m,5818664.992244
2024-10-23 01:37:00,9ZiBsj8MivwYw4GkNrZ3F3p3tfCwJrJqKdFgBwBCpump,0.00047099291221295865,0.0005171575296496329,0.0004683367001544236,0.0005164655894444524,1m,8130100.314142999
2024-10-23 01:38:00,9ZiBsj8MivwYw4GkNrZ3F3p3tfCwJrJqKdFgBwBCpump,0.0005307937938367781,0.0006357788932585829,0.0004362349304466022,0.00047099291221295865,1m,65015205.820534006
2024-10-23 01:39:00,9ZiBsj8MivwYw4GkNrZ3F3p3tfCwJrJqKdFgBwBCpump,0.0004122650882778453,0.0005307937938367781,0.0004122650882778453,0.0005307937938367781,1m,6130191.522251
2024-10-23 01:40:00,9ZiBsj8MivwYw4GkNrZ3F3p3tfCwJrJqKdFgBwBCpump,0.00034772047310051366,0.00041463186422855845,0.00034772047310051366,0.0004122650882778453,1m,10872747.596106999
2024-10-23 01:41:00,9ZiBsj8MivwYw4GkNrZ3F3p3tfCwJrJqKdFgBwBCpump,0.00031652049907079157,0.00046106215343996265,0.0002809609104339581,0.00034772047310051366,1m,80191716.54072899
2024-10-23 01:42:00,9ZiBsj8MivwYw4GkNrZ3F3p3tfCwJrJqKdFgBwBCpump,0.00025699546831034595,0.000333316260714056,0.0002497984743490255,0.00031652049907079157,1m,63689065.853688985
2024-10-23 01:43:00,9ZiBsj8MivwYw4GkNrZ3F3p3tfCwJrJqKdFgBwBCpump,0.0003041027006942362,0.000326346646050536,0.000225483857672606,0.00025699546831034595,1m,110499748.33644499
2024-10-23 01:44:00,9ZiBsj8MivwYw4GkNrZ3F3p3tfCwJrJqKdFgBwBCpump,0.0002597399226341232,0.00031480115779284755,0.00025924151613104763,0.0003041027006942362,1m,31765315.934557
2024-10-23 01:45:00,9ZiBsj8MivwYw4GkNrZ3F3p3tfCwJrJqKdFgBwBCpump,0.0003063755906563379,0.00031078493169463506,0.0002597399226341232,0.0002597399226341232,1m,19235979.302556
2024-10-23 01:46:00,9ZiBsj8MivwYw4GkNrZ3F3p3tfCwJrJqKdFgBwBCpump,0.0003089200057172812,0.0003201681415784788,0.0003063755906563379,0.0003063755906563379,1m,11402992.396979997
2024-10-23 01:47:00,9ZiBsj8MivwYw4GkNrZ3F3p3tfCwJrJqKdFgBwBCpump,0.0003499670409007998,0.00035599796258626605,0.0002947913809182717,0.0003089200057172812,1m,19596621.480969
2024-10-23 01:48:00,9ZiBsj8MivwYw4GkNrZ3F3p3tfCwJrJqKdFgBwBCpump,0.00033652026676693334,0.0003499670409007998,0.0003274104159623553,0.0003499670409007998,1m,12102393.070681
2024-10-23 01:49:00,9ZiBsj8MivwYw4GkNrZ3F3p3tfCwJrJqKdFgBwBCpump,0.0003138888524630897,0.00033652026676693334,0.0003138888524630897,0.00033652026676693334,1m,4753780.546786
2024-10-23 01:50:00,9ZiBsj8MivwYw4GkNrZ3F3p3tfCwJrJqKdFgBwBCpump,0.0002896685914659714,0.00035022411788536103,0.00028792648328405897,0.0003138888524630897,1m,24293289.187712993
2024-10-23 01:51:00,9ZiBsj8MivwYw4GkNrZ3F3p3tfCwJrJqKdFgBwBCpump,0.0002965949088333697,0.00045537480122704774,0.0002896685914659714,0.0002896685914659714,1m,51652899.870867
2024-10-23 01:52:00,9ZiBsj8MivwYw4GkNrZ3F3p3tfCwJrJqKdFgBwBCpump,0.0003089562848685488,0.0003089562848685488,0.0002920882845572422,0.0002965949088333697,1m,6453669.8801460005
2024-10-23 01:53:00,9ZiBsj8MivwYw4GkNrZ3F3p3tfCwJrJqKdFgBwBCpump,0.0002628432128266713,0.0003209233957229777,0.00026145656274922377,0.0003089562848685488,1m,20306257.841256
2024-10-23 01:54:00,9ZiBsj8MivwYw4GkNrZ3F3p3tfCwJrJqKdFgBwBCpump,0.0002859549882317795,0.0002873936325498739,0.0002628432128266713,0.0002628432128266713,1m,14002464.770771002
2024-10-23 01:55:00,9ZiBsj8MivwYw4GkNrZ3F3p3tfCwJrJqKdFgBwBCpump,0.00031027958250301235,0.00031177612608004337,0.0002859549882317795,0.0002859549882317795,1m,6164356.27509
2024-10-23 01:56:00,9ZiBsj8MivwYw4GkNrZ3F3p3tfCwJrJqKdFgBwBCpump,0.00028870000082288584,0.00031243739877892486,0.0002518181651041938,0.00031027958250301235,1m,37111868.696138
2024-10-23 01:57:00,9ZiBsj8MivwYw4GkNrZ3F3p3tfCwJrJqKdFgBwBCpump,0.00028462742286556887,0.00029068565734130904,0.000283502914209953,0.00028870000082288584,1m,4790237.4425180005
2024-10-23 01:58:00,9ZiBsj8MivwYw4GkNrZ3F3p3tfCwJrJqKdFgBwBCpump,0.0002698506015955164,0.0002874711299455437,0.0002682523811009935,0.00028462742286556887,1m,5909904.956596
2024-10-23 01:59:00,9ZiBsj8MivwYw4GkNrZ3F3p3tfCwJrJqKdFgBwBCpump,0.00023530335118205096,0.0002763589567867207,0.00022843334304468914,0.0002698506015955164,1m,37899642.85617899
2024-10-23 02:00:00,9ZiBsj8MivwYw4GkNrZ3F3p3tfCwJrJqKdFgBwBCpump,0.00022111515138031434,0.0002378568622481884,0.00017859655830931718,0.00023530335118205096,1m,79465438.77065897
2024-10-23 02:01:00,9ZiBsj8MivwYw4GkNrZ3F3p3tfCwJrJqKdFgBwBCpump,0.0002382778225884911,0.0002382778225884911,0.0002200815863675914,0.00022111515138031434,1m,26255508.747971997
2024-10-23 02:02:00,9ZiBsj8MivwYw4GkNrZ3F3p3tfCwJrJqKdFgBwBCpump,0.00022503744548394965,0.00024230107894221994,0.00022331025820605365,0.0002382778225884911,1m,10788327.867209
2024-10-23 02:03:00,9ZiBsj8MivwYw4GkNrZ3F3p3tfCwJrJqKdFgBwBCpump,0.00018235545007112329,0.00022503744548394965,0.0001595188987578957,0.00022503744548394965,1m,111671082.964808
2024-10-23 02:04:00,9ZiBsj8MivwYw4GkNrZ3F3p3tfCwJrJqKdFgBwBCpump,0.00018829828690738405,0.0002081431284289697,0.00017535726525106816,0.00018235545007112329,1m,75861238.303709
2024-10-23 02:05:00,9ZiBsj8MivwYw4GkNrZ3F3p3tfCwJrJqKdFgBwBCpump,0.00018873659535088524,0.00019043358855429422,0.00016766179990654857,0.00018829828690738405,1m,31092530.76059
2024-10-23 02:06:00,9ZiBsj8MivwYw4GkNrZ3F3p3tfCwJrJqKdFgBwBCpump,0.00020533577769668487,0.0002491404343124898,0.00017988000130407644,0.00018873659535088524,1m,63118364.574897
2024-10-23 02:07:00,9ZiBsj8MivwYw4GkNrZ3F3p3tfCwJrJqKdFgBwBCpump,0.00018951880809623255,0.00021158387007558216,0.0001865421107127063,0.00020533577769668487,1m,16097086.535284
2024-10-23 02:08:00,9ZiBsj8MivwYw4GkNrZ3F3p3tfCwJrJqKdFgBwBCpump,0.00018538618056241629,0.0001915117061934958,0.00017687986758914472,0.00018951880809623255,1m,36389027.53496701
2024-10-23 02:09:00,9ZiBsj8MivwYw4GkNrZ3F3p3tfCwJrJqKdFgBwBCpump,0.0001884433504540346,0.0001884433504540346,0.00018358085887995688,0.00018538618056241629,1m,4988947.60015
2024-10-23 02:10:00,9ZiBsj8MivwYw4GkNrZ3F3p3tfCwJrJqKdFgBwBCpump,0.00017469475799170475,0.00018897409879215472,0.00016686969271690038,0.0001884433504540346,1m,27510941.349172004
2024-10-23 02:11:00,9ZiBsj8MivwYw4GkNrZ3F3p3tfCwJrJqKdFgBwBCpump,0.00017483156012792329,0.00017838122877243212,0.00016940117090790053,0.00017469475799170475,1m,12732078.248227002
2024-10-23 02:12:00,9ZiBsj8MivwYw4GkNrZ3F3p3tfCwJrJqKdFgBwBCpump,0.00019472322797402898,0.00020650579888093165,0.00017483156012792329,0.00017483156012792329,1m,51435135.66865199
2024-10-23 02:13:00,9ZiBsj8MivwYw4GkNrZ3F3p3tfCwJrJqKdFgBwBCpump,0.00021287708278783983,0.00023518069935764952,0.00019472322797402898,0.00019472322797402898,1m,65005738.55619199
2024-10-23 02:14:00,9ZiBsj8MivwYw4GkNrZ3F3p3tfCwJrJqKdFgBwBCpump,0.0002262573647204286,0.0002390115742380235,0.0002102940146578167,0.00021287708278783983,1m,20955493.638681997
2024-10-23 02:15:00,9ZiBsj8MivwYw4GkNrZ3F3p3tfCwJrJqKdFgBwBCpump,0.00024169829570235235,0.00025053275619532417,0.0002262573647204286,0.0002262573647204286,1m,17092334.245523002
2024-10-23 02:16:00,9ZiBsj8MivwYw4GkNrZ3F3p3tfCwJrJqKdFgBwBCpump,0.00021309758458569025,0.00024479827200992577,0.00021174958822720626,0.00024169829570235235,1m,18790856.869833
2024-10-23 02:17:00,9ZiBsj8MivwYw4GkNrZ3F3p3tfCwJrJqKdFgBwBCpump,0.00021337712366237808,0.0002468273151909464,0.00020744564355242083,0.00021309758458569025,1m,32250897.817819998
2024-10-23 02:18:00,9ZiBsj8MivwYw4GkNrZ3F3p3tfCwJrJqKdFgBwBCpump,0.00020766605113269992,0.00021337712366237808,0.00019981691799203567,0.00021337712366237808,1m,11997123.589736003
2024-10-23 02:19:00,9ZiBsj8MivwYw4GkNrZ3F3p3tfCwJrJqKdFgBwBCpump,0.00020406239597154852,0.00021033447821897279,0.0002010591906331814,0.00020766605113269992,1m,6506914.056294
2024-10-23 02:20:00,9ZiBsj8MivwYw4GkNrZ3F3p3tfCwJrJqKdFgBwBCpump,0.00018454998529192956,0.00020461508360171022,0.0001665471986972442,0.00020406239597154852,1m,23296101.159648996
2024-10-23 02:21:00,9ZiBsj8MivwYw4GkNrZ3F3p3tfCwJrJqKdFgBwBCpump,0.00018525287735537513,0.00019239122571013177,0.00017268675661500835,0.00018454998529192956,1m,21009228.161398
2024-10-23 02:22:00,9ZiBsj8MivwYw4GkNrZ3F3p3tfCwJrJqKdFgBwBCpump,0.00019297403205252383,0.00019297403205252383,0.00018379373267366777,0.00018525287735537513,1m,7957740.413837001
2024-10-23 02:23:00,9ZiBsj8MivwYw4GkNrZ3F3p3tfCwJrJqKdFgBwBCpump,0.0002159729409804004,0.0002159729409804004,0.00019297403205252383,0.00019297403205252383,1m,21303789.496441
2024-10-23 02:24:00,9ZiBsj8MivwYw4GkNrZ3F3p3tfCwJrJqKdFgBwBCpump,0.0002269305657097857,0.00023174853517335663,0.0002159729409804004,0.0002159729409804004,1m,10918601.946499
2024-10-23 02:25:00,9ZiBsj8MivwYw4GkNrZ3F3p3tfCwJrJqKdFgBwBCpump,0.00022190614715422702,0.0002343981833567166,0.00021487684313734623,0.0002269305657097857,1m,27731737.095818006
2024-10-23 02:26:00,9ZiBsj8MivwYw4GkNrZ3F3p3tfCwJrJqKdFgBwBCpump,0.00024819100750078714,0.00024819100750078714,0.00022190614715422702,0.00022190614715422702,1m,19968018.842830002
2024-10-23 02:27:00,9ZiBsj8MivwYw4GkNrZ3F3p3tfCwJrJqKdFgBwBCpump,0.0002588931522558811,0.00026177843408005635,0.00024819100750078714,0.00024819100750078714,1m,10071317.421605997
2024-10-23 02:28:00,9ZiBsj8MivwYw4GkNrZ3F3p3tfCwJrJqKdFgBwBCpump,0.00028754610294636233,0.00028754610294636233,0.00025360518406624473,0.0002588931522558811,1m,16316567.464072999
2024-10-23 02:29:00,9ZiBsj8MivwYw4GkNrZ3F3p3tfCwJrJqKdFgBwBCpump,0.00029243786552832375,0.00029243786552832375,0.0002706951220062689,0.00028754610294636233,1m,14946500.327218002
2024-10-23 02:30:00,9ZiBsj8MivwYw4GkNrZ3F3p3tfCwJrJqKdFgBwBCpump,0.0002823295979761701,0.0002941798153500598,0.00027127622961180075,0.00029243786552832375,1m,15061461.601079
2024-10-23 02:31:00,9ZiBsj8MivwYw4GkNrZ3F3p3tfCwJrJqKdFgBwBCpump,0.0002520473415534441,0.00028262846036417505,0.00025092371633314635,0.0002823295979761701,1m,12361621.697177002
2024-10-23 02:32:00,9ZiBsj8MivwYw4GkNrZ3F3p3tfCwJrJqKdFgBwBCpump,0.00023489509972232355,0.00025411302826845896,0.00022698459031258577,0.0002520473415534441,1m,16636581.622253006
2024-10-23 02:33:00,9ZiBsj8MivwYw4GkNrZ3F3p3tfCwJrJqKdFgBwBCpump,0.00023038444037250968,0.00023489509972232355,0.00020930245622885715,0.00023489509972232355,1m,24078040.081627004
2024-10-23 02:34:00,9ZiBsj8MivwYw4GkNrZ3F3p3tfCwJrJqKdFgBwBCpump,0.0002570854825842589,0.0002687467878036523,0.00022956535852010818,0.00023038444037250968,1m,16620282.783395002
2024-10-23 02:35:00,9ZiBsj8MivwYw4GkNrZ3F3p3tfCwJrJqKdFgBwBCpump,0.00023293972499398386,0.0002570854825842589,0.00023293972499398386,0.0002570854825842589,1m,9429408.719555
2024-10-23 02:36:00,9ZiBsj8MivwYw4GkNrZ3F3p3tfCwJrJqKdFgBwBCpump,0.00023468557381455324,0.00024510917361835464,0.0002321204227556796,0.00023293972499398386,1m,7264427.346445
2024-10-23 02:37:00,9ZiBsj8MivwYw4GkNrZ3F3p3tfCwJrJqKdFgBwBCpump,0.0002246952757635173,0.0002360838887103403,0.0002246952757635173,0.00023468557381455324,1m,5176649.265334
2024-10-23 02:38:00,9ZiBsj8MivwYw4GkNrZ3F3p3tfCwJrJqKdFgBwBCpump,0.00021930720952350463,0.0002246952757635173,0.00021575533726541805,0.0002246952757635173,1m,6583016.610036999
2024-10-23 02:39:00,9ZiBsj8MivwYw4GkNrZ3F3p3tfCwJrJqKdFgBwBCpump,0.00019914348957218397,0.00021930720952350463,0.0001783060011589164,0.00021930720952350463,1m,32696294.385768
2024-10-23 02:40:00,9ZiBsj8MivwYw4GkNrZ3F3p3tfCwJrJqKdFgBwBCpump,0.00021948665109858048,0.0002203135490584542,0.00019543073124607196,0.00019914348957218397,1m,17473181.112349
2024-10-23 02:41:00,9ZiBsj8MivwYw4GkNrZ3F3p3tfCwJrJqKdFgBwBCpump,0.00022647229128288274,0.00022691548889281857,0.0002167052738476364,0.00021948665109858048,1m,8556985.612163
2024-10-23 02:42:00,9ZiBsj8MivwYw4GkNrZ3F3p3tfCwJrJqKdFgBwBCpump,0.0002445703289517704,0.0002462985597709034,0.00022647229128288274,0.00022647229128288274,1m,7839774.430597998
2024-10-23 02:43:00,9ZiBsj8MivwYw4GkNrZ3F3p3tfCwJrJqKdFgBwBCpump,0.00028700560196064497,0.00028700560196064497,0.0002445703289517704,0.0002445703289517704,1m,13311515.409900997
2024-10-23 02:44:00,9ZiBsj8MivwYw4GkNrZ3F3p3tfCwJrJqKdFgBwBCpump,0.0002539915241913867,0.0002872858792446859,0.00025169493047578757,0.00028700560196064497,1m,14663890.174838
2024-10-23 02:45:00,9ZiBsj8MivwYw4GkNrZ3F3p3tfCwJrJqKdFgBwBCpump,0.0003909439030034086,0.00040085325339963743,0.00025025664986095354,0.0002539915241913867,1m,41335940.297259994
2024-10-23 02:46:00,9ZiBsj8MivwYw4GkNrZ3F3p3tfCwJrJqKdFgBwBCpump,0.0004026801784743588,0.0004026801784743588,0.00035123105506282553,0.0003909439030034086,1m,40284523.986854
2024-10-23 02:47:00,9ZiBsj8MivwYw4GkNrZ3F3p3tfCwJrJqKdFgBwBCpump,0.00039149936194894674,0.0004738224546422269,0.0003897607293453989,0.0004026801784743588,1m,29761138.169075
2024-10-23 02:48:00,9ZiBsj8MivwYw4GkNrZ3F3p3tfCwJrJqKdFgBwBCpump,0.0004570811605753455,0.0004570811605753455,0.00039057735322890785,0.00039149936194894674,1m,27255115.378613003
2024-10-23 02:49:00,9ZiBsj8MivwYw4GkNrZ3F3p3tfCwJrJqKdFgBwBCpump,0.00041277882824545495,0.0005107713825717167,0.00041277882824545495,0.0004570811605753455,1m,37598185.10736601
2024-10-23 02:50:00,9ZiBsj8MivwYw4GkNrZ3F3p3tfCwJrJqKdFgBwBCpump,0.00045546932694105015,0.00045801584203667583,0.0003667408848108344,0.00041277882824545495,1m,32786574.516270984
2024-10-23 02:51:00,9ZiBsj8MivwYw4GkNrZ3F3p3tfCwJrJqKdFgBwBCpump,0.00041426106567533835,0.00046600929893840455,0.00041426106567533835,0.00045546932694105015,1m,17180985.990190998
2024-10-23 02:52:00,9ZiBsj8MivwYw4GkNrZ3F3p3tfCwJrJqKdFgBwBCpump,0.0003548394172379291,0.00041426106567533835,0.0003408819529811869,0.00041426106567533835,1m,36597178.73478498
2024-10-23 02:53:00,9ZiBsj8MivwYw4GkNrZ3F3p3tfCwJrJqKdFgBwBCpump,0.000409525639311751,0.0004112592777603777,0.0003519802975768706,0.0003548394172379291,1m,22821631.921995
2024-10-23 02:54:00,9ZiBsj8MivwYw4GkNrZ3F3p3tfCwJrJqKdFgBwBCpump,0.0003823106585735605,0.000429086589314303,0.00037539884418585266,0.000409525639311751,1m,21318840.05926799
2024-10-23 02:55:00,9ZiBsj8MivwYw4GkNrZ3F3p3tfCwJrJqKdFgBwBCpump,0.0003677678392524025,0.0003823106585735605,0.0003677678392524025,0.0003823106585735605,1m,4364468.724570001
2024-10-23 02:56:00,9ZiBsj8MivwYw4GkNrZ3F3p3tfCwJrJqKdFgBwBCpump,0.0003443824710202981,0.0003677678392524025,0.0003443824710202981,0.0003677678392524025,1m,7286287.368021002
2024-10-23 02:57:00,9ZiBsj8MivwYw4GkNrZ3F3p3tfCwJrJqKdFgBwBCpump,0.00033857275206779653,0.0003834857767472091,0.0003363367346173775,0.0003443824710202981,1m,21972499.191156
2024-10-23 02:58:00,9ZiBsj8MivwYw4GkNrZ3F3p3tfCwJrJqKdFgBwBCpump,0.00032094812805406783,0.000369179502238779,0.0003075972811464506,0.00033857275206779653,1m,38780683.98161899
2024-10-23 02:59:00,9ZiBsj8MivwYw4GkNrZ3F3p3tfCwJrJqKdFgBwBCpump,0.0003483058713733318,0.0003514158080090265,0.00027530224020645586,0.00032094812805406783,1m,33709838.605642006
2024-10-23 03:00:00,9ZiBsj8MivwYw4GkNrZ3F3p3tfCwJrJqKdFgBwBCpump,0.0003508760307578866,0.0003605190312058288,0.00032804475106396747,0.0003483058713733318,1m,10966226.752393
2024-10-23 03:01:00,9ZiBsj8MivwYw4GkNrZ3F3p3tfCwJrJqKdFgBwBCpump,0.00034547135296088835,0.0003508760307578866,0.00029422470632141324,0.0003508760307578866,1m,21977124.641728997
2024-10-23 03:02:00,9ZiBsj8MivwYw4GkNrZ3F3p3tfCwJrJqKdFgBwBCpump,0.0003202479108184218,0.0003599845927183032,0.00031534155508662105,0.00034547135296088835,1m,14825554.135875
2024-10-23 03:03:00,9ZiBsj8MivwYw4GkNrZ3F3p3tfCwJrJqKdFgBwBCpump,0.0003058507675939986,0.0003215870068811197,0.0002865502077831663,0.0003202479108184218,1m,24154143.56435
2024-10-23 03:04:00,9ZiBsj8MivwYw4GkNrZ3F3p3tfCwJrJqKdFgBwBCpump,0.00029938818145369337,0.000310949601553919,0.000280581590602574,0.0003058507675939986,1m,15233746.268290002
2024-10-23 03:05:00,9ZiBsj8MivwYw4GkNrZ3F3p3tfCwJrJqKdFgBwBCpump,0.00031590912228967525,0.00031607699706376395,0.0002949829464082039,0.00029938818145369337,1m,9706616.320880001
2024-10-23 03:06:00,9ZiBsj8MivwYw4GkNrZ3F3p3tfCwJrJqKdFgBwBCpump,0.0003590397067396239,0.0003590397067396239,0.00031590912228967525,0.00031590912228967525,1m,11941473.103017002
2024-10-23 03:07:00,9ZiBsj8MivwYw4GkNrZ3F3p3tfCwJrJqKdFgBwBCpump,0.00038141735001611185,0.00038584893303377887,0.0003586455074644752,0.0003590397067396239,1m,10302599.740199998
2024-10-23 03:08:00,9ZiBsj8MivwYw4GkNrZ3F3p3tfCwJrJqKdFgBwBCpump,0.0003574202872222383,0.0003863824510448546,0.00034923585098317833,0.00038141735001611185,1m,13366722.066313
2024-10-23 03:09:00,9ZiBsj8MivwYw4GkNrZ3F3p3tfCwJrJqKdFgBwBCpump,0.0003513219217517927,0.00035839854456995457,0.00034132561445957926,0.0003574202872222383,1m,5785420.723336
2024-10-23 03:10:00,9ZiBsj8MivwYw4GkNrZ3F3p3tfCwJrJqKdFgBwBCpump,0.0003440403243376751,0.0003533157214987966,0.00034224801092057653,0.0003513219217517927,1m,3926467.0844839998
2024-10-23 03:11:00,9ZiBsj8MivwYw4GkNrZ3F3p3tfCwJrJqKdFgBwBCpump,0.00034398085955749877,0.00035063963500659226,0.00034163062446672594,0.0003440403243376751,1m,5384762.562526
2024-10-23 03:12:00,9ZiBsj8MivwYw4GkNrZ3F3p3tfCwJrJqKdFgBwBCpump,0.00033793504377344064,0.00034434209729105285,0.00033611136435519125,0.00034398085955749877,1m,4162058.796039
2024-10-23 03:13:00,9ZiBsj8MivwYw4GkNrZ3F3p3tfCwJrJqKdFgBwBCpump,0.0003285589885251243,0.0003388893942042207,0.0003285589885251243,0.00033793504377344064,1m,2856814.7570189997
2024-10-23 03:14:00,9ZiBsj8MivwYw4GkNrZ3F3p3tfCwJrJqKdFgBwBCpump,0.00029839368186041745,0.000328949599462778,0.0002715608516542974,0.0003285589885251243,1m,21162962.491062
2024-10-23 03:15:00,9ZiBsj8MivwYw4GkNrZ3F3p3tfCwJrJqKdFgBwBCpump,0.0002974469406671244,0.0003067140629192784,0.00029509610300661545,0.00029839368186041745,1m,6656826.884203002
2024-10-23 03:16:00,9ZiBsj8MivwYw4GkNrZ3F3p3tfCwJrJqKdFgBwBCpump,0.0002467502849853852,0.0002981224811465223,0.0002404362796170173,0.0002974469406671244,1m,48730022.92726901
2024-10-23 03:17:00,9ZiBsj8MivwYw4GkNrZ3F3p3tfCwJrJqKdFgBwBCpump,0.00028473849646362876,0.0002874272786674884,0.00022152595805886367,0.0002467502849853852,1m,42955007.61476899
2024-10-23 03:18:00,9ZiBsj8MivwYw4GkNrZ3F3p3tfCwJrJqKdFgBwBCpump,0.0002702195600919768,0.0002863113518762307,0.0002621431861539551,0.00028473849646362876,1m,17281049.074333
2024-10-23 03:19:00,9ZiBsj8MivwYw4GkNrZ3F3p3tfCwJrJqKdFgBwBCpump,0.00025466113175141305,0.0002702432709735778,0.00025466113175141305,0.0002702195600919768,1m,13943771.561828
2024-10-23 03:20:00,9ZiBsj8MivwYw4GkNrZ3F3p3tfCwJrJqKdFgBwBCpump,0.00024892537534568356,0.0002589960890673447,0.00024054352121883252,0.00025466113175141305,1m,18621715.734060004
2024-10-23 03:21:00,9ZiBsj8MivwYw4GkNrZ3F3p3tfCwJrJqKdFgBwBCpump,0.0002625519567089562,0.00026640759939597364,0.0002441087777711874,0.00024892537534568356,1m,16227863.402434003
2024-10-23 03:22:00,9ZiBsj8MivwYw4GkNrZ3F3p3tfCwJrJqKdFgBwBCpump,0.00026516891250776513,0.000267401129969613,0.00024789004553059943,0.0002625519567089562,1m,13808045.455438
2024-10-23 03:23:00,9ZiBsj8MivwYw4GkNrZ3F3p3tfCwJrJqKdFgBwBCpump,0.00027921595228186895,0.00028072489013628574,0.00024915899204291746,0.00026516891250776513,1m,12135898.557716
2024-10-23 03:24:00,9ZiBsj8MivwYw4GkNrZ3F3p3tfCwJrJqKdFgBwBCpump,0.00029813153721658527,0.00030124430137073896,0.00027921595228186895,0.00027921595228186895,1m,17740431.755387995
2024-10-23 03:25:00,9ZiBsj8MivwYw4GkNrZ3F3p3tfCwJrJqKdFgBwBCpump,0.0003340216350164841,0.0003340216350164841,0.0002914646381149676,0.00029813153721658527,1m,13168949.239492
2024-10-23 03:26:00,9ZiBsj8MivwYw4GkNrZ3F3p3tfCwJrJqKdFgBwBCpump,0.00035358017822527155,0.00038662939467090657,0.0003318708375516332,0.0003340216350164841,1m,31779215.600069992
2024-10-23 03:27:00,9ZiBsj8MivwYw4GkNrZ3F3p3tfCwJrJqKdFgBwBCpump,0.0004194517969838158,0.0004194517969838158,0.00035358017822527155,0.00035358017822527155,1m,14115402.574878003
2024-10-23 03:28:00,9ZiBsj8MivwYw4GkNrZ3F3p3tfCwJrJqKdFgBwBCpump,0.0004107522238802603,0.00042276381322294796,0.0004025338345493956,0.0004194517969838158,1m,8515740.058493
2024-10-23 03:29:00,9ZiBsj8MivwYw4GkNrZ3F3p3tfCwJrJqKdFgBwBCpump,0.00039490888143525456,0.0004128637022360115,0.00038246453874455315,0.0004107522238802603,1m,6858336.799656
2024-10-23 03:30:00,9ZiBsj8MivwYw4GkNrZ3F3p3tfCwJrJqKdFgBwBCpump,0.0003583087336296401,0.00042237210411006737,0.00035731425878194874,0.00039490888143525456,1m,14729983.166093
2024-10-23 03:31:00,9ZiBsj8MivwYw4GkNrZ3F3p3tfCwJrJqKdFgBwBCpump,0.00037071207661804143,0.00037071207661804143,0.0003455761726151137,0.0003583087336296401,1m,8625338.353223998
2024-10-23 03:32:00,9ZiBsj8MivwYw4GkNrZ3F3p3tfCwJrJqKdFgBwBCpump,0.0004525014605724302,0.0004638822673292334,0.00037071207661804143,0.00037071207661804143,1m,31045138.399876997
2024-10-23 03:33:00,9ZiBsj8MivwYw4GkNrZ3F3p3tfCwJrJqKdFgBwBCpump,0.00043596175845201713,0.0004691192428360182,0.00043596175845201713,0.0004525014605724302,1m,13100620.072041
2024-10-23 03:34:00,9ZiBsj8MivwYw4GkNrZ3F3p3tfCwJrJqKdFgBwBCpump,0.0004092933736402772,0.00043596175845201713,0.0004092933736402772,0.00043596175845201713,1m,9346332.172231
2024-10-23 03:35:00,9ZiBsj8MivwYw4GkNrZ3F3p3tfCwJrJqKdFgBwBCpump,0.00040858531418891945,0.00041489803394798914,0.0004011543734153831,0.0004092933736402772,1m,3533341.163438
2024-10-23 03:36:00,9ZiBsj8MivwYw4GkNrZ3F3p3tfCwJrJqKdFgBwBCpump,0.0004797968441300196,0.00048585213894586506,0.00040775154684871196,0.00040858531418891945,1m,9022388.832222002
2024-10-23 03:37:00,9ZiBsj8MivwYw4GkNrZ3F3p3tfCwJrJqKdFgBwBCpump,0.0004751162016467648,0.000505261951030191,0.0004751162016467648,0.0004797968441300196,1m,8081786.848468001
2024-10-23 03:38:00,9ZiBsj8MivwYw4GkNrZ3F3p3tfCwJrJqKdFgBwBCpump,0.00044360081274238933,0.0005082678056505858,0.00040265727274781105,0.0004751162016467648,1m,32005801.043844
2024-10-23 03:39:00,9ZiBsj8MivwYw4GkNrZ3F3p3tfCwJrJqKdFgBwBCpump,0.0004562274698528487,0.00046166751994073556,0.0004387197690995451,0.00044360081274238933,1m,7637298.049896001
2024-10-23 03:40:00,9ZiBsj8MivwYw4GkNrZ3F3p3tfCwJrJqKdFgBwBCpump,0.0004582094228116278,0.00046955438362258515,0.0004094424860882896,0.0004562274698528487,1m,15135520.801164001
2024-10-23 03:41:00,9ZiBsj8MivwYw4GkNrZ3F3p3tfCwJrJqKdFgBwBCpump,0.0005965842707002061,0.000627246198740396,0.0004558664931922462,0.0004582094228116278,1m,32113412.707045
2024-10-23 03:42:00,9ZiBsj8MivwYw4GkNrZ3F3p3tfCwJrJqKdFgBwBCpump,0.0005774290401275175,0.0006123317769219919,0.0005510291698352968,0.0005965842707002061,1m,20240268.345586
2024-10-23 03:43:00,9ZiBsj8MivwYw4GkNrZ3F3p3tfCwJrJqKdFgBwBCpump,0.000570295593117814,0.0006414734228351632,0.0005419912507834223,0.0005774290401275175,1m,30675319.44296701
2024-10-23 03:44:00,9ZiBsj8MivwYw4GkNrZ3F3p3tfCwJrJqKdFgBwBCpump,0.0005840031778898911,0.0005840031778898911,0.0005606019458263019,0.000570295593117814,1m,8289422.694694
2024-10-23 03:45:00,9ZiBsj8MivwYw4GkNrZ3F3p3tfCwJrJqKdFgBwBCpump,0.0005695092599901873,0.0006075409873273515,0.0005695092599901873,0.0005840031778898911,1m,4993489.430721
2024-10-23 03:46:00,9ZiBsj8MivwYw4GkNrZ3F3p3tfCwJrJqKdFgBwBCpump,0.0005223328230147008,0.000589837420911899,0.0004653121176036395,0.0005695092599901873,1m,48180446.92731003
2024-10-23 03:47:00,9ZiBsj8MivwYw4GkNrZ3F3p3tfCwJrJqKdFgBwBCpump,0.000469340094998693,0.0005609465197045247,0.000469340094998693,0.0005223328230147008,1m,28017521.926858004
2024-10-23 03:48:00,9ZiBsj8MivwYw4GkNrZ3F3p3tfCwJrJqKdFgBwBCpump,0.0005104623762274796,0.0005143463419556829,0.0004528547669115004,0.000469340094998693,1m,8858361.159198998
2024-10-23 03:49:00,9ZiBsj8MivwYw4GkNrZ3F3p3tfCwJrJqKdFgBwBCpump,0.00041344040295291745,0.0005184673375583054,0.00041344040295291745,0.0005104623762274796,1m,36942639.801970996
2024-10-23 03:50:00,9ZiBsj8MivwYw4GkNrZ3F3p3tfCwJrJqKdFgBwBCpump,0.00044712546561115324,0.0004512083189145267,0.00041108079731935797,0.00041344040295291745,1m,14235133.183262
2024-10-23 03:51:00,9ZiBsj8MivwYw4GkNrZ3F3p3tfCwJrJqKdFgBwBCpump,0.0004430432378779974,0.0004555437584513309,0.00042447515931335125,0.00044712546561115324,1m,10856294.27429
2024-10-23 03:52:00,9ZiBsj8MivwYw4GkNrZ3F3p3tfCwJrJqKdFgBwBCpump,0.00042477341265568564,0.0004430432378779974,0.0004079118497111868,0.0004430432378779974,1m,10574203.66766
2024-10-23 03:53:00,9ZiBsj8MivwYw4GkNrZ3F3p3tfCwJrJqKdFgBwBCpump,0.00040777868121541396,0.0004269442330062061,0.00039612311104664027,0.00042477341265568564,1m,8696785.384512002
2024-10-23 03:54:00,9ZiBsj8MivwYw4GkNrZ3F3p3tfCwJrJqKdFgBwBCpump,0.00041998333279833345,0.00043099304646077426,0.00040653095047407217,0.00040777868121541396,1m,5722152.403913
