Address,Error,address,buy_1h,buy_1h_change_percent,buy_24h,buy_24h_change_percent,buy_2h,buy_2h_change_percent,buy_30m,buy_30m_change_percent,buy_4h,buy_4h_change_percent,buy_8h,buy_8h_change_percent,buy_history_1h,buy_history_24h,buy_history_2h,buy_history_30m,buy_history_4h,buy_history_8h,history_12h_price,history_1h_price,history_24h_price,history_2h_price,history_30m_price,history_4h_price,history_6h_price,history_8h_price,holder,last_trade_human_time,last_trade_unix_time,market,price,price_change_12h_percent,price_change_1h_percent,price_change_24h_percent,price_change_2h_percent,price_change_30m_percent,price_change_4h_percent,price_change_6h_percent,price_change_8h_percent,sell_1h,sell_1h_change_percent,sell_24h,sell_24h_change_percent,sell_2h,sell_2h_change_percent,sell_30m,sell_30m_change_percent,sell_4h,sell_4h_change_percent,sell_8h,sell_8h_change_percent,sell_history_1h,sell_history_24h,sell_history_2h,sell_history_30m,sell_history_4h,sell_history_8h,trade_1h,trade_1h_change_percent,trade_24h,trade_24h_change_percent,trade_2h,trade_2h_change_percent,trade_30m,trade_30m_change_percent,trade_4h,trade_4h_change_percent,trade_8h,trade_8h_change_percent,trade_history_1h,trade_history_24h,trade_history_2h,trade_history_30m,trade_history_4h,trade_history_8h,unique_wallet_1h,unique_wallet_1h_change_percent,unique_wallet_24h,unique_wallet_24h_change_percent,unique_wallet_2h,unique_wallet_2h_change_percent,unique_wallet_30m,unique_wallet_30m_change_percent,unique_wallet_4h,unique_wallet_4h_change_percent,unique_wallet_8h,unique_wallet_8h_change_percent,unique_wallet_history_1h,unique_wallet_history_24h,unique_wallet_history_2h,unique_wallet_history_30m,unique_wallet_history_4h,unique_wallet_history_8h,volume_1h,volume_1h_change_percent,volume_1h_usd,volume_24h,volume_24h_change_percent,volume_24h_usd,volume_2h,volume_2h_change_percent,volume_2h_usd,volume_30m,volume_30m_change_percent,volume_30m_usd,volume_4h,volume_4h_change_percent,volume_4h_usd,volume_8h,volume_8h_change_percent,volume_8h_usd,volume_buy_1h,volume_buy_1h_change_percent,volume_buy_1h_usd,volume_buy_24h,volume_buy_24h_change_percent,volume_buy_24h_usd,volume_buy_2h,volume_buy_2h_change_percent,volume_buy_2h_usd,volume_buy_30m,volume_buy_30m_change_percent,volume_buy_30m_usd,volume_buy_4h,volume_buy_4h_change_percent,volume_buy_4h_usd,volume_buy_8h,volume_buy_8h_change_percent,volume_buy_8h_usd,volume_buy_history_1h,volume_buy_history_1h_usd,volume_buy_history_24h,volume_buy_history_24h_usd,volume_buy_history_2h,volume_buy_history_2h_usd,volume_buy_history_30m,volume_buy_history_30m_usd,volume_buy_history_4h,volume_buy_history_4h_usd,volume_buy_history_8h,volume_buy_history_8h_usd,volume_history_1h,volume_history_1h_usd,volume_history_24h,volume_history_24h_usd,volume_history_2h,volume_history_2h_usd,volume_history_30m,volume_history_30m_usd,volume_history_4h,volume_history_4h_usd,volume_history_8h,volume_history_8h_usd,volume_sell_1h,volume_sell_1h_change_percent,volume_sell_1h_usd,volume_sell_24h,volume_sell_24h_change_percent,volume_sell_24h_usd,volume_sell_2h,volume_sell_2h_change_percent,volume_sell_2h_usd,volume_sell_30m,volume_sell_30m_change_percent,volume_sell_30m_usd,volume_sell_4h,volume_sell_4h_change_percent,volume_sell_4h_usd,volume_sell_8h,volume_sell_8h_change_percent,volume_sell_8h_usd,volume_sell_history_1h,volume_sell_history_1h_usd,volume_sell_history_24h,volume_sell_history_24h_usd,volume_sell_history_2h,volume_sell_history_2h_usd,volume_sell_history_30m,volume_sell_history_30m_usd,volume_sell_history_4h,volume_sell_history_4h_usd,volume_sell_history_8h,volume_sell_history_8h_usd,liquidityAddedAt,Price,Liquidity,Total Supply,Market Cap,Circulating Supply,Circulating Market Cap
6ryKm6ex6jZF3WeTU7fEfZhL7fwtgaCbARHnwKUriPyR,,6ryKm6ex6jZF3WeTU7fEfZhL7fwtgaCbARHnwKUriPyR,0,,0,,0,,0,,0,,0,,0,0,0,0,0,0,1.0544485324307144e-05,1.0544485324307144e-05,1.0544485324307144e-05,1.0544485324307144e-05,1.0544485324307144e-05,1.0544485324307144e-05,1.0544485324307144e-05,1.0544485324307144e-05,0,2024-10-30T17:52:10,1730310730,1,0.00020573221888266398,1851.0882945458713,1851.0882945458713,1851.0882945458713,1851.0882945458713,1851.0882945458713,1851.0882945458713,1851.0882945458713,1851.0882945458713,0,,0,,0,,0,,0,,0,,0,0,0,0,0,0,0,,0,,0,,0,,0,,0,,0,0,0,0,0,0,0,,0,,0,,0,,0,,0,,0,0,0,0,0,0,0,,0,0,,0,0,,0,0,,0,0,,0,0,,0,0,,0,0,,0,0,,0,0,,0,0,,0,0,,0,0,0,0,0,0,0,0,0,0,0,0,0,0,0,0,0,0,0,0,0,0,0,0,0,0,,0,0,,0,0,,0,0,,0,0,,0,0,,0,0,0,0,0,0,0,0,0,0,0,0,0,2024-10-30 17:43:56,0.00020573221888266398,48730.996187799356,1000000000.0,205732.21888266396,1000000000.0,205732.21888266396
DKu4hCErZaaFEJ5pTd5FQVU9MmMRYpHiKsBRetoTnHAr,,DKu4hCErZaaFEJ5pTd5FQVU9MmMRYpHiKsBRetoTnHAr,0,,0,,0,,0,,0,,0,,0,0,0,0,0,0,0.0011526529993595817,0.0011526529993595817,0.0011526529993595817,0.0011526529993595817,0.0011526529993595817,0.0011526529993595817,0.0011526529993595817,0.0011526529993595817,0,2024-10-30T17:52:09,1730310729,1,0.0008940519409445541,-22.435291328674573,-22.435291328674573,-22.435291328674573,-22.435291328674573,-22.435291328674573,-22.435291328674573,-22.435291328674573,-22.435291328674573,0,,0,,0,,0,,0,,0,,0,0,0,0,0,0,0,,0,,0,,0,,0,,0,,0,0,0,0,0,0,0,,0,,0,,0,,0,,0,,0,0,0,0,0,0,0,,0,0,,0,0,,0,0,,0,0,,0,0,,0,0,,0,0,,0,0,,0,0,,0,0,,0,0,,0,0,0,0,0,0,0,0,0,0,0,0,0,0,0,0,0,0,0,0,0,0,0,0,0,0,,0,0,,0,0,,0,0,,0,0,,0,0,,0,0,0,0,0,0,0,0,0,0,0,0,0,2024-10-30 17:38:32,0.0008940519409445541,49230.35453671061,1000000000.0,894051.9409445542,1000000000.0,894051.9409445542
BbQbAoML7FJTyk45N9hXdp883NzB8WvHFCesEeAppump,,BbQbAoML7FJTyk45N9hXdp883NzB8WvHFCesEeAppump,0,,0,,0,,0,,0,,0,,0,0,0,0,0,0,9.247534107790896e-05,9.247534107790896e-05,9.247534107790896e-05,9.247534107790896e-05,0.0002447062119933384,9.247534107790896e-05,9.247534107790896e-05,9.247534107790896e-05,0,2024-10-30T17:52:10,1730310730,3,0.0005145444089488919,456.4125559865702,456.4125559865702,456.4125559865702,456.4125559865702,110.27026848133276,456.4125559865702,456.4125559865702,456.4125559865702,0,,0,,0,,0,,0,,0,,0,0,0,0,0,0,0,,0,,0,,0,,0,,0,,0,0,0,0,0,0,0,,0,,0,,0,,0,,0,,0,0,0,0,0,0,0,,0,0,,0,0,,0,0,,0,0,,0,0,,0,0,,0,0,,0,0,,0,0,,0,0,,0,0,,0,0,0,0,0,0,0,0,0,0,0,0,0,0,0,0,0,0,0,0,0,0,0,0,0,0,,0,0,,0,0,,0,0,,0,0,,0,0,,0,0,0,0,0,0,0,0,0,0,0,0,0,2024-10-30 17:18:26,0.0005145444089488919,90474.57598899225,999999999.999999,514544.40894889145,999999999.999999,514544.40894889145
5doBTYCFPSeSf3YXMeR8P3EN92KzWqiXegCqnznA6S5w,,5doBTYCFPSeSf3YXMeR8P3EN92KzWqiXegCqnznA6S5w,0,,0,,0,,0,,0,,0,,0,0,0,0,0,0,0.00395692615046119,0.0058520222244604625,0.00395692615046119,0.00395692615046119,0.005170253556993556,0.00395692615046119,0.00395692615046119,0.00395692615046119,0,2024-10-30T17:52:09,1730310729,1,0.0032954266100545175,-16.717510391988817,-43.6873873055336,-16.717510391988817,-16.717510391988817,-36.26179888997996,-16.717510391988817,-16.717510391988817,-16.717510391988817,0,,0,,0,,0,,0,,0,,0,0,0,0,0,0,0,,0,,0,,0,,0,,0,,0,0,0,0,0,0,0,,0,,0,,0,,0,,0,,0,0,0,0,0,0,0,,0,0,,0,0,,0,0,,0,0,,0,0,,0,0,,0,0,,0,0,,0,0,,0,0,,0,0,,0,0,0,0,0,0,0,0,0,0,0,0,0,0,0,0,0,0,0,0,0,0,0,0,0,0,,0,0,,0,0,,0,0,,0,0,,0,0,,0,0,0,0,0,0,0,0,0,0,0,0,0,2024-10-30 16:08:11,0.0032954266100545175,321822.2073833834,1000000000.0,3295426.6100545176,1000000000.0,3295426.6100545176
6bPSZBFcRd62SYqC84vPFRFBD3pN37WAmsrmwvUepump,,6bPSZBFcRd62SYqC84vPFRFBD3pN37WAmsrmwvUepump,0,,0,,0,,0,,0,,0,,0,0,0,0,0,0,0.00013541158224031062,0.00040606017939159926,0.00013541158224031062,0.00012983819800159197,0.0002470175890097305,0.00013541158224031062,0.00013541158224031062,0.00013541158224031062,0,2024-10-30T17:51:42,1730310702,1,0.00031225688121742354,130.5983550677897,-23.10083651017477,130.5983550677897,140.49693081353064,26.410788182829815,130.5983550677897,130.5983550677897,130.5983550677897,0,,0,,0,,0,,0,,0,,0,0,0,0,0,0,0,,0,,0,,0,,0,,0,,0,0,0,0,0,0,0,,0,,0,,0,,0,,0,,0,0,0,0,0,0,0,,0,0,,0,0,,0,0,,0,0,,0,0,,0,0,,0,0,,0,0,,0,0,,0,0,,0,0,,0,0,0,0,0,0,0,0,0,0,0,0,0,0,0,0,0,0,0,0,0,0,0,0,0,0,,0,0,,0,0,,0,0,,0,0,,0,0,,0,0,0,0,0,0,0,0,0,0,0,0,0,2024-10-30 15:33:14,0.00031225688121742354,55531.523549919104,999999995.260282,312256.879737414,999999995.260282,312256.879737414
riCKY1grEa4uGaX6MUhzWZr1xf4V8v4eWVzRRucWi9q,,riCKY1grEa4uGaX6MUhzWZr1xf4V8v4eWVzRRucWi9q,0,,0,,0,,0,,0,,0,,0,0,0,0,0,0,1.0993219625196944e-06,0.0003612505011642946,1.0993219625196944e-06,0.0003797568251522052,0.0005146348857906015,1.0993219625196944e-06,1.0993219625196944e-06,1.0993219625196944e-06,0,2024-10-30T17:50:56,1730310656,1,0.0004751484296382231,43121.95369854724,31.528794591797226,43121.95369854724,25.119128391645173,-7.6727126828407295,43121.95369854724,43121.95369854724,43121.95369854724,0,,0,,0,,0,,0,,0,,0,0,0,0,0,0,0,,0,,0,,0,,0,,0,,0,0,0,0,0,0,0,,0,,0,,0,,0,,0,,0,0,0,0,0,0,0,,0,0,,0,0,,0,0,,0,0,,0,0,,0,0,,0,0,,0,0,,0,0,,0,0,,0,0,,0,0,0,0,0,0,0,0,0,0,0,0,0,0,0,0,0,0,0,0,0,0,0,0,0,0,,0,0,,0,0,,0,0,,0,0,,0,0,,0,0,0,0,0,0,0,0,0,0,0,0,0,2024-10-30 14:57:04,0.0004751484296382231,41095.98066301549,1000000000.0,475148.4296382231,1000000000.0,475148.4296382231
BR75ur2ZK3ivXoiuh4uzho1pBzXakXjz1T4C2q7epump,,BR75ur2ZK3ivXoiuh4uzho1pBzXakXjz1T4C2q7epump,0,,0,,0,,0,,0,,0,,0,0,0,0,0,0,0.0002963817467644433,0.00038249754944958005,0.0002963817467644433,0.00045840423279543016,0.0004488047858889548,0.0002963817467644433,0.0002963817467644433,0.0002963817467644433,0,2024-10-30T17:52:09,1730310729,2,0.00046391840553550146,56.527320120092284,21.286634699513055,56.527320120092284,1.2029061569621418,3.3675263993923057,56.527320120092284,56.527320120092284,56.527320120092284,0,,0,,0,,0,,0,,0,,0,0,0,0,0,0,0,,0,,0,,0,,0,,0,,0,0,0,0,0,0,0,,0,,0,,0,,0,,0,,0,0,0,0,0,0,0,,0,0,,0,0,,0,0,,0,0,,0,0,,0,0,,0,0,,0,0,,0,0,,0,0,,0,0,,0,0,0,0,0,0,0,0,0,0,0,0,0,0,0,0,0,0,0,0,0,0,0,0,0,0,,0,0,,0,0,,0,0,,0,0,,0,0,,0,0,0,0,0,0,0,0,0,0,0,0,0,2024-10-30 14:34:30,0.00046391840553550146,93975.77410729857,999999999.76851,463918.405428109,999999999.76851,463918.405428109
Fy4DC1btDJnDtqs7zaEoxTyeZWsGBNPcmnFANFgmpump,,Fy4DC1btDJnDtqs7zaEoxTyeZWsGBNPcmnFANFgmpump,0,,0,,0,,0,,0,,0,,0,0,0,0,0,0,6.713869239069389e-05,0.0007090072920572061,6.713869239069389e-05,0.0004910189915475266,0.0008445236803998344,6.713869239069389e-05,6.713869239069389e-05,6.713869239069389e-05,0,2024-10-30T17:52:09,1730310729,2,0.0008854450052912594,1218.8296848837513,24.8851761061743,1218.8296848837513,80.3280566604226,4.8454917062895255,1218.8296848837513,1218.8296848837513,1218.8296848837513,0,,0,,0,,0,,0,,0,,0,0,0,0,0,0,0,,0,,0,,0,,0,,0,,0,0,0,0,0,0,0,,0,,0,,0,,0,,0,,0,0,0,0,0,0,0,,0,0,,0,0,,0,0,,0,0,,0,0,,0,0,,0,0,,0,0,,0,0,,0,0,,0,0,,0,0,0,0,0,0,0,0,0,0,0,0,0,0,0,0,0,0,0,0,0,0,0,0,0,0,,0,0,,0,0,,0,0,,0,0,,0,0,,0,0,0,0,0,0,0,0,0,0,0,0,0,2024-10-30 14:29:23,0.0008854450052912594,112953.51620951199,999999999.999902,885445.0052911727,999988888.139589,885435.166349959
12ERcDc2o2BYYGaXx4s3c29UzfJUgEWgn4g9WK1dpump,,12ERcDc2o2BYYGaXx4s3c29UzfJUgEWgn4g9WK1dpump,0,,0,,0,,0,,0,,0,,0,0,0,0,0,0,0.0005965872906639772,0.0009208892761315685,0.0005965872906639772,0.0007797876207616058,0.000964538336384995,0.0005965872906639772,0.0005965872906639772,0.0005965872906639772,0,2024-10-30T17:51:55,1730310715,1,0.0009944016973057496,66.68167640631788,7.982764386505714,66.68167640631788,27.522118950097425,3.0961300131086436,66.68167640631788,66.68167640631788,66.68167640631788,0,,0,,0,,0,,0,,0,,0,0,0,0,0,0,0,,0,,0,,0,,0,,0,,0,0,0,0,0,0,0,,0,,0,,0,,0,,0,,0,0,0,0,0,0,0,,0,0,,0,0,,0,0,,0,0,,0,0,,0,0,,0,0,,0,0,,0,0,,0,0,,0,0,,0,0,0,0,0,0,0,0,0,0,0,0,0,0,0,0,0,0,0,0,0,0,0,0,0,0,,0,0,,0,0,,0,0,,0,0,,0,0,,0,0,0,0,0,0,0,0,0,0,0,0,0,2024-10-30 14:06:04,0.0009944016973057496,323199.3838232225,206900000.0,205741.7111725596,206900000.0,205741.7111725596
BawAXsPbkGz8WEY5wTcz4KmB4UrL3wBjie3D42a2wquJ,,BawAXsPbkGz8WEY5wTcz4KmB4UrL3wBjie3D42a2wquJ,0,,0,,0,,0,,0,,0,,0,0,0,0,0,0,2.938703040629478e-07,8.065930778773792e-07,2.938703040629478e-07,8.171248618850028e-07,8.281354916130556e-07,8.118905071123836e-07,2.938703040629478e-07,2.938703040629478e-07,0,2024-10-30T17:52:09,1730310729,1,8.301539998501736e-07,182.48992442337843,2.9210419254771067,182.48992442337843,1.5945100403767227,0.24374130291002885,2.2495019436484185,182.48992442337843,182.48992442337843,0,,0,,0,,0,,0,,0,,0,0,0,0,0,0,0,,0,,0,,0,,0,,0,,0,0,0,0,0,0,0,,0,,0,,0,,0,,0,,0,0,0,0,0,0,0,,0,0,,0,0,,0,0,,0,0,,0,0,,0,0,,0,0,,0,0,,0,0,,0,0,,0,0,,0,0,0,0,0,0,0,0,0,0,0,0,0,0,0,0,0,0,0,0,0,0,0,0,0,0,,0,0,,0,0,,0,0,,0,0,,0,0,,0,0,0,0,0,0,0,0,0,0,0,0,0,2024-10-30 12:13:21,8.301539998501736e-07,301635.5593739222,300000000000.0,249046.19995505208,300000000000.0,249046.19995505208
EBej81MexToVKSoYdiZ9ufej79yazX5uwhye8gcRZAoE,,EBej81MexToVKSoYdiZ9ufej79yazX5uwhye8gcRZAoE,0,,0,,0,,0,,0,,0,,0,0,0,0,0,0,0.0003465526072417259,0.0012073124330846383,0.0003465526072417259,0.0012433658981291487,0.0008453431393645868,0.0010465542663460302,0.0003465526072417259,0.0003465526072417259,1,2024-10-30T17:45:44,1730310344,1,0.0008352211057143008,141.00846112859307,-30.81980415124675,141.00846112859307,-32.82579914962842,-1.19738756712385,-20.19323483048653,141.00846112859307,141.00846112859307,0,,0,,0,,0,,0,,0,,0,0,0,0,0,0,0,,0,,0,,0,,0,,0,,0,0,0,0,0,0,0,,0,,0,,0,,0,,0,,0,0,0,0,0,0,0,,0,0,,0,0,,0,0,,0,0,,0,0,,0,0,,0,0,,0,0,,0,0,,0,0,,0,0,,0,0,0,0,0,0,0,0,0,0,0,0,0,0,0,0,0,0,0,0,0,0,0,0,0,0,,0,0,,0,0,,0,0,,0,0,,0,0,,0,0,0,0,0,0,0,0,0,0,0,0,0,2024-10-30 12:03:10,0.0008352211057143008,38852.291456012834,999999999.0,835221.1048790797,999999999.0,835221.1048790797
EYwNqD3BrrmHYFC5xfEsELZmKapsQbjv3xHsNdg4pump,,EYwNqD3BrrmHYFC5xfEsELZmKapsQbjv3xHsNdg4pump,0,,0,,0,,0,,0,,0,,0,0,0,0,0,0,6.090645451362225e-05,0.00013866428751378834,6.090645451362225e-05,0.00014769654662309976,0.0001539957641506788,0.00022932140800494276,6.090645451362225e-05,6.090645451362225e-05,0,2024-10-30T17:52:10,1730310730,2,0.00029818661499642394,389.581305261714,115.04211382961398,389.581305261714,101.89139273334067,93.63299805094643,30.029994840253583,389.581305261714,389.581305261714,0,,0,,0,,0,,0,,0,,0,0,0,0,0,0,0,,0,,0,,0,,0,,0,,0,0,0,0,0,0,0,,0,,0,,0,,0,,0,,0,0,0,0,0,0,0,,0,0,,0,0,,0,0,,0,0,,0,0,,0,0,,0,0,,0,0,,0,0,,0,0,,0,0,,0,0,0,0,0,0,0,0,0,0,0,0,0,0,0,0,0,0,0,0,0,0,0,0,0,0,,0,0,,0,0,,0,0,,0,0,,0,0,,0,0,0,0,0,0,0,0,0,0,0,0,0,2024-10-30 11:59:16,0.00029818661499642394,64038.084758966164,999995972.627598,298185.41408788005,999995972.627598,298185.41408788005
8iiovvmDpbsRrmbbTcLo565opHRuAm5cdtAXUFsepump,,8iiovvmDpbsRrmbbTcLo565opHRuAm5cdtAXUFsepump,0,,0,,0,,0,,0,,0,,0,0,0,0,0,0,0.0001046634983471889,0.0001648005864804522,0.0001046634983471889,0.00010339934973675509,0.0001811222752021499,8.72165139619171e-05,0.0001046634983471889,0.0001046634983471889,0,2024-10-30T17:52:09,1730310729,3,0.0002497366355641865,138.60910394544828,51.53868132247755,138.60910394544828,141.52631152903012,37.88289446201819,186.34099692775317,138.60910394544828,138.60910394544828,0,,0,,0,,0,,0,,0,,0,0,0,0,0,0,0,,0,,0,,0,,0,,0,,0,0,0,0,0,0,0,,0,,0,,0,,0,,0,,0,0,0,0,0,0,0,,0,0,,0,0,,0,0,,0,0,,0,0,,0,0,,0,0,,0,0,,0,0,,0,0,,0,0,,0,0,0,0,0,0,0,0,0,0,0,0,0,0,0,0,0,0,0,0,0,0,0,0,0,0,,0,0,,0,0,,0,0,,0,0,,0,0,,0,0,0,0,0,0,0,0,0,0,0,0,0,2024-10-30 11:56:39,0.0002497366355641865,46865.15761048604,999999998.357204,249736.63515392013,999999998.357204,249736.63515392013
BWim3zQQmfFK6CgNi8jGFWhS7DcCNP68xSFG1xMnWsAW,,BWim3zQQmfFK6CgNi8jGFWhS7DcCNP68xSFG1xMnWsAW,0,,0,,0,,0,,0,,0,,0,0,0,0,0,0,0.0031133249656299707,0.002263481903396059,0.0031133249656299707,0.002177068898004548,0.00239953433889776,0.0033326613980164993,0.003955456244240542,0.0031133249656299707,0,2024-10-30T17:52:09,1730310729,1,0.0027321540283253665,-12.2432107638168,20.705803930931648,-12.2432107638168,25.49690231804775,13.861843276658298,-18.01885334191277,-30.926956092521586,-12.2432107638168,0,,0,,0,,0,,0,,0,,0,0,0,0,0,0,0,,0,,0,,0,,0,,0,,0,0,0,0,0,0,0,,0,,0,,0,,0,,0,,0,0,0,0,0,0,0,,0,0,,0,0,,0,0,,0,0,,0,0,,0,0,,0,0,,0,0,,0,0,,0,0,,0,0,,0,0,0,0,0,0,0,0,0,0,0,0,0,0,0,0,0,0,0,0,0,0,0,0,0,0,,0,0,,0,0,,0,0,,0,0,,0,0,,0,0,0,0,0,0,0,0,0,0,0,0,0,2024-10-30 10:29:13,0.0027321540283253665,196300.99844984338,999999994.318373,2732154.012802286,999999994.318373,2732154.012802286
Hx6Uae2pecYXy8uCSNmp7ug2nESbvhAyBHLqjMcLpump,,Hx6Uae2pecYXy8uCSNmp7ug2nESbvhAyBHLqjMcLpump,0,,0,,0,,0,,0,,0,,0,0,0,0,0,0,7.747906205157407e-05,0.0017427830697097622,7.747906205157407e-05,0.001977733648585557,0.0012380021950637394,0.00149406480316367,0.0017128642269745081,0.0007968753992042494,0,2024-10-30T17:52:09,1730310729,1,0.00081264841056221,948.8619622437728,-53.370650387512306,948.8619622437728,-58.91011860250226,-34.3580799935197,-45.608222023473566,-52.55616891493967,1.9793572964746302,0,,0,,0,,0,,0,,0,,0,0,0,0,0,0,0,,0,,0,,0,,0,,0,,0,0,0,0,0,0,0,,0,,0,,0,,0,,0,,0,0,0,0,0,0,0,,0,0,,0,0,,0,0,,0,0,,0,0,,0,0,,0,0,,0,0,,0,0,,0,0,,0,0,,0,0,0,0,0,0,0,0,0,0,0,0,0,0,0,0,0,0,0,0,0,0,0,0,0,0,,0,0,,0,0,,0,0,,0,0,,0,0,,0,0,0,0,0,0,0,0,0,0,0,0,0,2024-10-30 08:30:05,0.00081264841056221,97039.79965428679,999999999.480052,812648.4101396751,999999999.480052,812648.4101396751
D5S1nXXaMnJui8rCnMbP1GZQnL9TxzbF92hXvgkVpump,,D5S1nXXaMnJui8rCnMbP1GZQnL9TxzbF92hXvgkVpump,0,,0,,0,,0,,0,,0,,0,0,0,0,0,0,0.0001157487134751895,0.0002975534721355617,0.0001157487134751895,0.00023045270805411436,0.00026701785406721597,0.0004296938911499058,0.0008026527017678644,0.0007713852178493663,0,2024-10-30T17:51:33,1730310693,3,0.00020622519688504512,78.16629722562668,-30.693063198035393,78.16629722562668,-10.513007798276858,-22.76726303360509,-52.006486214368806,-74.30704507306478,-73.26560165879195,0,,0,,0,,0,,0,,0,,0,0,0,0,0,0,0,,0,,0,,0,,0,,0,,0,0,0,0,0,0,0,,0,,0,,0,,0,,0,,0,0,0,0,0,0,0,,0,0,,0,0,,0,0,,0,0,,0,0,,0,0,,0,0,,0,0,,0,0,,0,0,,0,0,,0,0,0,0,0,0,0,0,0,0,0,0,0,0,0,0,0,0,0,0,0,0,0,0,0,0,,0,0,,0,0,,0,0,,0,0,,0,0,,0,0,0,0,0,0,0,0,0,0,0,0,0,2024-10-30 07:46:25,0.00020622519688504512,54193.19917377455,999998030.596695,206224.7907444608,999998030.596691,206224.79074445998
3Wp5z1GtPqKwyiaicXa7nyXhBVJJ5JgAwzWXuPXqpump,,3Wp5z1GtPqKwyiaicXa7nyXhBVJJ5JgAwzWXuPXqpump,0,,0,,0,,0,,0,,0,,0,0,0,0,0,0,2.9652860532476663e-05,0.0027361865804107206,2.9652860532476663e-05,0.0032907824747072634,0.0018111988052071006,0.0024525635643823057,0.00125028424588611,0.001733111411905594,0,2024-10-30T17:52:08,1730310728,7,0.0016933201303815481,5610.478179759337,-38.11386465730824,5610.478179759337,-48.54354113660521,-6.508323353938704,-30.957135832358258,35.434812999778835,-2.295944810627864,0,,0,,0,,0,,0,,0,,0,0,0,0,0,0,0,,0,,0,,0,,0,,0,,0,0,0,0,0,0,0,,0,,0,,0,,0,,0,,0,0,0,0,0,0,0,,0,0,,0,0,,0,0,,0,0,,0,0,,0,0,,0,0,,0,0,,0,0,,0,0,,0,0,,0,0,0,0,0,0,0,0,0,0,0,0,0,0,0,0,0,0,0,0,0,0,0,0,0,0,,0,0,,0,0,,0,0,,0,0,,0,0,,0,0,0,0,0,0,0,0,0,0,0,0,0,2024-10-30 07:39:13,0.0016933201303815481,102583.85404393738,991409423.499107,1678773.5342610034,991409423.499107,1678773.5342610034
8PH1XWXyhvFWXWeixSbcWmfHX4uRJHQtcjnwkCgzfTkY,,8PH1XWXyhvFWXWeixSbcWmfHX4uRJHQtcjnwkCgzfTkY,0,,0,,0,,0,,0,,0,,0,0,0,0,0,0,0.0011346320781034994,0.0025031446351973705,0.0011346320781034994,0.001823023529497912,0.003323911012734367,0.0022155751202285225,0.006858814059368688,0.006245330241455572,0,2024-10-30T17:52:09,1730310729,2,0.003115491372779173,174.5816404192111,24.463098495046403,174.5816404192111,70.89693700427586,-6.270313469786321,40.61772694296324,-54.57682121410454,-50.11486579045884,0,,0,,0,,0,,0,,0,,0,0,0,0,0,0,0,,0,,0,,0,,0,,0,,0,0,0,0,0,0,0,,0,,0,,0,,0,,0,,0,0,0,0,0,0,0,,0,0,,0,0,,0,0,,0,0,,0,0,,0,0,,0,0,,0,0,,0,0,,0,0,,0,0,,0,0,0,0,0,0,0,0,0,0,0,0,0,0,0,0,0,0,0,0,0,0,0,0,0,0,,0,0,,0,0,,0,0,,0,0,,0,0,,0,0,0,0,0,0,0,0,0,0,0,0,0,2024-10-30 06:57:42,0.003115491372779173,34552.080098927,99994162.894184,311530.9518251055,99994160.69176,311530.9449634726
DDxS3mzbFiwPgmpK7j573MDvD7EQj5stPHZ8K8Wppump,,DDxS3mzbFiwPgmpK7j573MDvD7EQj5stPHZ8K8Wppump,0,,0,,0,,0,,0,,0,,0,0,0,0,0,0,8.069874020567816e-05,0.00047066915720736237,8.069874020567816e-05,0.00029460464792478106,0.00031902882729952376,0.0005180787828238848,0.0006162760177738716,0.0008221121786431301,0,2024-10-30T17:51:55,1730310715,5,0.0002296259850756998,184.54717445458058,-51.21286756112349,184.54717445458058,-22.056224607044125,-28.023436935335976,-55.67740029343015,-62.73974997353283,-72.06877710354685,0,,0,,0,,0,,0,,0,,0,0,0,0,0,0,0,,0,,0,,0,,0,,0,,0,0,0,0,0,0,0,,0,,0,,0,,0,,0,,0,0,0,0,0,0,0,,0,0,,0,0,,0,0,,0,0,,0,0,,0,0,,0,0,,0,0,,0,0,,0,0,,0,0,,0,0,0,0,0,0,0,0,0,0,0,0,0,0,0,0,0,0,0,0,0,0,0,0,0,0,,0,0,,0,0,,0,0,,0,0,,0,0,,0,0,0,0,0,0,0,0,0,0,0,0,0,2024-10-30 06:38:46,0.0002296259850756998,69072.14804931507,999998294.589247,229625.59346907565,999996586.593737,229625.2012689242
54QdDRXQydGZsB7Ef7gsWV5Mq6Tno3VHrb1PtJjp1Txf,,54QdDRXQydGZsB7Ef7gsWV5Mq6Tno3VHrb1PtJjp1Txf,0,,0,,0,,0,,0,,0,,0,0,0,0,0,0,0.02020881343179301,0.02283060301949135,0.02020881343179301,0.02283060301949135,0.02283060301949135,0.02283060301949135,0.02243053423166982,0.021791332564395496,0,2024-10-30T14:15:07,1730297707,1,0.02283060301949135,12.973495928136364,0,12.973495928136364,0,0,0,1.7835900995022687,4.769191842787541,0,,0,,0,,0,,0,,0,,0,0,0,0,0,0,0,,0,,0,,0,,0,,0,,0,0,0,0,0,0,,,0,,,,,,0,,0,,,0,0,,0,0,0,,0,0,,0,0,,0,0,,0,0,,0,0,,0,,,,0,,0,,,,,,,0,,0,0,,0,,,0,0,0,0,,,0,0,0,0,0,0,0,0,0,0,0,0,0,0,0,0,,,,0,,0,,,,,,,0,,0,0,,0,,,0,0,0,0,,,0,0,0,0,2024-10-30 06:37:37,0.02283060301949135,51284.29944895193,100000000.0,2283060.301949135,100000000.0,2283060.301949135
3xS1L3w5EcG1KJmvTgePZHqAFZGzcy13bGCDPCeeKCLG,,3xS1L3w5EcG1KJmvTgePZHqAFZGzcy13bGCDPCeeKCLG,0,,0,,0,,0,,0,,0,,0,0,0,0,0,0,0.007876268951473737,0.005040405009606558,0.007876268951473737,0.009154163041482732,0.0015632469372296603,0.010944690814007944,0.011078288585921567,0.026926949222567855,0,2024-10-30T17:52:09,1730310729,1,0.002781947500936048,-64.67937397674169,-44.80706420150947,-64.67937397674169,-69.61002891985365,77.95956829866769,-74.58176253480386,-74.88829182089206,-89.66853809563966,0,,0,,0,,0,,0,,0,,0,0,0,0,0,0,0,,0,,0,,0,,0,,0,,0,0,0,0,0,0,0,,0,,0,,0,,0,,0,,0,0,0,0,0,0,0,,0,0,,0,0,,0,0,,0,0,,0,0,,0,0,,0,0,,0,0,,0,0,,0,0,,0,0,,0,0,0,0,0,0,0,0,0,0,0,0,0,0,0,0,0,0,0,0,0,0,0,0,0,0,,0,0,,0,0,,0,0,,0,0,,0,0,,0,0,0,0,0,0,0,0,0,0,0,0,0,2024-10-30 06:12:34,0.002781947500936048,172978.6570712384,1000000000.0,2781947.500936048,1000000000.0,2781947.500936048
GJYfin5igQKjyFFD46G6nWCSJ9xXRSzsBBJ8v5zUpump,,GJYfin5igQKjyFFD46G6nWCSJ9xXRSzsBBJ8v5zUpump,0,,0,,0,,0,,0,,0,,0,0,0,0,0,0,7.918585321848124e-05,0.0002927786097907262,0.0001158878753716446,0.00021313215702170992,0.00024757454321935207,0.00022231615080140174,0.0002411619585407675,0.00011840556656971796,0,2024-10-30T17:52:05,1730310725,1,0.0002745688555170941,246.73978287451516,-6.2196327411514645,136.92630021611004,28.82563539631712,10.903508877253577,23.503782575999384,13.852473739418278,131.88846898969587,0,,0,,0,,0,,0,,0,,0,0,0,0,0,0,0,,0,,0,,0,,0,,0,,0,0,0,0,0,0,0,,0,,0,,0,,0,,0,,0,0,0,0,0,0,0,,0,0,,0,0,,0,0,,0,0,,0,0,,0,0,,0,0,,0,0,,0,0,,0,0,,0,0,,0,0,0,0,0,0,0,0,0,0,0,0,0,0,0,0,0,0,0,0,0,0,0,0,0,0,,0,0,,0,0,,0,0,,0,0,,0,0,,0,0,0,0,0,0,0,0,0,0,0,0,0,2024-10-30 05:16:48,0.0002745688555170941,67303.38412998397,999999999.100471,274568.85527011147,999999999.100471,274568.85527011147
5pQSTDfeUppb6tV415RWygL8n3ctyakBTV7QzBn5pump,,5pQSTDfeUppb6tV415RWygL8n3ctyakBTV7QzBn5pump,0,,0,,0,,0,,0,,0,,0,0,0,0,0,0,0.0018277057367656,0.00045415300618620167,6.754325659717489e-05,0.0006839026236157793,0.00031324597377144176,0.0013078961809284424,0.0013289154456831652,0.0018843143199707986,0,2024-10-30T17:52:09,1730310729,5,0.00031584025693714404,-82.71930483207484,-30.455099353091086,367.6118281071371,-53.81794921807683,0.8281936187295372,-75.85127462388208,-76.23323154508316,-83.23845159007026,0,,0,,0,,0,,0,,0,,0,0,0,0,0,0,0,,0,,0,,0,,0,,0,,0,0,0,0,0,0,0,,0,,0,,0,,0,,0,,0,0,0,0,0,0,0,,0,0,,0,0,,0,0,,0,0,,0,0,,0,0,,0,0,,0,0,,0,0,,0,0,,0,0,,0,0,0,0,0,0,0,0,0,0,0,0,0,0,0,0,0,0,0,0,0,0,0,0,0,0,,0,0,,0,0,,0,0,,0,0,,0,0,,0,0,0,0,0,0,0,0,0,0,0,0,0,2024-10-30 04:45:32,0.00031584025693714404,59920.15288567516,999999257.191831,315840.02232842107,999999257.191831,315840.02232842107
6SKgHCj5dQVLeSLMNFBw7xRXRqRFy5Pq4X4SwaFRz7Lg,,6SKgHCj5dQVLeSLMNFBw7xRXRqRFy5Pq4X4SwaFRz7Lg,0,,0,,0,,0,,0,,0,,0,0,0,0,0,0,3.2639597622326892,1.9437837278450485,0.3976315127928121,2.0585790721151387,2.898279542424671,2.349974472056384,2.5275237993499116,3.0061088158028717,27,2024-10-30T17:47:18,1730310438,1,2.8158399154701,-13.72933122361949,44.86384854100234,608.1531078089647,36.78560875375532,-2.8444332490303097,19.824276772081387,11.407058410066982,-6.3294082813151435,0,,0,,0,,0,,0,,0,,0,0,0,0,0,0,0,,0,,0,,0,,0,,0,,0,0,0,0,0,0,0,,0,,0,,0,,0,,0,,0,0,0,0,0,0,0,,0,0,,0,0,,0,0,,0,0,,0,0,,0,0,,0,0,,0,0,,0,0,,0,0,,0,0,,0,0,0,0,0,0,0,0,0,0,0,0,0,0,0,0,0,0,0,0,0,0,0,0,0,0,,0,0,,0,0,,0,0,,0,0,,0,0,,0,0,0,0,0,0,0,0,0,0,0,0,0,2024-10-30 03:00:18,2.8158399154701,37887.73606186834,1000000.0,2815839.9154701,1000000.0,2815839.9154701
3wYEErnvzPTUZJXYtUpprBjisdfigsshsRbiWgrdbS9X,,3wYEErnvzPTUZJXYtUpprBjisdfigsshsRbiWgrdbS9X,0,,0,,0,,0,,0,,0,,0,0,0,0,0,0,0.0016871018547076075,0.010382361889227887,3.637059220900932e-05,0.0126274195194947,0.0118814013488048,0.009769772872350741,0.006267574353323698,0.004821104964178513,0,2024-10-30T17:51:34,1730310694,1,0.01152748712123174,583.2715576161568,11.029525306683492,31594.526872114766,-8.710666471204526,-2.978724623326213,17.991352223299618,83.92262255522675,139.1046701302417,0,,0,,0,,0,,0,,0,,0,0,0,0,0,0,0,,0,,0,,0,,0,,0,,0,0,0,0,0,0,0,,0,,0,,0,,0,,0,,0,0,0,0,0,0,0,,0,0,,0,0,,0,0,,0,0,,0,0,,0,0,,0,0,,0,0,,0,0,,0,0,,0,0,,0,0,0,0,0,0,0,0,0,0,0,0,0,0,0,0,0,0,0,0,0,0,0,0,0,0,,0,0,,0,0,,0,0,,0,0,,0,0,,0,0,0,0,0,0,0,0,0,0,0,0,0,2024-10-30 02:07:10,0.01152748712123174,131046.7511317737,100000000.0,1152748.712123174,100000000.0,1152748.712123174
CFBYjzT357obRmihT9F5uyCY3kqgksRvXKM3RJN1pump,,CFBYjzT357obRmihT9F5uyCY3kqgksRvXKM3RJN1pump,0,,0,,0,,0,,0,,0,,0,0,0,0,0,0,0.0002734582920695015,0.000950894837868468,6.78795593675877e-05,0.0006331161784863656,0.000732559854858586,0.0004924340388740101,0.0004689422694009291,0.0006089684283910788,0,2024-10-30T17:51:55,1730310715,2,0.0009164822743058755,235.14517602302024,-3.6189662823001547,1250.1594336269268,44.75736135774838,25.106811167367894,86.11269773338289,95.43605558882035,50.4975022641587,0,,0,,0,,0,,0,,0,,0,0,0,0,0,0,0,,0,,0,,0,,0,,0,,0,0,0,0,0,0,0,,0,,0,,0,,0,,0,,0,0,0,0,0,0,0,,0,0,,0,0,,0,0,,0,0,,0,0,,0,0,,0,0,,0,0,,0,0,,0,0,,0,0,,0,0,0,0,0,0,0,0,0,0,0,0,0,0,0,0,0,0,0,0,0,0,0,0,0,0,,0,0,,0,0,,0,0,,0,0,,0,0,,0,0,0,0,0,0,0,0,0,0,0,0,0,2024-10-30 01:50:59,0.0009164822743058755,105315.81163869723,999999233.964581,916481.5722479925,999999233.964581,916481.5722479925
7bpFPJqRpb8Wn8VX9rjNLWEsccCTjKqwmJ7wMX89VAzZ,,7bpFPJqRpb8Wn8VX9rjNLWEsccCTjKqwmJ7wMX89VAzZ,949,312.6086956521739,1183,,1179,,557,42.09183673469388,1179,,1179,,230,0,0,392,0,0,0.010308260738936125,0.01595002442047452,0.0005422231068941819,0.027076243412979383,0.01870274807535928,0.018727630310700974,0.011656104112500875,0.01237327285237922,0,2024-10-30T17:52:07,1730310727,1,0.01934931037115387,87.70683882750558,21.312104991612415,3468.5145330647083,-28.53768495123477,3.457044350858956,3.3195874231758378,66.00152318819997,56.37988915304044,691,570.873786407767,794,,794,,457,95.2991452991453,794,,794,,103,0,0,234,0,0,1640,392.4924924924925,1977,,1973,,1014,61.980830670926515,1973,,1973,,333,0,0,626,0,0,703,290.55555555555554,792,,796,,483,43.75,796,,792,,180,0,0,336,0,0,77929688.09830898,-32.14401245872317,329216.7467392754,192862954.5513119,,412977.3001163875,192775394.30942893,,412600.83927907934,35867170.636659995,-14.728901641794709,193473.728268318,192775394.30942893,,412600.83927907934,192775394.30942893,,412600.83927907934,39306133.55446196,-55.98267130167164,166210.7856755389,128690647.32990788,,216523.50658882537,128603087.08802488,,216147.04575151723,18434697.230793,-11.674994739641601,98663.16950604302,128603087.08802488,,216147.04575151723,128603087.08802488,,216147.04575151723,89296953.53356299,49936.26007597842,0,0,0,0,20871436.323669,67547.616169496,0,0,0,0,114845706.21112,83384.09253980391,0,0,0,0,42062517.461649,135743.01847095764,0,0,0,0,38623554.543847024,51.17589117286111,163005.96106373653,64172307.22140404,,196453.7935275621,64172307.22140404,,196453.7935275621,17432473.405866995,-17.736743621714478,94810.55876227497,64172307.22140404,,196453.7935275621,64172307.22140404,,196453.7935275621,25548752.67755701,33447.83246382549,0,0,0,0,21191081.137980003,68195.40230146164,0,0,0,0,2024-10-29 22:35:27,0.01934931037115387,101513.20546930996,69419556.753487,1343220.5494511507,69419556.753487,1343220.5494511507
CaPS8EpC78RsnDdjNfZGd7Wjdg9156ijvC1aFcA1pump,,CaPS8EpC78RsnDdjNfZGd7Wjdg9156ijvC1aFcA1pump,1992,81.58614402917046,3098,,3089,,934,-11.720226843100189,3089,,3089,,1097,0,0,1058,0,0,0.0018491347992018277,0.0024732155527238285,8.517933159254562e-05,0.002366979689467401,0.002566584901240809,0.0018948507302388759,0.002873640683014606,0.0015530631577661913,0,2024-10-30T17:52:09,1730310729,6,0.0017936705215274003,-2.9994718447983524,-27.476174911160665,2005.7579203689966,-24.22112747697477,-30.114506609142182,-5.339745611450894,-37.58194849727204,15.492439090969128,1779,81.34556574923548,2765,,2760,,735,-29.597701149425287,2760,,2760,,981,0,0,1044,0,0,3771,81.4725697786333,5863,,5849,,1669,-20.599429115128448,5849,,5849,,2078,0,0,2102,0,0,1268,65.10416666666666,1700,,1702,,775,-4.556650246305419,1702,,1700,,768,0,0,812,0,0,1420604146.69341,-66.57896995516164,1293242.7439877177,5673429166.203783,,2095566.3398796697,5671233600.027124,,2091534.3715486238,460388827.39060366,-52.053584426784425,538835.9747369332,5671233600.027124,,2091534.3715486238,5671233600.027124,,2091534.3715486238,728449665.0455822,-66.71707875959973,665617.6811210194,2917844987.13817,,1078687.4231587017,2917108706.672485,,1077316.3772488756,238025815.93804705,-51.465285309594975,280456.38704742695,2917108706.672485,,1077316.3772488756,2917108706.672485,,1077316.3772488756,2188659041.6269054,411698.6961278563,0,0,0,0,490423849.10754013,385161.29407359235,0,0,0,0,4250629453.3337164,798291.6275609061,0,0,0,0,960215319.302809,754406.7692507848,0,0,0,0,692154481.6478279,-66.43237566755907,627625.0628666983,2755584179.0656137,,1016878.9167209679,2754124893.3546395,,1014217.9942997481,222363011.4525566,-52.66772056118189,258379.58768950627,2754124893.3546395,,1014217.9942997481,2754124893.3546395,,1014217.9942997481,2061970411.7068112,386592.9314330497,0,0,0,0,469791470.1952689,369245.4751771925,0,0,0,0,2024-10-29 22:32:45,0.0017936705215274003,197596.64234591817,999991177.306216,1793654.6965216394,999991177.306216,1793654.6965216394
Hm4dVV7PtackAn2ePAv4kPNVxfhFahxndCJHCYqdpump,,Hm4dVV7PtackAn2ePAv4kPNVxfhFahxndCJHCYqdpump,5225,10.769556921772311,9951,,9942,,2200,-27.27272727272727,9942,,9942,,4717,0,0,3025,0,0,0.000393617011686483,0.00032872405705966485,8.941518213493536e-05,0.0003103481580199364,0.0005125413417079402,0.00021499467791847495,0.00016282398860355837,0.0002924313238364159,0,2024-10-30T17:51:53,1730310713,4,0.0004751697825573316,20.71881256387505,44.54974388171603,431.41957686811924,53.10862019899834,-7.291423366176754,121.01467215737962,191.8303295678799,62.48935863763293,3987,-3.5792019347037485,8130,,8122,,1895,-9.416826003824092,8122,,8122,,4135,0,0,2092,0,0,9212,4.066877541798464,18081,,18064,,4095,-19.972640218878247,18064,,18064,,8852,0,0,5117,0,0,2950,21.59934047815334,4325,,4328,,1639,-22.432560340747752,4328,,4325,,2426,0,0,2113,0,0,2611523572.101072,-59.53152305173415,2539179.9668757836,9066988722.855581,,6202565.435410559,9064752774.276375,,6201302.029749196,1329093902.5849833,3.6387362346744014,744118.8945420872,9064752774.276375,,6201302.029749196,9064752774.276375,,6201302.029749196,1288336433.334536,-60.965556758061545,1259264.7284563773,4590382436.426557,,3113982.6502860137,4588848305.245527,,3113114.857256215,653191632.7753887,2.8413728964414426,365689.3793931401,4588848305.245527,,3113114.857256215,4588848305.245527,,3113114.857256215,3300511871.91099,1853850.1287998385,0,0,0,0,635144800.5591441,893575.3490632402,0,0,0,0,6453229202.175301,3662122.062873414,0,0,0,0,1282429669.5160863,1795061.072333702,0,0,0,0,1323187138.7665358,-58.03026404985043,1279915.2384194063,4476606286.429025,,3088582.785124545,4475904469.0308485,,3088187.172492981,675902269.8095945,4.421144727014461,378429.51514894713,4475904469.0308485,,3088187.172492981,4475904469.0308485,,3088187.172492981,3152717330.26431,1808271.934073575,0,0,0,0,647284868.9569422,901485.7232704618,0,0,0,0,2024-10-29 22:00:13,0.0004751697825573316,102038.34872994077,999495208.223666,474929.9207587342,999495208.223666,474929.9207587342
8YYrkf1hvL5aCacfLXDvhVfjWZ7ce5NdVt4iLPxYsmdh,,8YYrkf1hvL5aCacfLXDvhVfjWZ7ce5NdVt4iLPxYsmdh,662,-56.245869134170526,3309,,2175,91.7989417989418,246,-40.86538461538461,3309,,3309,,1513,0,1134,416,0,0,0.00010632473400257655,0.0009427796146185171,5.190953733915174e-05,0.0004759209978160806,0.0009453394510254278,0.00041600309455935917,0.00025920997615900236,0.00017400400859408663,0,2024-10-30T17:52:06,1730310726,2,0.0009838725001152407,825.3467778169081,4.358694742604421,1795.3597942649633,106.7302146007556,4.076107164258858,136.50605319592225,279.5658310279393,465.4309392437047,676,-46.00638977635783,2907,,1928,96.93564862104188,215,-53.36225596529284,2907,,2907,,1252,0,979,461,0,0,1338,-51.609403254972875,6216,,4103,94.17889256980597,461,-47.43443557582668,6216,,6216,,2765,0,2113,877,0,0,587,-42.95432458697765,1699,,1268,50.5938242280285,252,-41.801385681293304,1700,,1699,,1029,0,842,433,0,0,1376601456.640654,-51.35424815731885,138772.02683736745,8375415369.762274,,1164330.9146031528,4206450733.289817,0.8991704196626427,723753.230366233,582587074.840488,-26.62764199312626,47925.04102568379,8375415369.762274,,1164330.9146031528,8375415369.762274,,1164330.9146031528,670771225.8124975,-52.63221905005674,67063.81468687973,4205998736.2097077,,584772.6409839997,2086862949.6814072,-1.522924441749229,360305.4262082413,305576035.9775449,-16.32528453738784,25482.61733048328,4205998736.2097077,,584772.6409839997,4205998736.2097077,,584772.6409839997,1416091723.8689032,293241.61152136204,0,0,2119135786.5283015,224467.21477575818,365195189.834955,41581.19735639601,0,0,0,0,2829849276.649152,584981.2035288669,0,0,4168964636.4724603,440577.6842369193,794014381.8001726,90846.98581168268,0,0,0,0,705830230.8281566,-50.074167282778134,71708.21215048771,4169416633.5525665,,579558.2736191532,2119587783.60841,3.4031589352521534,363447.8041579917,277011038.8629431,-35.40143630385553,22442.423695200512,4169416633.5525665,,579558.2736191532,4169416633.5525665,,579558.2736191532,1413757552.7802489,291739.59200750483,0,0,2049828849.9441588,216110.4694611611,428819191.9652176,49265.78845528667,0,0,0,0,2024-10-29 21:32:25,0.0009838725001152407,129191.5241149219,999994187.437983,983866.781295317,999994187.437983,983866.781295317
DGZTRegig4yc8cBu4HkbT9WrC98sadBtX7wZgTzfhD6i,,DGZTRegig4yc8cBu4HkbT9WrC98sadBtX7wZgTzfhD6i,3049,-15.959206174200661,8938,,6677,195.57326250553342,1254,-30.139275766016716,8936,,8936,,3628,0,2259,1795,0,0,0.019737126496623368,0.002453770647326072,0.017020590809539063,0.0022085276446467865,0.002445900392146734,0.00212592277028233,0.0058262934947031515,0.017064861783069,0,2024-10-30T17:51:47,1730310707,1,0.0024137913475255294,-87.77030005893472,-1.6293005967818999,-85.81840445765997,9.294142338506749,-1.3127699199975533,13.540876520409517,-58.57072168231869,-85.85519544072496,2623,-18.362900715841892,7813,,5836,195.7932083122149,1161,-20.588235294117645,7809,,7809,,3213,0,1973,1462,0,0,5672,-17.08814500803976,16751,,12513,195.6758034026465,2415,-25.852011053116364,16745,,16745,,6841,0,4232,3257,0,0,4601,-11.468154704637291,11559,,8909,178.31927522649173,2407,-19.471395115423217,11564,,11559,,5197,0,3201,2989,0,0,179808288.44841897,-7.7766260117029375,2735784.9164801473,722699307.1633344,,8069422.397845579,374778696.3530741,7.745838845859223,5949376.391992469,69828404.2506071,-36.508021662386426,1145306.7996887057,722614585.3002388,,8067383.805763382,722614585.3002388,,8067383.805763382,91711658.24641624,-4.492881339797937,1403181.5556424758,486159732.6442269,,4154299.5821682876,187737650.37451074,-37.079305051374085,2990799.846475383,36012330.17911576,-35.345126362022064,595791.8970457604,486109514.397622,,4153088.703752137,486109514.397622,,4153088.703752137,96025992.12809527,1587618.2908329063,0,0,298371864.0231112,1162288.8572767559,55699328.06730025,807389.6585967124,0,0,0,0,194970407.90465575,3213591.4755123155,0,0,347835888.94716483,2118007.413770915,109979884.19781171,1590478.116791442,0,0,0,0,88096630.20200275,-10.963514706130118,1332603.3608376717,236539574.51910752,,3915122.8156772912,187041045.97856334,278.135516197365,2958576.5455170865,33816074.07149134,-37.70131243647465,549514.9026429453,236505070.9026169,,3914295.102011246,236505070.9026169,,3914295.102011246,98944415.77656049,1625973.1846794093,0,0,49464024.924053594,955718.5564941592,54280556.130511455,783088.4581947298,0,0,0,0,2024-10-29 21:17:54,0.0024137913475255294,223824.83067707065,999999992.1581085,2413791.3285968397,999999992.1581085,2413791.3285968397
LionjmhzrzhkxPa4zeWmveQ6GiwmSspeBjmGDxb2mk8,,LionjmhzrzhkxPa4zeWmveQ6GiwmSspeBjmGDxb2mk8,27291,-35.09560502283105,133127,,69339,9.003018298434258,741,-97.2090395480226,132951,,132951,,42048,0,63612,26550,0,0,0.0002326630221461658,0.00037296713215661127,0.00011522981282608223,0.00037170851075389404,0.0003490477136048659,0.00032135506531864806,0.0005421196012977638,0.0004091259415001889,1,2024-10-30T17:52:05,1730310725,1,0.00041503074750299444,78.38277164742571,11.278102470627465,260.1765353289304,11.654895030849534,18.903729010763158,29.15021180433543,-23.442954929232442,1.443273428508036,120,-36.507936507936506,901,,309,-47.80405405405405,39,-51.85185185185185,901,,901,,189,0,592,81,0,0,27411,-35.10192485261737,134028,,69648,8.479222478350259,780,-97.07108257294131,133852,,133852,,42237,0,64204,26631,0,0,139,-8.552631578947368,676,,262,-50.75187969924813,78,4,676,,676,,152,0,532,75,0,0,168126052.77142715,25.009499957576836,27611.089905199675,1196909826.2319977,,211187.4586833369,302616673.74701846,-66.16129479313157,54654.94142037589,47647677.04713378,-60.451262095222425,9679.513526852985,1196908201.4429262,,211187.1430141732,1196908201.4429262,,211187.1430141732,84713192.93834275,33.979275448727684,13961.389204457128,621846357.079344,,108864.91053387857,147941772.62323627,-68.78226446883133,26699.46302428007,27759032.40697807,-51.260746979685145,5555.774030583349,621844732.2902725,,108864.59486471488,621844732.2902725,,108864.59486471488,63228579.68489426,12738.073819822943,0,0,473902959.6670361,82165.13184043484,56954160.53136455,8405.615173873772,0,0,0,0,134490620.97559172,27043.85151517614,0,0,894291527.6959082,156532.2015937972,120478375.72429295,17931.576378346683,0,0,0,0,83412859.83308439,17.050898798731275,13649.700700742549,575063469.1526537,,102322.54814945834,154674901.12378216,-63.20668236792796,27955.47839609582,19888644.64015571,-68.69123911290801,4123.739496269636,575063469.1526537,,102322.54814945834,575063469.1526537,,102322.54814945834,71262041.29069747,14305.777695353197,0,0,420388568.0288721,74367.06975336233,63524215.192928396,9525.961204472911,0,0,0,0,2024-10-29 20:12:12,0.00041503074750299444,59510.76045827498,999999988.4418715,415030.74270601576,999999988.4418715,415030.74270601576
DqwYJXj2oDY545oAQgfh6x6cMKqEM97BoErdF3hSpump,,DqwYJXj2oDY545oAQgfh6x6cMKqEM97BoErdF3hSpump,1089,-25.15463917525773,5553,,2544,4.9504950495049505,367,-49.16897506925208,4968,768.5314685314685,5540,,1455,0,2424,722,572,0,0.00016833331037108016,0.0002843402805665131,6.819332833388005e-05,0.0006160416739623103,0.0002805800258583359,0.0005237104258969901,0.00026214068204978715,0.0002239980514721804,0,2024-10-30T17:52:05,1730310725,2,0.0002914168570934801,73.11894862108397,2.4887703257757767,327.3392488876325,-52.69526893868724,3.862296042632643,-44.35534549568055,11.168115843283204,30.09794289646881,1042,-23.212969786293293,5122,,2399,5.589788732394366,403,-36.93270735524257,4671,947.3094170403588,5117,,1357,0,2272,639,446,0,2131,-24.2176386913229,10675,,4943,5.259795570698467,770,-43.423952975753124,9639,846.8565815324165,10657,,2812,0,4696,1361,1018,0,718,-29.261083743842363,2426,,1372,-5.962988348183687,359,-31.749049429657795,2255,377.7542372881356,2426,,1015,0,1459,526,472,0,465697921.77539265,-44.03543188132326,702359.1683870656,8413336331.468969,,4099482.259195198,1297827852.2482877,-73.19918953639949,1697918.0633525536,132750359.66866246,-60.12874855467285,220932.6598370148,6140322649.228135,170.4576276920006,3811745.7590513397,8410668174.931252,,4096147.8284514504,228613822.96707818,-46.355807272893244,345871.6353332341,4280502490.064623,,2075284.2784202148,654780778.5032821,-73.19967525277004,856521.91465565,62335219.86865736,-62.51158074033113,104754.15023911025,3097963033.490536,162.1304406156369,1925638.4454519802,4279803275.4001317,,2074414.0949437697,426166955.536192,510650.27932241553,0,0,2443182254.987261,1069116.53079633,166278603.09842244,241117.48509412233,1181840241.9095972,148775.64949178952,0,0,832129930.4728806,995558.8949654838,0,0,4842494796.979856,2113827.69569879,332947562.10673344,481426.50855005125,2270345525.703119,284402.0694001103,0,0,237084098.80831447,-41.59957596002724,356487.5330538315,4132833841.4043465,,2024197.980774983,643047073.7450057,-73.19869493905266,841396.1486969037,70415139.80000511,-57.7514972080111,116178.50959790456,3042359615.737599,179.49883762940956,1886107.3135993595,4130864899.5311203,,2021733.7335076807,405962974.93668854,484908.61564306833,0,0,2399312541.9925947,1044711.1649024598,166668959.00831103,240309.0234559289,1088505283.7935216,135626.41990832076,0,0,2024-10-29 19:38:13,0.0002914168570934801,54717.684621341024,981561443.505369,286043.55091047415,981561443.505369,286043.55091047415
67URDHomRkxV4xatw9zTJM9WFf7zczD68GMoxvcyRb41,,67URDHomRkxV4xatw9zTJM9WFf7zczD68GMoxvcyRb41,6,-99.98585672866133,100535,,42429,-26.667012340557918,4,100,100287,40338.3064516129,100535,,42423,0,57858,2,248,0,0.00034895320575377154,0.00028945303990261535,0.00010127217452089703,0.0003722082496654851,0.00028904836607774914,0.00039150809067621745,0.0004497708075571076,0.00032634957454636207,0,2024-10-30T17:51:58,1730310718,1,0.0002908414479962912,-16.65316632697314,0.4796660951092279,187.18791649553987,-21.860558368150286,0.6203397524342774,-25.712531893288244,-35.335632480024195,-10.88039615171201,12,-94.61883408071749,1743,,235,-83.29779673063256,3,-66.66666666666666,1642,1525.7425742574258,1743,,223,0,1407,9,101,0,18,-99.9577920555269,102278,,42664,-28.01147388846705,7,-36.36363636363637,101929,29106.017191977076,102278,,42646,0,59265,11,349,0,19,-94.09937888198758,3063,,477,-82.12143928035982,5,-68.75,2959,1859.6026490066226,3063,,322,0,2668,16,151,0,10923532.79247607,-92.1031022140249,1224.008494992369,2798767273.337987,,410487.33243482595,149250418.7232573,-92.89711810392559,29928.213574401074,7313295.605121056,102.57105629336631,826.2664300734109,2250516086.757872,310.4899618724316,354085.1475093757,2798767273.337987,,410487.33243482595,7877474.730019428,-78.84937689904939,888.2231704402917,1421911599.9412332,,207617.29885823093,45122120.86843628,-95.83313909813349,9548.093568534337,6909728.729754099,614.0023030693267,780.7038387841118,1128002541.6721208,283.7930509236919,177677.91416230417,1421911599.9412332,,207617.29885823093,37244646.13841744,8659.870398094265,0,0,1082880420.803683,168129.82059376978,967746.0002650989,107.51933165612868,293909058.2691132,29939.384695926743,0,0,138326885.9307801,28704.20507940893,0,0,2101265668.0346107,324156.9339349747,3610237.1873550564,397.7420649188675,548251186.580116,56402.18492545016,0,0,3046058.0624566423,-96.98655464232523,335.7853245520773,1376855673.396754,,202870.033576595,104128297.85482104,-89.77515649034052,20380.120005866735,403566.8753669574,-84.72778727366787,45.56259128929917,1122513545.0857513,341.3399984265174,176407.23334707154,1376855673.396754,,202870.033576595,101082239.79236269,20044.334681314667,0,0,1018385247.2309276,156027.11334120494,2642491.1870899573,290.22273326273887,254342128.3110029,26462.800229523415,0,0,2024-10-29 19:25:45,0.0002908414479962912,63601.804979495246,999997480.9035,290840.71533861745,999997480.9035,290840.71533861745
DFiXpgMVuTEEVAZ1XryhFyrwbkrtAa9RFc4RdjESvnNR,,DFiXpgMVuTEEVAZ1XryhFyrwbkrtAa9RFc4RdjESvnNR,4822,57.017258222077494,11898,,7893,138.38719420114768,1553,-52.49311716121138,11204,1542.815249266862,11886,,3071,0,3311,3269,682,0,0.0008976409573320793,0.0008602550400604333,0.0006931978752550933,0.0007509198912280686,0.0008645864309961721,0.0007933237752424582,0.0009161395072512602,0.001168813798081805,0,2024-10-30T17:45:59,1730310359,1,0.0008406427412074485,-6.349778902027587,-2.2798237661713703,21.270242050020155,11.948391702961201,-2.7693807039205853,5.964647403959182,-8.240749956338906,-28.077274362514657,479,-31.571428571428573,2052,,1179,112.0503597122302,18,-96.09544468546638,1735,447.3186119873817,2052,,700,0,556,461,317,0,5301,40.572792362768496,13950,,9072,134.60046547711403,1571,-57.88203753351206,12939,1195.195195195195,13938,,3771,0,3867,3730,999,0,975,-21.623794212218648,2783,,2207,436.98296836982973,23,-97.59162303664921,2584,836.2318840579711,2783,,1244,0,411,955,276,0,63175223.96384184,-76.18548456723958,85174.16551652961,640121875.4841185,,734805.7632260597,328455549.0757055,217.28637220108192,427060.2289106769,4736568.107726783,-91.8948031258814,6464.177477102763,431975768.61653924,107.53489327587995,599420.4901980634,640121860.0028715,,734805.7417036721,31961624.113105617,-75.87354338532361,43198.174127709004,354833796.0382446,,381111.5748451366,164437041.55033922,210.01819992159022,214357.42184878606,2747937.0079602464,-90.59366591396044,3752.648064473515,217478134.49002147,58.33214048148917,301997.66321006673,354833780.5569976,,381111.55332274904,132475417.43723364,171159.2477210773,0,0,53041092.93968181,87640.24136128013,29213687.105145495,39445.52606323541,137355646.06697598,79113.89011268216,0,0,265280325.1118639,341886.06339414726,0,0,103520219.54083332,172360.261287386,58438655.85611525,78709.98803942653,208146091.3863318,135385.25150560873,0,0,31213599.850736227,-76.49665182012023,41975.99138882061,285288079.44587386,,353694.1883809231,164018507.52536634,224.9234259168518,212702.80706189087,1988631.0997665364,-93.1954380628703,2711.5294126292474,214497634.12651777,203.0036513527468,297422.82698799676,285288079.44587386,,353694.1883809231,132804907.67463028,170726.81567306997,0,0,50479126.6011515,84720.01992610589,29224968.75096976,39264.46197619113,70790445.31935582,56271.361392926556,0,0,2024-10-29 19:13:05,0.0008406427412074485,65117.87014268535,999999998.0,840642.739526163,999999998.0,840642.739526163
DqWbfzoFmZPrrQP7MdqYvwZbCkBNu2fSSaJqUrqEVYyX,,DqWbfzoFmZPrrQP7MdqYvwZbCkBNu2fSSaJqUrqEVYyX,1756,-10.499490316004078,26120,,3718,-4.372427983539095,714,-31.477927063339735,7606,-58.913137424373375,26118,,1962,0,3888,1042,18512,0,0.000753862918655197,0.0016779427758307494,0.0005846912198274202,0.0012302439382818034,0.0012740781826467793,0.0013451653698989734,0.00096617597713271,0.0008055442672750995,0,2024-10-30T17:52:09,1730310729,7,0.0011007150502686408,46.00997383346394,-34.40091842681126,88.25578577929257,-10.528715808514095,-13.606946162282815,-18.172510614712873,13.924903570382497,36.642403774035955,1596,-3.6813518406759207,21374,,3253,-4.771662763466042,650,-31.289640591966172,6669,-54.64190981432361,21372,,1657,0,3416,946,14703,0,3352,-7.3777286543243985,47494,,6971,-4.5591456736035045,1364,-31.388329979879277,14275,-57.022429625169345,47490,,3619,0,7304,1988,33215,0,1244,-0.16051364365971107,9591,,2086,-13.587406793703396,627,-28.506271379703534,3713,-51.21534620943371,9591,,1246,0,2414,877,7611,0,565827123.0636902,-28.41995966436216,961857.2248198622,18559273096.06525,,27797255.08759714,1356308827.7547247,-50.576713997562926,1722791.8563675373,216539954.33211058,-38.00517920011945,397276.8515404265,4100579671.437245,-71.63933158255615,3457570.6637376472,18559264534.150455,,27797239.926329926,296629953.7823541,-23.24839422691102,499528.33021891286,9355065398.37067,,13945740.678276457,683110406.9201236,-50.626017766863896,871924.548567155,107038007.35643491,-43.542956663373126,197148.93976060895,2066653674.0898094,-71.64465252777586,1752680.5062098193,9355062592.775156,,13945735.701113014,386480453.1377765,372396.2183482313,0,0,1383543267.1697104,880755.9576426407,189591946.42591795,302379.3904583224,7288408918.685368,12193055.194903184,0,0,790481704.6910486,760934.6315476715,0,0,2744270843.682561,1734778.8073700932,349287168.7315657,564580.3732794581,14458684862.71323,24339669.262592252,0,0,269197169.281336,-33.36724372849143,462328.8946009493,9204207697.69458,,13851514.409320682,673198420.8346012,-50.52658353850569,850867.3078003821,109501946.97567569,-31.4306681222466,200127.91177981757,2033925997.3474355,-71.63392297277629,1704890.1575278281,9204201941.3753,,13851504.22521691,404001251.55327207,388538.4131994403,0,0,1360727576.5128505,854022.8497274525,159695222.30564776,262200.9828211357,7170275944.0278635,12146614.067689069,0,0,2024-10-29 18:27:40,0.0011007150502686408,180521.86811618233,965378012.918712,1062606.1080180607,965378012.918712,1062606.1080180607
