datetime,address,c,h,l,o,type,v
2024-11-10 19:50:00,Eyhjeq8EA8feDGp8FkBJv5iGr5YsgjYBnvmYkX6uDLPh,7.312789829924156,10.113722359489442,6.952982704948873,10.05596418252255,5m,2580166.606689401
2024-11-10 19:55:00,Eyhjeq8EA8feDGp8FkBJv5iGr5YsgjYBnvmYkX6uDLPh,6.837028275433844,7.5914225595362055,6.725997518938341,7.312789829924156,5m,69914.707612756
2024-11-10 20:00:00,Eyhjeq8EA8feDGp8FkBJv5iGr5YsgjYBnvmYkX6uDLPh,7.143171790853281,7.144031084500747,6.669567176232857,6.837028275433844,5m,63064.13490550798
2024-11-10 20:05:00,Eyhjeq8EA8feDGp8FkBJv5iGr5YsgjYBnvmYkX6uDLPh,6.296498864445512,7.154706254559616,6.239843641417314,7.143171790853281,5m,72088.966229272
2024-11-10 20:10:00,Eyhjeq8EA8feDGp8FkBJv5iGr5YsgjYBnvmYkX6uDLPh,6.335023207217721,6.535473611352821,6.044330901188772,6.296498864445512,5m,62047.40317980795
2024-11-10 20:15:00,Eyhjeq8EA8feDGp8FkBJv5iGr5YsgjYBnvmYkX6uDLPh,5.887076962989738,6.453625559088841,5.8345005710617635,6.335023207217721,5m,77912.59879797591
2024-11-10 20:20:00,Eyhjeq8EA8feDGp8FkBJv5iGr5YsgjYBnvmYkX6uDLPh,6.091079089940818,6.170386114338371,5.741582437093575,5.887076962989738,5m,78566.487708173
2024-11-10 20:25:00,Eyhjeq8EA8feDGp8FkBJv5iGr5YsgjYBnvmYkX6uDLPh,6.043466524439816,6.264975015332021,5.923204296710835,6.091079089940818,5m,69061.86134875099
2024-11-10 20:30:00,Eyhjeq8EA8feDGp8FkBJv5iGr5YsgjYBnvmYkX6uDLPh,7.139697948297072,7.438519872760911,6.0017184879531795,6.043466524439816,5m,87083.11927908516
2024-11-10 20:35:00,Eyhjeq8EA8feDGp8FkBJv5iGr5YsgjYBnvmYkX6uDLPh,7.9423193049429095,8.084808414012187,7.049658767976349,7.139697948297072,5m,64967.352464220996
2024-11-10 20:40:00,Eyhjeq8EA8feDGp8FkBJv5iGr5YsgjYBnvmYkX6uDLPh,7.882267034149716,8.393853283114696,7.58946107870825,7.9423193049429095,5m,63851.46457873099
2024-11-10 20:45:00,Eyhjeq8EA8feDGp8FkBJv5iGr5YsgjYBnvmYkX6uDLPh,6.901237266919942,8.214633019013373,6.901237266919942,7.882267034149716,5m,58509.28790495596
2024-11-10 20:50:00,Eyhjeq8EA8feDGp8FkBJv5iGr5YsgjYBnvmYkX6uDLPh,7.142798971889972,7.371337478393312,6.7842213748669415,6.901237266919942,5m,70569.317241763
2024-11-10 20:55:00,Eyhjeq8EA8feDGp8FkBJv5iGr5YsgjYBnvmYkX6uDLPh,7.058121016394396,7.2417244989610445,6.806256716893888,7.142798971889972,5m,58904.79965314092
2024-11-10 21:00:00,Eyhjeq8EA8feDGp8FkBJv5iGr5YsgjYBnvmYkX6uDLPh,6.614687248098942,7.1784437155049305,6.554690276190092,7.058121016394396,5m,67095.63480008702
2024-11-10 21:05:00,Eyhjeq8EA8feDGp8FkBJv5iGr5YsgjYBnvmYkX6uDLPh,6.522864246853729,6.849328800854173,6.412439360130117,6.614687248098942,5m,71694.59020708001
2024-11-10 21:10:00,Eyhjeq8EA8feDGp8FkBJv5iGr5YsgjYBnvmYkX6uDLPh,7.139177820285339,7.238951860642252,6.221786831282346,6.522864246853729,5m,78340.25040090695
2024-11-10 21:15:00,Eyhjeq8EA8feDGp8FkBJv5iGr5YsgjYBnvmYkX6uDLPh,5.189248693141137,7.139177820285339,5.189248693141137,7.139177820285339,5m,103749.50170289697
2024-11-10 21:20:00,Eyhjeq8EA8feDGp8FkBJv5iGr5YsgjYBnvmYkX6uDLPh,2.9132554753392372,5.189248693141137,2.8914065305901135,5.189248693141137,5m,148262.92405022893
2024-11-10 21:25:00,Eyhjeq8EA8feDGp8FkBJv5iGr5YsgjYBnvmYkX6uDLPh,3.2037493801429253,3.345288652890497,2.659852592596619,2.9132554753392372,5m,188101.8955904261
2024-11-10 21:30:00,Eyhjeq8EA8feDGp8FkBJv5iGr5YsgjYBnvmYkX6uDLPh,2.5123324040651913,3.2143925679410676,2.2176111800131166,3.2037493801429253,5m,233837.46788363304
2024-11-10 21:35:00,Eyhjeq8EA8feDGp8FkBJv5iGr5YsgjYBnvmYkX6uDLPh,3.160077520973999,3.212502084147578,2.4788348350911162,2.5123324040651913,5m,193078.64649759102
2024-11-10 21:40:00,Eyhjeq8EA8feDGp8FkBJv5iGr5YsgjYBnvmYkX6uDLPh,3.241318741004693,3.4229296845859403,3.090389711990858,3.160077520973999,5m,147768.09193407797
2024-11-10 21:45:00,Eyhjeq8EA8feDGp8FkBJv5iGr5YsgjYBnvmYkX6uDLPh,3.593914475563057,3.796674933826537,3.1731049971950362,3.241318741004693,5m,132362.36988978295
2024-11-10 21:50:00,Eyhjeq8EA8feDGp8FkBJv5iGr5YsgjYBnvmYkX6uDLPh,3.753964683364411,3.893794316735203,3.423280346553374,3.593914475563057,5m,121648.19838204805
2024-11-10 21:55:00,Eyhjeq8EA8feDGp8FkBJv5iGr5YsgjYBnvmYkX6uDLPh,3.4422470296060528,3.8028728814825232,3.054546439478589,3.753964683364411,5m,138297.2778038281
2024-11-10 22:00:00,Eyhjeq8EA8feDGp8FkBJv5iGr5YsgjYBnvmYkX6uDLPh,3.8945612298039802,4.03024873869669,3.3754499215856053,3.4422470296060528,5m,115642.53948935196
2024-11-10 22:05:00,Eyhjeq8EA8feDGp8FkBJv5iGr5YsgjYBnvmYkX6uDLPh,3.6445370222982083,4.013452468599744,3.5567616095872734,3.8945612298039802,5m,131319.63436961986
2024-11-10 22:10:00,Eyhjeq8EA8feDGp8FkBJv5iGr5YsgjYBnvmYkX6uDLPh,3.16959142020578,3.8731397829231793,3.0933202811291642,3.6445370222982083,5m,127737.16626127802
2024-11-10 22:15:00,Eyhjeq8EA8feDGp8FkBJv5iGr5YsgjYBnvmYkX6uDLPh,3.172304956560939,3.2436097781342808,2.8253391294620895,3.16959142020578,5m,139212.8782597069
2024-11-10 22:20:00,Eyhjeq8EA8feDGp8FkBJv5iGr5YsgjYBnvmYkX6uDLPh,3.2570094535289567,3.3745797993443416,3.022360384469371,3.172304956560939,5m,136957.93866869903
2024-11-10 22:25:00,Eyhjeq8EA8feDGp8FkBJv5iGr5YsgjYBnvmYkX6uDLPh,3.22228822847869,3.444007139941362,3.0194967548663696,3.2570094535289567,5m,134866.841150799
2024-11-10 22:30:00,Eyhjeq8EA8feDGp8FkBJv5iGr5YsgjYBnvmYkX6uDLPh,3.136387103061548,3.617478656052735,3.0531694763538715,3.22228822847869,5m,147106.447693194
2024-11-10 22:35:00,Eyhjeq8EA8feDGp8FkBJv5iGr5YsgjYBnvmYkX6uDLPh,3.0914196635757523,3.2419502398748463,2.9906152910648953,3.136387103061548,5m,135206.16094523104
2024-11-10 22:40:00,Eyhjeq8EA8feDGp8FkBJv5iGr5YsgjYBnvmYkX6uDLPh,2.770463470142902,3.6797246678106403,2.739334993638511,3.0914196635757523,5m,156792.53977182298
2024-11-10 22:45:00,Eyhjeq8EA8feDGp8FkBJv5iGr5YsgjYBnvmYkX6uDLPh,2.872248081693394,3.0434462161228373,2.6897445076552224,2.770463470142902,5m,146512.62874743203
2024-11-10 22:50:00,Eyhjeq8EA8feDGp8FkBJv5iGr5YsgjYBnvmYkX6uDLPh,2.6254077241317977,2.877833170040275,2.521350353734906,2.872248081693394,5m,156148.81766086086
2024-11-10 22:55:00,Eyhjeq8EA8feDGp8FkBJv5iGr5YsgjYBnvmYkX6uDLPh,2.5109238215051954,2.816660083649723,2.4916452205695165,2.6254077241317977,5m,172807.92074297
2024-11-10 23:00:00,Eyhjeq8EA8feDGp8FkBJv5iGr5YsgjYBnvmYkX6uDLPh,2.7258716877395734,2.736163301215814,2.3980255635397323,2.5109238215051954,5m,179893.0871468378
2024-11-10 23:05:00,Eyhjeq8EA8feDGp8FkBJv5iGr5YsgjYBnvmYkX6uDLPh,2.873810748264058,2.8859776442712954,2.5823314104480097,2.7258716877395734,5m,153123.281391966
2024-11-10 23:10:00,Eyhjeq8EA8feDGp8FkBJv5iGr5YsgjYBnvmYkX6uDLPh,2.7240253160763714,2.8798933394557715,2.7052204083989504,2.873810748264058,5m,141399.60108570597
2024-11-10 23:15:00,Eyhjeq8EA8feDGp8FkBJv5iGr5YsgjYBnvmYkX6uDLPh,3.2640111736571225,3.2640111736571225,2.7240253160763714,2.7240253160763714,5m,150524.5760511121
2024-11-10 23:20:00,Eyhjeq8EA8feDGp8FkBJv5iGr5YsgjYBnvmYkX6uDLPh,2.563379224733484,3.3360854527463686,2.5024077205725455,3.2640111736571225,5m,173967.4568088
2024-11-10 23:25:00,Eyhjeq8EA8feDGp8FkBJv5iGr5YsgjYBnvmYkX6uDLPh,2.5942605065659317,2.6721233012486323,2.40022977137929,2.563379224733484,5m,186743.881757781
2024-11-10 23:30:00,Eyhjeq8EA8feDGp8FkBJv5iGr5YsgjYBnvmYkX6uDLPh,2.7294660259611523,2.8655492974238976,2.5942605065659317,2.5942605065659317,5m,155105.7733982298
2024-11-10 23:35:00,Eyhjeq8EA8feDGp8FkBJv5iGr5YsgjYBnvmYkX6uDLPh,2.4642949900503814,2.8129123580254802,2.336691165872661,2.7294660259611523,5m,171927.07440363694
2024-11-10 23:40:00,Eyhjeq8EA8feDGp8FkBJv5iGr5YsgjYBnvmYkX6uDLPh,2.179835983124305,2.5478028870831277,2.0117105530860124,2.4642949900503814,5m,201916.0695473752
2024-11-10 23:45:00,Eyhjeq8EA8feDGp8FkBJv5iGr5YsgjYBnvmYkX6uDLPh,2.2697590928901885,2.3032046393812595,2.1170884840148445,2.179835983124305,5m,202242.5279619192
2024-11-10 23:50:00,Eyhjeq8EA8feDGp8FkBJv5iGr5YsgjYBnvmYkX6uDLPh,3.2236489962207484,3.6967620816840303,2.1582120641078055,2.2697590928901885,5m,154742.7574084821
2024-11-10 23:55:00,Eyhjeq8EA8feDGp8FkBJv5iGr5YsgjYBnvmYkX6uDLPh,2.6087177637418417,3.265801956757021,2.5012165811663074,3.2236489962207484,5m,88924.55394590505
2024-11-11 00:00:00,Eyhjeq8EA8feDGp8FkBJv5iGr5YsgjYBnvmYkX6uDLPh,2.7198392643570477,3.4975915013174395,2.4988277213909393,2.6087177637418417,5m,123901.09557150409
2024-11-11 00:05:00,Eyhjeq8EA8feDGp8FkBJv5iGr5YsgjYBnvmYkX6uDLPh,2.9123371076326254,3.2566023844688137,1.9998747125906933,2.7198392643570477,5m,132703.65469754403
2024-11-11 00:10:00,Eyhjeq8EA8feDGp8FkBJv5iGr5YsgjYBnvmYkX6uDLPh,3.0130805504021048,3.0176410715938853,2.692914915234432,2.9123371076326254,5m,101985.21303587695
2024-11-11 00:15:00,Eyhjeq8EA8feDGp8FkBJv5iGr5YsgjYBnvmYkX6uDLPh,5.107738163870601,5.2902262145242345,2.89105580137155,3.0130805504021048,5m,98229.15499750398
2024-11-11 00:20:00,Eyhjeq8EA8feDGp8FkBJv5iGr5YsgjYBnvmYkX6uDLPh,6.121691608209673,6.144542437462979,5.0954199043272235,5.107738163870601,5m,37376.831296822005
2024-11-11 00:25:00,Eyhjeq8EA8feDGp8FkBJv5iGr5YsgjYBnvmYkX6uDLPh,6.059760325083148,6.258745409278008,5.647977355691265,6.121691608209673,5m,39602.424857454
2024-11-11 00:30:00,Eyhjeq8EA8feDGp8FkBJv5iGr5YsgjYBnvmYkX6uDLPh,5.3867914556515615,6.065350594543528,5.328025879150794,6.059760325083148,5m,45868.31536472297
2024-11-11 00:35:00,Eyhjeq8EA8feDGp8FkBJv5iGr5YsgjYBnvmYkX6uDLPh,5.426938923661126,5.605841753375167,5.298418351953278,5.3867914556515615,5m,35837.265053474985
2024-11-11 00:40:00,Eyhjeq8EA8feDGp8FkBJv5iGr5YsgjYBnvmYkX6uDLPh,5.001831194013898,5.5277458330815055,4.921493749065991,5.426938923661126,5m,47940.87849743596
2024-11-11 00:45:00,Eyhjeq8EA8feDGp8FkBJv5iGr5YsgjYBnvmYkX6uDLPh,5.111391619325915,5.14441562053243,4.788982118531882,5.001831194013898,5m,37394.366582022994
2024-11-11 00:50:00,Eyhjeq8EA8feDGp8FkBJv5iGr5YsgjYBnvmYkX6uDLPh,4.9738352975239,5.207680425598202,4.738179494945733,5.111391619325915,5m,50645.34640964601
2024-11-11 00:55:00,Eyhjeq8EA8feDGp8FkBJv5iGr5YsgjYBnvmYkX6uDLPh,5.598653594055593,5.677669234001728,4.807208108628177,4.9738352975239,5m,50507.34656745196
2024-11-11 01:00:00,Eyhjeq8EA8feDGp8FkBJv5iGr5YsgjYBnvmYkX6uDLPh,5.795977066229686,5.850944528379485,5.554404728657217,5.598653594055593,5m,40426.11614522798
2024-11-11 01:05:00,Eyhjeq8EA8feDGp8FkBJv5iGr5YsgjYBnvmYkX6uDLPh,5.805835331242931,6.158178642081779,5.25354084401666,5.795977066229686,5m,55322.07723056597
2024-11-11 01:10:00,Eyhjeq8EA8feDGp8FkBJv5iGr5YsgjYBnvmYkX6uDLPh,6.240499593260389,6.305972902258171,5.567846833735734,5.805835331242931,5m,36819.29875454298
2024-11-11 01:15:00,Eyhjeq8EA8feDGp8FkBJv5iGr5YsgjYBnvmYkX6uDLPh,6.21518214021793,6.604063624183136,5.93086257785991,6.240499593260389,5m,42331.39116584202
2024-11-11 01:20:00,Eyhjeq8EA8feDGp8FkBJv5iGr5YsgjYBnvmYkX6uDLPh,5.751100506126245,6.815448942646384,5.700672946337233,6.21518214021793,5m,40086.889046838965
2024-11-11 01:25:00,Eyhjeq8EA8feDGp8FkBJv5iGr5YsgjYBnvmYkX6uDLPh,5.8452360155594265,6.274223735406548,5.68822127508246,5.751100506126245,5m,19376.645639100996
2024-11-11 01:30:00,Eyhjeq8EA8feDGp8FkBJv5iGr5YsgjYBnvmYkX6uDLPh,5.855338144690455,5.93960462645169,5.6406466682859335,5.8452360155594265,5m,32763.55078840801
2024-11-11 01:35:00,Eyhjeq8EA8feDGp8FkBJv5iGr5YsgjYBnvmYkX6uDLPh,5.572798013709963,5.938944439978275,5.524692532406609,5.855338144690455,5m,41494.367735687
2024-11-11 01:40:00,Eyhjeq8EA8feDGp8FkBJv5iGr5YsgjYBnvmYkX6uDLPh,5.446302723240456,5.757831071567531,5.391343978063342,5.572798013709963,5m,47115.12180178499
2024-11-11 01:45:00,Eyhjeq8EA8feDGp8FkBJv5iGr5YsgjYBnvmYkX6uDLPh,6.129440077355433,6.404042661129729,5.42256126498797,5.446302723240456,5m,58528.91556958903
2024-11-11 01:50:00,Eyhjeq8EA8feDGp8FkBJv5iGr5YsgjYBnvmYkX6uDLPh,4.981005643144175,6.178724419987046,4.718880954706588,6.129440077355433,5m,69600.99754565001
2024-11-11 01:55:00,Eyhjeq8EA8feDGp8FkBJv5iGr5YsgjYBnvmYkX6uDLPh,3.5362864941442242,4.981005643144175,3.4497196451855916,4.981005643144175,5m,114298.83504921198
2024-11-11 02:00:00,Eyhjeq8EA8feDGp8FkBJv5iGr5YsgjYBnvmYkX6uDLPh,3.5396035361061484,3.6449746266137333,2.940996212709744,3.5362864941442242,5m,102488.26144390395
2024-11-11 02:05:00,Eyhjeq8EA8feDGp8FkBJv5iGr5YsgjYBnvmYkX6uDLPh,3.1998670781081056,3.6200409305599024,3.1998670781081056,3.5396035361061484,5m,105541.45292828903
2024-11-11 02:10:00,Eyhjeq8EA8feDGp8FkBJv5iGr5YsgjYBnvmYkX6uDLPh,4.62451199989845,4.810286284717928,3.1710270198205763,3.1998670781081056,5m,111039.55485159598
2024-11-11 02:15:00,Eyhjeq8EA8feDGp8FkBJv5iGr5YsgjYBnvmYkX6uDLPh,5.617361249562382,5.98083898758851,4.418305005625134,4.62451199989845,5m,79263.66516679092
2024-11-11 02:20:00,Eyhjeq8EA8feDGp8FkBJv5iGr5YsgjYBnvmYkX6uDLPh,6.427698981801842,6.427698981801842,5.578870247342534,5.617361249562382,5m,51894.15761033103
2024-11-11 02:25:00,Eyhjeq8EA8feDGp8FkBJv5iGr5YsgjYBnvmYkX6uDLPh,6.3640452766252205,6.603598935624372,5.922161040918351,6.427698981801842,5m,49822.183657286994
2024-11-11 02:30:00,Eyhjeq8EA8feDGp8FkBJv5iGr5YsgjYBnvmYkX6uDLPh,6.214236863058333,6.882565203082715,5.64438394424984,6.3640452766252205,5m,56126.030416514004
2024-11-11 02:35:00,Eyhjeq8EA8feDGp8FkBJv5iGr5YsgjYBnvmYkX6uDLPh,7.725036307240127,7.725036307240127,6.183564829141017,6.214236863058333,5m,45672.32834221301
2024-11-11 02:40:00,Eyhjeq8EA8feDGp8FkBJv5iGr5YsgjYBnvmYkX6uDLPh,6.913023214575033,7.931352441292643,6.838633535785193,7.725036307240127,5m,52587.87153723403
2024-11-11 02:45:00,Eyhjeq8EA8feDGp8FkBJv5iGr5YsgjYBnvmYkX6uDLPh,6.119914820432539,7.433642026685126,5.959004925045653,6.913023214575033,5m,51575.932114521005
2024-11-11 02:50:00,Eyhjeq8EA8feDGp8FkBJv5iGr5YsgjYBnvmYkX6uDLPh,6.412563003839062,6.670800931052034,5.192200353829461,6.119914820432539,5m,63185.024834665
2024-11-11 02:55:00,Eyhjeq8EA8feDGp8FkBJv5iGr5YsgjYBnvmYkX6uDLPh,6.723191169670006,6.878774924509872,6.259413747612386,6.412563003839062,5m,48953.504220140014
2024-11-11 03:00:00,Eyhjeq8EA8feDGp8FkBJv5iGr5YsgjYBnvmYkX6uDLPh,7.433800787679107,7.532551296620053,6.711345103005418,6.723191169670006,5m,46780.475763737
2024-11-11 03:05:00,Eyhjeq8EA8feDGp8FkBJv5iGr5YsgjYBnvmYkX6uDLPh,6.93036700037935,7.93751979942099,6.802689888538515,7.433800787679107,5m,57758.83666662804
2024-11-11 03:10:00,Eyhjeq8EA8feDGp8FkBJv5iGr5YsgjYBnvmYkX6uDLPh,7.197097205274164,7.23804671231806,6.575775223149242,6.93036700037935,5m,44116.016375141015
2024-11-11 03:15:00,Eyhjeq8EA8feDGp8FkBJv5iGr5YsgjYBnvmYkX6uDLPh,7.352655057677658,7.764785098598937,5.837898920401221,7.197097205274164,5m,64283.97197222202
2024-11-11 03:20:00,Eyhjeq8EA8feDGp8FkBJv5iGr5YsgjYBnvmYkX6uDLPh,6.819113838365099,7.678802510107643,6.424958627192401,7.352655057677658,5m,53036.15710095201
2024-11-11 03:25:00,Eyhjeq8EA8feDGp8FkBJv5iGr5YsgjYBnvmYkX6uDLPh,7.114822590713408,7.150968450396033,6.591670212909556,6.819113838365099,5m,43680.300623328985
2024-11-11 03:30:00,Eyhjeq8EA8feDGp8FkBJv5iGr5YsgjYBnvmYkX6uDLPh,6.642856806903326,7.410113129510782,6.4845849506618105,7.114822590713408,5m,65322.339253152044
2024-11-11 03:35:00,Eyhjeq8EA8feDGp8FkBJv5iGr5YsgjYBnvmYkX6uDLPh,7.095545314014332,7.45322206999134,6.622867010813732,6.642856806903326,5m,51698.33489083501
2024-11-11 03:40:00,Eyhjeq8EA8feDGp8FkBJv5iGr5YsgjYBnvmYkX6uDLPh,7.189136619245402,7.449075667376214,6.953465532085664,7.095545314014332,5m,42331.07272689699
2024-11-11 03:45:00,Eyhjeq8EA8feDGp8FkBJv5iGr5YsgjYBnvmYkX6uDLPh,7.530177892915245,7.875678755834467,7.054252433235682,7.189136619245402,5m,46694.24384652406
2024-11-11 03:50:00,Eyhjeq8EA8feDGp8FkBJv5iGr5YsgjYBnvmYkX6uDLPh,6.014360873493929,8.055692710222262,5.859888806681325,7.530177892915245,5m,65998.360288515
2024-11-11 03:55:00,Eyhjeq8EA8feDGp8FkBJv5iGr5YsgjYBnvmYkX6uDLPh,6.706362978857215,6.765648581724389,6.005392405099632,6.014360873493929,5m,62103.75074002201
2024-11-11 04:00:00,Eyhjeq8EA8feDGp8FkBJv5iGr5YsgjYBnvmYkX6uDLPh,6.792062279586288,7.283343284833866,6.647583560011225,6.706362978857215,5m,46276.18544408
2024-11-11 04:05:00,Eyhjeq8EA8feDGp8FkBJv5iGr5YsgjYBnvmYkX6uDLPh,6.185196318345571,7.135096135939613,5.922562226627416,6.792062279586288,5m,52631.55163900801
2024-11-11 04:10:00,Eyhjeq8EA8feDGp8FkBJv5iGr5YsgjYBnvmYkX6uDLPh,5.068902003318576,6.341622658243966,4.881226548800533,6.185196318345571,5m,65405.639003640994
2024-11-11 04:15:00,Eyhjeq8EA8feDGp8FkBJv5iGr5YsgjYBnvmYkX6uDLPh,5.468860254911607,5.573943663751441,5.061535132178991,5.068902003318576,5m,58256.665698123965
2024-11-11 04:20:00,Eyhjeq8EA8feDGp8FkBJv5iGr5YsgjYBnvmYkX6uDLPh,5.028090604950434,5.847510610224526,4.845983370582069,5.468860254911607,5m,59170.356734372974
2024-11-11 04:25:00,Eyhjeq8EA8feDGp8FkBJv5iGr5YsgjYBnvmYkX6uDLPh,4.853827229614189,5.2140290029983,4.059957669515227,5.028090604950434,5m,66952.24125863098
2024-11-11 04:30:00,Eyhjeq8EA8feDGp8FkBJv5iGr5YsgjYBnvmYkX6uDLPh,4.093915928368208,4.853827229614189,4.060205566748862,4.853827229614189,5m,83653.723766377
2024-11-11 04:35:00,Eyhjeq8EA8feDGp8FkBJv5iGr5YsgjYBnvmYkX6uDLPh,3.5982794699938174,4.5165223027978705,3.305371852369335,4.093915928368208,5m,101764.22254340597
2024-11-11 04:40:00,Eyhjeq8EA8feDGp8FkBJv5iGr5YsgjYBnvmYkX6uDLPh,3.308099278517001,3.84531878071537,3.148894536191865,3.5982794699938174,5m,91033.152156226
2024-11-11 04:45:00,Eyhjeq8EA8feDGp8FkBJv5iGr5YsgjYBnvmYkX6uDLPh,3.6762268075964815,3.8616039427028404,3.0643938269666386,3.308099278517001,5m,86885.050681417
2024-11-11 04:50:00,Eyhjeq8EA8feDGp8FkBJv5iGr5YsgjYBnvmYkX6uDLPh,4.15814303188156,4.263695070696729,3.6347701106074353,3.6762268075964815,5m,79706.29501770201
2024-11-11 04:55:00,Eyhjeq8EA8feDGp8FkBJv5iGr5YsgjYBnvmYkX6uDLPh,5.083570403849522,5.201546474412629,3.791781167015822,4.15814303188156,5m,94516.67159784
2024-11-11 05:00:00,Eyhjeq8EA8feDGp8FkBJv5iGr5YsgjYBnvmYkX6uDLPh,5.2629408331776,5.435388301592748,4.567696711288084,5.083570403849522,5m,81147.01475689902
2024-11-11 05:05:00,Eyhjeq8EA8feDGp8FkBJv5iGr5YsgjYBnvmYkX6uDLPh,5.188813866149502,6.32111993729429,5.123632706478859,5.2629408331776,5m,75515.42783489206
2024-11-11 05:10:00,Eyhjeq8EA8feDGp8FkBJv5iGr5YsgjYBnvmYkX6uDLPh,5.149028132214759,5.730939631799046,4.9593284132146,5.188813866149502,5m,59124.111971421
2024-11-11 05:15:00,Eyhjeq8EA8feDGp8FkBJv5iGr5YsgjYBnvmYkX6uDLPh,4.435510234644061,5.452864687367075,4.247142627997182,5.149028132214759,5m,84600.79370129007
2024-11-11 05:20:00,Eyhjeq8EA8feDGp8FkBJv5iGr5YsgjYBnvmYkX6uDLPh,4.809847894258457,5.1238338114227435,4.334165052754287,4.435510234644061,5m,89909.96192928801
2024-11-11 05:25:00,Eyhjeq8EA8feDGp8FkBJv5iGr5YsgjYBnvmYkX6uDLPh,4.559753963007167,5.007068097600966,4.465014637345497,4.809847894258457,5m,67342.57618422396
2024-11-11 05:30:00,Eyhjeq8EA8feDGp8FkBJv5iGr5YsgjYBnvmYkX6uDLPh,4.285742678604224,4.638500826518706,4.025586092124654,4.559753963007167,5m,73064.65659865098
2024-11-11 05:35:00,Eyhjeq8EA8feDGp8FkBJv5iGr5YsgjYBnvmYkX6uDLPh,5.112005526279076,5.112005526279076,4.246670385817531,4.285742678604224,5m,59772.872323055984
2024-11-11 05:40:00,Eyhjeq8EA8feDGp8FkBJv5iGr5YsgjYBnvmYkX6uDLPh,5.15629904951776,5.1714687786072355,4.988682552036011,5.112005526279076,5m,9160.315778818001
2024-11-11 05:45:00,Eyhjeq8EA8feDGp8FkBJv5iGr5YsgjYBnvmYkX6uDLPh,5.15629904951776,5.15629904951776,5.15629904951776,5.15629904951776,5m,0.0
2024-11-11 05:50:00,Eyhjeq8EA8feDGp8FkBJv5iGr5YsgjYBnvmYkX6uDLPh,5.174683551246578,5.174683551246578,5.15629904951776,5.15629904951776,5m,0.395776393
2024-11-11 05:55:00,Eyhjeq8EA8feDGp8FkBJv5iGr5YsgjYBnvmYkX6uDLPh,5.177081695238047,5.177081695238047,5.1578760621756095,5.174683551246578,5m,1.387246823
2024-11-11 06:00:00,Eyhjeq8EA8feDGp8FkBJv5iGr5YsgjYBnvmYkX6uDLPh,5.177081695238047,5.177081695238047,5.177081695238047,5.177081695238047,5m,0.0
2024-11-11 06:05:00,Eyhjeq8EA8feDGp8FkBJv5iGr5YsgjYBnvmYkX6uDLPh,5.16863652847073,5.19063642945169,5.16863652847073,5.177081695238047,5m,275.618877994
2024-11-11 06:10:00,Eyhjeq8EA8feDGp8FkBJv5iGr5YsgjYBnvmYkX6uDLPh,5.155712359571764,5.16863652847073,5.155712359571764,5.16863652847073,5m,34.16561111
2024-11-11 06:15:00,Eyhjeq8EA8feDGp8FkBJv5iGr5YsgjYBnvmYkX6uDLPh,5.16521864074229,5.342266660140439,4.836217989555831,5.155712359571764,5m,17975.741863736
2024-11-11 06:20:00,Eyhjeq8EA8feDGp8FkBJv5iGr5YsgjYBnvmYkX6uDLPh,5.19174386091398,5.203412057477246,5.125630430507949,5.16521864074229,5m,1446.291678378
2024-11-11 06:25:00,Eyhjeq8EA8feDGp8FkBJv5iGr5YsgjYBnvmYkX6uDLPh,5.177047272897369,5.2267029955955,5.177047272897369,5.19174386091398,5m,677.67639154
2024-11-11 06:30:00,Eyhjeq8EA8feDGp8FkBJv5iGr5YsgjYBnvmYkX6uDLPh,4.767595328731594,5.177047272897369,4.767595328731594,5.177047272897369,5m,4445.109698554
2024-11-11 06:35:00,Eyhjeq8EA8feDGp8FkBJv5iGr5YsgjYBnvmYkX6uDLPh,4.698528626870553,4.802553848274065,4.6191372002466125,4.767595328731594,5m,7803.573947222999
2024-11-11 06:40:00,Eyhjeq8EA8feDGp8FkBJv5iGr5YsgjYBnvmYkX6uDLPh,4.211698191793163,5.170828086635769,4.060509321206316,4.698528626870553,5m,104297.36400090907
2024-11-11 06:45:00,Eyhjeq8EA8feDGp8FkBJv5iGr5YsgjYBnvmYkX6uDLPh,3.6218071362962276,4.33920387435428,3.580315999780565,4.211698191793163,5m,89535.500967504
2024-11-11 06:50:00,Eyhjeq8EA8feDGp8FkBJv5iGr5YsgjYBnvmYkX6uDLPh,4.2021956758031696,4.296314669450344,3.6218071362962276,3.6218071362962276,5m,80170.73327656499
2024-11-11 06:55:00,Eyhjeq8EA8feDGp8FkBJv5iGr5YsgjYBnvmYkX6uDLPh,4.304390976065778,4.447093861517158,4.032295642848398,4.2021956758031696,5m,71279.17329610891
2024-11-11 07:00:00,Eyhjeq8EA8feDGp8FkBJv5iGr5YsgjYBnvmYkX6uDLPh,3.718970732206331,4.749909177096476,3.6783616619530863,4.304390976065778,5m,86816.32650415089
2024-11-11 07:05:00,Eyhjeq8EA8feDGp8FkBJv5iGr5YsgjYBnvmYkX6uDLPh,3.873246837842031,4.000702976449577,3.630315223189296,3.718970732206331,5m,64614.54514861896
2024-11-11 07:10:00,Eyhjeq8EA8feDGp8FkBJv5iGr5YsgjYBnvmYkX6uDLPh,3.532702415509431,3.9543918323018903,3.3214718767491087,3.873246837842031,5m,88786.82105684403
2024-11-11 07:15:00,Eyhjeq8EA8feDGp8FkBJv5iGr5YsgjYBnvmYkX6uDLPh,3.3929691374004434,3.5862742797420104,3.2065095510868704,3.532702415509431,5m,82313.71232295701
2024-11-11 07:20:00,Eyhjeq8EA8feDGp8FkBJv5iGr5YsgjYBnvmYkX6uDLPh,3.0442240224382164,3.4452392601532535,2.7101922915335956,3.3929691374004434,5m,89302.34944309994
2024-11-11 07:25:00,Eyhjeq8EA8feDGp8FkBJv5iGr5YsgjYBnvmYkX6uDLPh,3.2924435737567865,3.3138131752050324,2.914689540916304,3.0442240224382164,5m,75424.04705476598
2024-11-11 07:30:00,Eyhjeq8EA8feDGp8FkBJv5iGr5YsgjYBnvmYkX6uDLPh,2.919962741379287,3.3262686303223217,2.919962741379287,3.2924435737567865,5m,82445.67043110401
2024-11-11 07:35:00,Eyhjeq8EA8feDGp8FkBJv5iGr5YsgjYBnvmYkX6uDLPh,3.1107034578148194,3.169214351479348,2.8523922799715216,2.919962741379287,5m,75621.49766251694
2024-11-11 07:40:00,Eyhjeq8EA8feDGp8FkBJv5iGr5YsgjYBnvmYkX6uDLPh,2.894105866915585,3.1534762291609164,2.518741708397539,3.1107034578148194,5m,85297.67105996604
2024-11-11 07:45:00,Eyhjeq8EA8feDGp8FkBJv5iGr5YsgjYBnvmYkX6uDLPh,2.392137634808221,2.894105866915585,2.1409751250003395,2.894105866915585,5m,102023.83621407897
2024-11-11 07:50:00,Eyhjeq8EA8feDGp8FkBJv5iGr5YsgjYBnvmYkX6uDLPh,2.2592515310605856,2.4979544995021414,2.242563406624628,2.392137634808221,5m,96342.25522860506
2024-11-11 07:55:00,Eyhjeq8EA8feDGp8FkBJv5iGr5YsgjYBnvmYkX6uDLPh,2.2316316689609197,2.4448009564006266,2.213590127176887,2.2592515310605856,5m,93768.31932950206
2024-11-11 08:00:00,Eyhjeq8EA8feDGp8FkBJv5iGr5YsgjYBnvmYkX6uDLPh,2.1500477250427044,2.4327054360134475,2.1073904505678698,2.2316316689609197,5m,94216.82966255501
2024-11-11 08:05:00,Eyhjeq8EA8feDGp8FkBJv5iGr5YsgjYBnvmYkX6uDLPh,1.9988767898199724,2.165514751082908,1.8889929453988874,2.1500477250427044,5m,100966.20174249499
2024-11-11 08:10:00,Eyhjeq8EA8feDGp8FkBJv5iGr5YsgjYBnvmYkX6uDLPh,1.9405321903540143,2.1917082973000115,1.861620292757389,1.9988767898199724,5m,132063.37687247098
2024-11-11 08:15:00,Eyhjeq8EA8feDGp8FkBJv5iGr5YsgjYBnvmYkX6uDLPh,1.6262441159372745,2.0602336214856733,1.583600809015765,1.9405321903540143,5m,115456.82604492792
2024-11-11 08:20:00,Eyhjeq8EA8feDGp8FkBJv5iGr5YsgjYBnvmYkX6uDLPh,1.8974241462551271,2.0191875174713156,1.6063261148343344,1.6262441159372745,5m,156514.60193498898
2024-11-11 08:25:00,Eyhjeq8EA8feDGp8FkBJv5iGr5YsgjYBnvmYkX6uDLPh,1.946412597644699,1.9574415258324778,1.8107850676113744,1.8974241462551271,5m,106029.27810675207
2024-11-11 08:30:00,Eyhjeq8EA8feDGp8FkBJv5iGr5YsgjYBnvmYkX6uDLPh,1.8554560135185318,1.989249472738528,1.7634862509541958,1.946412597644699,5m,140420.89832758112
2024-11-11 08:35:00,Eyhjeq8EA8feDGp8FkBJv5iGr5YsgjYBnvmYkX6uDLPh,1.5071821285958338,1.9579421616587853,1.4761103826882007,1.8554560135185318,5m,143310.26467997796
2024-11-11 08:40:00,Eyhjeq8EA8feDGp8FkBJv5iGr5YsgjYBnvmYkX6uDLPh,1.5525144922632326,1.6247352343894812,1.4627485173908032,1.5071821285958338,5m,124777.66715253594
2024-11-11 08:45:00,Eyhjeq8EA8feDGp8FkBJv5iGr5YsgjYBnvmYkX6uDLPh,1.5459094915581773,1.56996550219635,1.3964914348206658,1.5525144922632326,5m,140939.25410688494
2024-11-11 08:50:00,Eyhjeq8EA8feDGp8FkBJv5iGr5YsgjYBnvmYkX6uDLPh,1.5201954583169908,1.6511397746715872,1.4817289117884593,1.5459094915581773,5m,110440.28796209804
2024-11-11 08:55:00,Eyhjeq8EA8feDGp8FkBJv5iGr5YsgjYBnvmYkX6uDLPh,1.5195713697580828,1.5922198919404749,1.4359057374903899,1.5201954583169908,5m,135723.52613726896
2024-11-11 09:00:00,Eyhjeq8EA8feDGp8FkBJv5iGr5YsgjYBnvmYkX6uDLPh,1.5783798213373823,1.5916398193429553,1.4470063487255134,1.5195713697580828,5m,113067.11562989802
2024-11-11 09:05:00,Eyhjeq8EA8feDGp8FkBJv5iGr5YsgjYBnvmYkX6uDLPh,1.3769019117742247,1.7581216850833221,1.3769019117742247,1.5783798213373823,5m,149573.42767874213
2024-11-11 09:10:00,Eyhjeq8EA8feDGp8FkBJv5iGr5YsgjYBnvmYkX6uDLPh,1.0295146643035626,1.4122917298747146,0.947405520398361,1.3769019117742247,5m,195830.79646587602
2024-11-11 09:15:00,Eyhjeq8EA8feDGp8FkBJv5iGr5YsgjYBnvmYkX6uDLPh,1.0306608126966783,1.0390278291672066,0.9124179503830702,1.0295146643035626,5m,177112.350773561
2024-11-11 09:20:00,Eyhjeq8EA8feDGp8FkBJv5iGr5YsgjYBnvmYkX6uDLPh,0.9145225633763229,1.1336745393116496,0.8633586007645835,1.0306608126966783,5m,221214.49271722592
2024-11-11 09:25:00,Eyhjeq8EA8feDGp8FkBJv5iGr5YsgjYBnvmYkX6uDLPh,0.9775986554499518,0.9868748995143395,0.855460978208659,0.9145225633763229,5m,222132.76140899718
2024-11-11 09:30:00,Eyhjeq8EA8feDGp8FkBJv5iGr5YsgjYBnvmYkX6uDLPh,1.0063599251410285,1.024000565710471,0.9342335084390738,0.9775986554499518,5m,156225.04995814903
2024-11-11 09:35:00,Eyhjeq8EA8feDGp8FkBJv5iGr5YsgjYBnvmYkX6uDLPh,0.9735502780736349,1.0145017258522147,0.9666406067437598,1.0063599251410285,5m,140948.89671467597
2024-11-11 09:40:00,Eyhjeq8EA8feDGp8FkBJv5iGr5YsgjYBnvmYkX6uDLPh,1.102018793635085,1.102018793635085,0.94369303402973,0.9735502780736349,5m,142295.08368782807
2024-11-11 09:45:00,Eyhjeq8EA8feDGp8FkBJv5iGr5YsgjYBnvmYkX6uDLPh,0.9743437586059531,1.139944592953198,0.9660458862513713,1.102018793635085,5m,127456.19776341302
2024-11-11 09:50:00,Eyhjeq8EA8feDGp8FkBJv5iGr5YsgjYBnvmYkX6uDLPh,1.0015400827017862,1.0196913108113748,0.9647082656050608,0.9743437586059531,5m,99745.165261132
2024-11-11 09:55:00,Eyhjeq8EA8feDGp8FkBJv5iGr5YsgjYBnvmYkX6uDLPh,0.987691786507538,1.0809301462764096,0.9577442070402831,1.0015400827017862,5m,152801.42207632193
2024-11-11 10:00:00,Eyhjeq8EA8feDGp8FkBJv5iGr5YsgjYBnvmYkX6uDLPh,1.0005372818536105,1.021758337675901,0.9447249928208737,0.987691786507538,5m,112640.39875659604
2024-11-11 10:05:00,Eyhjeq8EA8feDGp8FkBJv5iGr5YsgjYBnvmYkX6uDLPh,0.9873033347830724,1.0052076718332983,0.9453886322415797,1.0005372818536105,5m,139694.54537440403
2024-11-11 10:10:00,Eyhjeq8EA8feDGp8FkBJv5iGr5YsgjYBnvmYkX6uDLPh,1.0441656364640035,1.0517486862298395,0.9788828086524152,0.9873033347830724,5m,134839.77515760707
2024-11-11 10:15:00,Eyhjeq8EA8feDGp8FkBJv5iGr5YsgjYBnvmYkX6uDLPh,1.0266993509822009,1.0780354948122923,1.003024947034933,1.0441656364640035,5m,84759.05823674098
2024-11-11 10:20:00,Eyhjeq8EA8feDGp8FkBJv5iGr5YsgjYBnvmYkX6uDLPh,1.0780437782994992,1.1309519958656706,0.9949643269474882,1.0266993509822009,5m,119376.01349273414
2024-11-11 10:25:00,Eyhjeq8EA8feDGp8FkBJv5iGr5YsgjYBnvmYkX6uDLPh,1.066756349274702,1.147722890052711,1.0449847872970692,1.0780437782994992,5m,124015.01844771804
2024-11-11 10:30:00,Eyhjeq8EA8feDGp8FkBJv5iGr5YsgjYBnvmYkX6uDLPh,0.9691407703432164,1.113833893414866,0.9686655152308559,1.066756349274702,5m,100084.56014036213
2024-11-11 10:35:00,Eyhjeq8EA8feDGp8FkBJv5iGr5YsgjYBnvmYkX6uDLPh,1.0536929042818373,1.0698075694346763,0.960810126579364,0.9691407703432164,5m,147268.54273219706
2024-11-11 10:40:00,Eyhjeq8EA8feDGp8FkBJv5iGr5YsgjYBnvmYkX6uDLPh,1.0323797441824727,1.0536929042818373,0.9966144786099128,1.0536929042818373,5m,106071.537063707
2024-11-11 10:45:00,Eyhjeq8EA8feDGp8FkBJv5iGr5YsgjYBnvmYkX6uDLPh,0.9708896428446171,1.0385528094383802,0.9362519750310372,1.0323797441824727,5m,140901.39982861487
2024-11-11 10:50:00,Eyhjeq8EA8feDGp8FkBJv5iGr5YsgjYBnvmYkX6uDLPh,1.055557624516244,1.1621020637066972,0.9485735018611415,0.9708896428446171,5m,185921.78068225985
2024-11-11 10:55:00,Eyhjeq8EA8feDGp8FkBJv5iGr5YsgjYBnvmYkX6uDLPh,1.088528121820987,1.1568584991445616,1.004650604953749,1.055557624516244,5m,169281.0816719549
2024-11-11 11:00:00,Eyhjeq8EA8feDGp8FkBJv5iGr5YsgjYBnvmYkX6uDLPh,0.631170399454617,1.1193631196385065,0.5759098563104688,1.088528121820987,5m,294218.3137744631
2024-11-11 11:05:00,Eyhjeq8EA8feDGp8FkBJv5iGr5YsgjYBnvmYkX6uDLPh,0.4585459185403541,0.631170399454617,0.41357815666019554,0.631170399454617,5m,336530.88654864696
2024-11-11 11:10:00,Eyhjeq8EA8feDGp8FkBJv5iGr5YsgjYBnvmYkX6uDLPh,0.49473389440514204,0.5246931976314417,0.4556879293430943,0.4585459185403541,5m,379767.795966964
2024-11-11 11:15:00,Eyhjeq8EA8feDGp8FkBJv5iGr5YsgjYBnvmYkX6uDLPh,0.5375346289439868,0.5375346289439868,0.460313162121787,0.49473389440514204,5m,311900.97531572205
2024-11-11 11:20:00,Eyhjeq8EA8feDGp8FkBJv5iGr5YsgjYBnvmYkX6uDLPh,0.5710357257021973,0.5938395630615805,0.5375346289439868,0.5375346289439868,5m,174737.25286126084
2024-11-11 11:25:00,Eyhjeq8EA8feDGp8FkBJv5iGr5YsgjYBnvmYkX6uDLPh,0.5469612996420914,0.5802873128239803,0.5206894733964137,0.5710357257021973,5m,180199.41549993487
2024-11-11 11:30:00,Eyhjeq8EA8feDGp8FkBJv5iGr5YsgjYBnvmYkX6uDLPh,0.5301436720589143,0.5572926503463833,0.526504848857857,0.5469612996420914,5m,197253.76013038476
2024-11-11 11:35:00,Eyhjeq8EA8feDGp8FkBJv5iGr5YsgjYBnvmYkX6uDLPh,0.497183269591221,0.5469462072290654,0.4739440062745735,0.5301436720589143,5m,199190.49967075407
2024-11-11 11:40:00,Eyhjeq8EA8feDGp8FkBJv5iGr5YsgjYBnvmYkX6uDLPh,0.47755094957199423,0.517319023101075,0.4742664423894739,0.497183269591221,5m,215211.2444536118
2024-11-11 11:45:00,Eyhjeq8EA8feDGp8FkBJv5iGr5YsgjYBnvmYkX6uDLPh,0.4950056294865387,0.5110193700704252,0.4625622777280693,0.47755094957199423,5m,219864.5442887631
2024-11-11 11:50:00,Eyhjeq8EA8feDGp8FkBJv5iGr5YsgjYBnvmYkX6uDLPh,0.5074824334872376,0.5227348208635749,0.49020152255016936,0.4950056294865387,5m,188048.150067107
2024-11-11 11:55:00,Eyhjeq8EA8feDGp8FkBJv5iGr5YsgjYBnvmYkX6uDLPh,0.49283329427403727,0.5351824449812109,0.4639288557251076,0.5074824334872376,5m,247589.23462681498
2024-11-11 12:00:00,Eyhjeq8EA8feDGp8FkBJv5iGr5YsgjYBnvmYkX6uDLPh,0.5196213316797215,0.5367115558214249,0.49220857300420373,0.49283329427403727,5m,200175.85988555496
2024-11-11 12:05:00,Eyhjeq8EA8feDGp8FkBJv5iGr5YsgjYBnvmYkX6uDLPh,0.5257066306703115,0.5548253770104876,0.5002231080147962,0.5196213316797215,5m,210583.65703224504
2024-11-11 12:10:00,Eyhjeq8EA8feDGp8FkBJv5iGr5YsgjYBnvmYkX6uDLPh,0.4748384967857872,0.5526960670639209,0.4520420269478625,0.5257066306703115,5m,198710.0740144079
2024-11-11 12:15:00,Eyhjeq8EA8feDGp8FkBJv5iGr5YsgjYBnvmYkX6uDLPh,0.5103780847737661,0.5323375772359925,0.4736011606908047,0.4748384967857872,5m,171142.27747018586
2024-11-11 12:20:00,Eyhjeq8EA8feDGp8FkBJv5iGr5YsgjYBnvmYkX6uDLPh,0.5207306767865836,0.5286196407063569,0.4978818605051993,0.5103780847737661,5m,122574.803808238
2024-11-11 12:25:00,Eyhjeq8EA8feDGp8FkBJv5iGr5YsgjYBnvmYkX6uDLPh,0.48839732975989536,0.5240404777548652,0.46683545341673893,0.5207306767865836,5m,183764.87080993303
2024-11-11 12:30:00,Eyhjeq8EA8feDGp8FkBJv5iGr5YsgjYBnvmYkX6uDLPh,0.5119761114450094,0.5123810926689178,0.48168077734639203,0.48839732975989536,5m,188481.14608312407
2024-11-11 12:35:00,Eyhjeq8EA8feDGp8FkBJv5iGr5YsgjYBnvmYkX6uDLPh,0.5378443833393786,0.5721878009593915,0.4950556870312395,0.5119761114450094,5m,219189.0185419892
2024-11-11 12:40:00,Eyhjeq8EA8feDGp8FkBJv5iGr5YsgjYBnvmYkX6uDLPh,0.348452716818685,0.5449035779832778,0.33808044206039567,0.5378443833393786,5m,339673.25712117506
2024-11-11 12:45:00,Eyhjeq8EA8feDGp8FkBJv5iGr5YsgjYBnvmYkX6uDLPh,0.2569947003008719,0.348452716818685,0.24162575353928656,0.348452716818685,5m,410724.61967018526
2024-11-11 12:50:00,Eyhjeq8EA8feDGp8FkBJv5iGr5YsgjYBnvmYkX6uDLPh,0.29067293295511576,0.3160169357874876,0.2509133546272518,0.2569947003008719,5m,418427.128660842
2024-11-11 12:55:00,Eyhjeq8EA8feDGp8FkBJv5iGr5YsgjYBnvmYkX6uDLPh,0.3270856729191502,0.3330634074570445,0.2764550572235706,0.29067293295511576,5m,500456.5172221212
2024-11-11 13:00:00,Eyhjeq8EA8feDGp8FkBJv5iGr5YsgjYBnvmYkX6uDLPh,0.36686473539017184,0.36686473539017184,0.3192276692779175,0.3270856729191502,5m,414448.84769768507
2024-11-11 13:05:00,Eyhjeq8EA8feDGp8FkBJv5iGr5YsgjYBnvmYkX6uDLPh,0.39438282236741123,0.39795044522256534,0.3463896168467724,0.36686473539017184,5m,303650.0824650471
2024-11-11 13:10:00,Eyhjeq8EA8feDGp8FkBJv5iGr5YsgjYBnvmYkX6uDLPh,0.39235983536514013,0.43026601104540774,0.3871048239425034,0.39438282236741123,5m,312668.9572877868
2024-11-11 13:15:00,Eyhjeq8EA8feDGp8FkBJv5iGr5YsgjYBnvmYkX6uDLPh,0.36490636046688657,0.4404359247445695,0.349480576700124,0.39235983536514013,5m,285720.3771736767
2024-11-11 13:20:00,Eyhjeq8EA8feDGp8FkBJv5iGr5YsgjYBnvmYkX6uDLPh,0.4665193472925435,0.4665193472925435,0.36490636046688657,0.36490636046688657,5m,253904.20094789803
2024-11-11 13:25:00,Eyhjeq8EA8feDGp8FkBJv5iGr5YsgjYBnvmYkX6uDLPh,0.45010260401694335,0.4698853862190009,0.4377048123681349,0.4665193472925435,5m,276113.63039603195
2024-11-11 13:30:00,Eyhjeq8EA8feDGp8FkBJv5iGr5YsgjYBnvmYkX6uDLPh,0.38251235339146306,0.4698828646969917,0.38251235339146306,0.45010260401694335,5m,279742.661420055
2024-11-11 13:35:00,Eyhjeq8EA8feDGp8FkBJv5iGr5YsgjYBnvmYkX6uDLPh,0.2683179078335181,0.3966296706277342,0.2683179078335181,0.38251235339146306,5m,395258.0214901453
2024-11-11 13:40:00,Eyhjeq8EA8feDGp8FkBJv5iGr5YsgjYBnvmYkX6uDLPh,0.26068377247725594,0.2683179078335181,0.23079817204917902,0.2683179078335181,5m,384135.4329644029
2024-11-11 13:45:00,Eyhjeq8EA8feDGp8FkBJv5iGr5YsgjYBnvmYkX6uDLPh,0.26587593031476964,0.2699813009646337,0.2381684337046901,0.26068377247725594,5m,296232.1410072528
2024-11-11 13:50:00,Eyhjeq8EA8feDGp8FkBJv5iGr5YsgjYBnvmYkX6uDLPh,0.25689832674133956,0.28182289030220836,0.24642273300776601,0.26587593031476964,5m,368506.22627848655
2024-11-11 13:55:00,Eyhjeq8EA8feDGp8FkBJv5iGr5YsgjYBnvmYkX6uDLPh,0.26132127123006554,0.26841230749997047,0.24497965331942098,0.25689832674133956,5m,314664.8433870312
2024-11-11 14:00:00,Eyhjeq8EA8feDGp8FkBJv5iGr5YsgjYBnvmYkX6uDLPh,0.24191186814954307,0.30330845735639556,0.22598238929216466,0.26132127123006554,5m,423415.39094078925
2024-11-11 14:05:00,Eyhjeq8EA8feDGp8FkBJv5iGr5YsgjYBnvmYkX6uDLPh,0.24326752258447018,0.2543329954743102,0.23019207749157972,0.24191186814954307,5m,306371.2395880156
2024-11-11 14:10:00,Eyhjeq8EA8feDGp8FkBJv5iGr5YsgjYBnvmYkX6uDLPh,0.24714729776493632,0.25539236574565144,0.2203496237478515,0.24326752258447018,5m,263350.622838086
2024-11-11 14:15:00,Eyhjeq8EA8feDGp8FkBJv5iGr5YsgjYBnvmYkX6uDLPh,0.23403957343272738,0.24714729776493632,0.21220527686389196,0.24714729776493632,5m,412701.3961705483
2024-11-11 14:20:00,Eyhjeq8EA8feDGp8FkBJv5iGr5YsgjYBnvmYkX6uDLPh,0.2533637128035133,0.258277645906694,0.2336935561206966,0.23403957343272738,5m,415472.1987602267
2024-11-11 14:25:00,Eyhjeq8EA8feDGp8FkBJv5iGr5YsgjYBnvmYkX6uDLPh,0.24173874127211828,0.2548672872877235,0.2363319699503906,0.2533637128035133,5m,278512.08162671287
2024-11-11 14:30:00,Eyhjeq8EA8feDGp8FkBJv5iGr5YsgjYBnvmYkX6uDLPh,0.275700229494226,0.29977503415188683,0.24156952806677653,0.24173874127211828,5m,412227.61677290755
2024-11-11 14:35:00,Eyhjeq8EA8feDGp8FkBJv5iGr5YsgjYBnvmYkX6uDLPh,0.24483118482856062,0.2793386122378732,0.2435026912236239,0.275700229494226,5m,302459.764856517
2024-11-11 14:40:00,Eyhjeq8EA8feDGp8FkBJv5iGr5YsgjYBnvmYkX6uDLPh,0.2782350989595883,0.2796142865392106,0.22140210428145518,0.24483118482856062,5m,336304.496940032
2024-11-11 14:45:00,Eyhjeq8EA8feDGp8FkBJv5iGr5YsgjYBnvmYkX6uDLPh,0.24305380366163737,0.2973523382801445,0.24243044105350087,0.2782350989595883,5m,324421.9888785673
2024-11-11 14:50:00,Eyhjeq8EA8feDGp8FkBJv5iGr5YsgjYBnvmYkX6uDLPh,0.26501298006308877,0.2668522953180241,0.23901992399802865,0.24305380366163737,5m,212020.5091557719
2024-11-11 14:55:00,Eyhjeq8EA8feDGp8FkBJv5iGr5YsgjYBnvmYkX6uDLPh,0.25555154518669493,0.26501298006308877,0.2549220571548212,0.26501298006308877,5m,23980.565424653007
2024-11-11 15:00:00,Eyhjeq8EA8feDGp8FkBJv5iGr5YsgjYBnvmYkX6uDLPh,0.25693046855429064,0.25782776503167393,0.25555154518669493,0.25555154518669493,5m,1312.10245335
2024-11-11 15:05:00,Eyhjeq8EA8feDGp8FkBJv5iGr5YsgjYBnvmYkX6uDLPh,0.25693046855429064,0.25693046855429064,0.25693046855429064,0.25693046855429064,5m,0.0
2024-11-11 15:10:00,Eyhjeq8EA8feDGp8FkBJv5iGr5YsgjYBnvmYkX6uDLPh,0.25781637351874453,0.25781637351874453,0.25693046855429064,0.25693046855429064,5m,29.722797054
2024-11-11 15:15:00,Eyhjeq8EA8feDGp8FkBJv5iGr5YsgjYBnvmYkX6uDLPh,0.25781637351874453,0.25781637351874453,0.25781637351874453,0.25781637351874453,5m,0.0
2024-11-11 15:20:00,Eyhjeq8EA8feDGp8FkBJv5iGr5YsgjYBnvmYkX6uDLPh,0.25681402775474155,0.25781637351874453,0.25681402775474155,0.25781637351874453,5m,150.168372618
2024-11-11 15:25:00,Eyhjeq8EA8feDGp8FkBJv5iGr5YsgjYBnvmYkX6uDLPh,0.2564063742962269,0.2570725869854789,0.2564063742962269,0.25681402775474155,5m,501.66975756399995
2024-11-11 15:30:00,Eyhjeq8EA8feDGp8FkBJv5iGr5YsgjYBnvmYkX6uDLPh,0.2564063742962269,0.2564063742962269,0.2564063742962269,0.2564063742962269,5m,0.0
2024-11-11 15:35:00,Eyhjeq8EA8feDGp8FkBJv5iGr5YsgjYBnvmYkX6uDLPh,0.2732188314174297,0.28451049634104425,0.2564063742962269,0.2564063742962269,5m,327929.7715225602
2024-11-11 15:40:00,Eyhjeq8EA8feDGp8FkBJv5iGr5YsgjYBnvmYkX6uDLPh,0.2501475352632127,0.29453119897812263,0.2501475352632127,0.2732188314174297,5m,161336.45863144108
2024-11-11 15:45:00,Eyhjeq8EA8feDGp8FkBJv5iGr5YsgjYBnvmYkX6uDLPh,0.20562171892875625,0.25753136480720584,0.1945081260400947,0.2501475352632127,5m,543128.2838374934
2024-11-11 15:50:00,Eyhjeq8EA8feDGp8FkBJv5iGr5YsgjYBnvmYkX6uDLPh,0.2125106489290433,0.22995105895644818,0.19809771781367722,0.20562171892875625,5m,486524.48425978824
2024-11-11 15:55:00,Eyhjeq8EA8feDGp8FkBJv5iGr5YsgjYBnvmYkX6uDLPh,0.19150258283756438,0.22417515634187,0.18431748316655538,0.2125106489290433,5m,510540.9163823934
2024-11-11 16:00:00,Eyhjeq8EA8feDGp8FkBJv5iGr5YsgjYBnvmYkX6uDLPh,0.25469648088581265,0.26738660086336186,0.17092743516796352,0.19150258283756438,5m,564332.6817871166
2024-11-11 16:05:00,Eyhjeq8EA8feDGp8FkBJv5iGr5YsgjYBnvmYkX6uDLPh,0.30807133171569345,0.3170460542264293,0.23775627037677335,0.25469648088581265,5m,536065.6272190919
2024-11-11 16:10:00,Eyhjeq8EA8feDGp8FkBJv5iGr5YsgjYBnvmYkX6uDLPh,0.34743711601882055,0.36099217525234484,0.30807133171569345,0.30807133171569345,5m,554295.0276690226
2024-11-11 16:15:00,Eyhjeq8EA8feDGp8FkBJv5iGr5YsgjYBnvmYkX6uDLPh,0.3696623218076643,0.38594454200216566,0.32870534649265337,0.34743711601882055,5m,605506.1676845738
2024-11-11 16:20:00,Eyhjeq8EA8feDGp8FkBJv5iGr5YsgjYBnvmYkX6uDLPh,0.4166031966894682,0.4592162545307899,0.36436464498886784,0.3696623218076643,5m,467279.96834114136
2024-11-11 16:25:00,Eyhjeq8EA8feDGp8FkBJv5iGr5YsgjYBnvmYkX6uDLPh,0.4127596885281273,0.45917553231053015,0.3965305312439959,0.4166031966894682,5m,487524.4283140706
2024-11-11 16:30:00,Eyhjeq8EA8feDGp8FkBJv5iGr5YsgjYBnvmYkX6uDLPh,0.47639437658812067,0.5046435395298074,0.41108010125434996,0.4127596885281273,5m,201233.71280549697
2024-11-11 16:35:00,Eyhjeq8EA8feDGp8FkBJv5iGr5YsgjYBnvmYkX6uDLPh,0.4591046228217109,0.4823254220293262,0.4434809279753966,0.47639437658812067,5m,173910.2386031792
2024-11-11 16:40:00,Eyhjeq8EA8feDGp8FkBJv5iGr5YsgjYBnvmYkX6uDLPh,0.45644003659697313,0.46977355128547466,0.437499264000938,0.4591046228217109,5m,298218.4585559372
2024-11-11 16:45:00,Eyhjeq8EA8feDGp8FkBJv5iGr5YsgjYBnvmYkX6uDLPh,0.4618859672402099,0.6423748327180886,0.4099817893390306,0.45644003659697313,5m,391097.6501910965
2024-11-11 16:50:00,Eyhjeq8EA8feDGp8FkBJv5iGr5YsgjYBnvmYkX6uDLPh,0.42945073713894716,0.4982066803992015,0.419214695669173,0.4618859672402099,5m,240829.19358751085
2024-11-11 16:55:00,Eyhjeq8EA8feDGp8FkBJv5iGr5YsgjYBnvmYkX6uDLPh,0.4519578686996586,0.4667872916445684,0.41505271339197486,0.42945073713894716,5m,272407.03664727364
2024-11-11 17:00:00,Eyhjeq8EA8feDGp8FkBJv5iGr5YsgjYBnvmYkX6uDLPh,0.41563868882976346,0.4519578686996586,0.41420929488841335,0.4519578686996586,5m,57166.044692285985
2024-11-11 17:05:00,Eyhjeq8EA8feDGp8FkBJv5iGr5YsgjYBnvmYkX6uDLPh,0.3913245222767546,0.44776141902948885,0.3913245222767546,0.41563868882976346,5m,247009.25660599026
2024-11-11 17:10:00,Eyhjeq8EA8feDGp8FkBJv5iGr5YsgjYBnvmYkX6uDLPh,0.4740856734753672,0.4843749942678248,0.38344608929151525,0.3913245222767546,5m,217449.39961661285
2024-11-11 17:15:00,Eyhjeq8EA8feDGp8FkBJv5iGr5YsgjYBnvmYkX6uDLPh,0.48355485611950727,0.5086969623503309,0.45309577548250285,0.4740856734753672,5m,245105.33538169286
2024-11-11 17:20:00,Eyhjeq8EA8feDGp8FkBJv5iGr5YsgjYBnvmYkX6uDLPh,0.44470079699271964,0.4932524607079758,0.41434095645460933,0.48355485611950727,5m,300761.3957817644
2024-11-11 17:25:00,Eyhjeq8EA8feDGp8FkBJv5iGr5YsgjYBnvmYkX6uDLPh,0.4569366261877372,0.4622248898520699,0.4224226315700813,0.44470079699271964,5m,116831.77719639598
2024-11-11 17:30:00,Eyhjeq8EA8feDGp8FkBJv5iGr5YsgjYBnvmYkX6uDLPh,0.4890434818395441,0.5004009631328324,0.45408178213608885,0.4569366261877372,5m,85526.02445232302
2024-11-11 17:35:00,Eyhjeq8EA8feDGp8FkBJv5iGr5YsgjYBnvmYkX6uDLPh,0.46200833730574853,0.4890434818395441,0.43248145424289614,0.4890434818395441,5m,120865.46316860404
2024-11-11 17:40:00,Eyhjeq8EA8feDGp8FkBJv5iGr5YsgjYBnvmYkX6uDLPh,0.44156582080424434,0.47754941400044637,0.44156582080424434,0.46200833730574853,5m,146513.129292013
2024-11-11 17:45:00,Eyhjeq8EA8feDGp8FkBJv5iGr5YsgjYBnvmYkX6uDLPh,0.46982252789047224,0.4712515497600542,0.4274757074830497,0.44156582080424434,5m,207010.52408969688
2024-11-11 17:50:00,Eyhjeq8EA8feDGp8FkBJv5iGr5YsgjYBnvmYkX6uDLPh,0.25419445306513044,0.4760414748465486,0.25419445306513044,0.46982252789047224,5m,515556.2958525936
2024-11-11 17:55:00,Eyhjeq8EA8feDGp8FkBJv5iGr5YsgjYBnvmYkX6uDLPh,0.21627315772465486,0.2613732175165218,0.20980664550863642,0.25419445306513044,5m,388807.307082525
2024-11-11 18:00:00,Eyhjeq8EA8feDGp8FkBJv5iGr5YsgjYBnvmYkX6uDLPh,0.24721807982137953,0.24867549834307906,0.21295005546110507,0.21627315772465486,5m,705524.4958294539
2024-11-11 18:05:00,Eyhjeq8EA8feDGp8FkBJv5iGr5YsgjYBnvmYkX6uDLPh,0.2889221236560542,0.2895266333445162,0.238196159972793,0.24721807982137953,5m,479528.67482144583
2024-11-11 18:10:00,Eyhjeq8EA8feDGp8FkBJv5iGr5YsgjYBnvmYkX6uDLPh,0.2915940086164038,0.3008187211269265,0.2741893781308763,0.2889221236560542,5m,546964.0024396376
2024-11-11 18:15:00,Eyhjeq8EA8feDGp8FkBJv5iGr5YsgjYBnvmYkX6uDLPh,0.2999078922327325,0.3239945826637657,0.2911852744972775,0.2915940086164038,5m,207510.9697660539
2024-11-11 18:20:00,Eyhjeq8EA8feDGp8FkBJv5iGr5YsgjYBnvmYkX6uDLPh,0.2792536933740856,0.33532709969889934,0.2775129864193342,0.2999078922327325,5m,262395.24987393676
2024-11-11 18:25:00,Eyhjeq8EA8feDGp8FkBJv5iGr5YsgjYBnvmYkX6uDLPh,0.32169061198778603,0.32169061198778603,0.2692407854627014,0.2792536933740856,5m,370911.7994477123
2024-11-11 18:30:00,Eyhjeq8EA8feDGp8FkBJv5iGr5YsgjYBnvmYkX6uDLPh,0.3524465072862166,0.3524465072862166,0.31387605686177245,0.32169061198778603,5m,443075.089998491
2024-11-11 18:35:00,Eyhjeq8EA8feDGp8FkBJv5iGr5YsgjYBnvmYkX6uDLPh,0.30418421141170726,0.3524465072862166,0.29522965812322566,0.3524465072862166,5m,457229.65429832257
2024-11-11 18:40:00,Eyhjeq8EA8feDGp8FkBJv5iGr5YsgjYBnvmYkX6uDLPh,0.3002637975051797,0.31084888075390105,0.2684326829239222,0.30418421141170726,5m,367442.5816311699
