datetime,address,c,h,l,o,type,v
2024-10-24 08:48:00,B2tekTmmhg9vQt5fofya5qP3j4CXsC26TFnez5Wnpump,0.00037884794440090885,0.005853012940927325,0.0001400935481483778,0.0001400935481483778,3m,1332211425.3877733
2024-10-24 08:51:00,B2tekTmmhg9vQt5fofya5qP3j4CXsC26TFnez5Wnpump,0.00043426970327140936,0.0006866294842227351,0.00015761784810713542,0.00037884794440090885,3m,772674803.8673172
2024-10-24 08:54:00,B2tekTmmhg9vQt5fofya5qP3j4CXsC26TFnez5Wnpump,0.00025866890979353,0.0004359082565222657,0.00019219337363637077,0.00043426970327140936,3m,223021115.3044151
2024-10-24 08:57:00,B2tekTmmhg9vQt5fofya5qP3j4CXsC26TFnez5Wnpump,0.00028926345767465647,0.00029471847434572575,0.0001936541175873277,0.00025866890979353,3m,92949706.863345
2024-10-24 09:00:00,B2tekTmmhg9vQt5fofya5qP3j4CXsC26TFnez5Wnpump,0.00021863061529986088,0.0003107478332860939,0.0002016932935392716,0.00028926345767465647,3m,97819654.59711799
2024-10-24 09:03:00,B2tekTmmhg9vQt5fofya5qP3j4CXsC26TFnez5Wnpump,0.00015283285472471282,0.00021899804053930423,0.0001380941526658843,0.00021863061529986088,3m,160479279.39697903
2024-10-24 09:06:00,B2tekTmmhg9vQt5fofya5qP3j4CXsC26TFnez5Wnpump,0.00015303160938842455,0.0001842861944123411,0.00011519713803198125,0.00015283285472471282,3m,217715516.42896596
2024-10-24 09:09:00,B2tekTmmhg9vQt5fofya5qP3j4CXsC26TFnez5Wnpump,0.00023646883227069427,0.0002472355373452115,0.00013602855242920742,0.00015303160938842455,3m,123988500.06847702
2024-10-24 09:12:00,B2tekTmmhg9vQt5fofya5qP3j4CXsC26TFnez5Wnpump,0.00023737730581166583,0.0003833748576021062,0.00022514964295470807,0.00023646883227069427,3m,151887256.57899597
2024-10-24 09:15:00,B2tekTmmhg9vQt5fofya5qP3j4CXsC26TFnez5Wnpump,0.0004650398516208019,0.0005154233565002059,0.00018457078914755734,0.00023737730581166583,3m,341995117.09155715
2024-10-24 09:18:00,B2tekTmmhg9vQt5fofya5qP3j4CXsC26TFnez5Wnpump,0.0007772995073998891,0.0007829437886248242,0.00029809102795710934,0.0004650398516208019,3m,259992734.53969428
2024-10-24 09:21:00,B2tekTmmhg9vQt5fofya5qP3j4CXsC26TFnez5Wnpump,0.002178360242998118,0.002700415248284282,0.0005753188865505392,0.0007772995073998891,3m,391814362.54038614
2024-10-24 09:24:00,B2tekTmmhg9vQt5fofya5qP3j4CXsC26TFnez5Wnpump,0.0019994434578119702,0.0039823850121595275,0.0016863027729829081,0.002178360242998118,3m,184143119.58121017
2024-10-24 09:27:00,B2tekTmmhg9vQt5fofya5qP3j4CXsC26TFnez5Wnpump,0.0015184788084534931,0.0023623133823566715,0.0010585741644830295,0.0019994434578119702,3m,288233399.04451776
2024-10-24 09:30:00,B2tekTmmhg9vQt5fofya5qP3j4CXsC26TFnez5Wnpump,0.0019168960255385554,0.0022755278160433014,0.0015184788084534931,0.0015184788084534931,3m,60259966.33263897
2024-10-24 09:33:00,B2tekTmmhg9vQt5fofya5qP3j4CXsC26TFnez5Wnpump,0.001690650768223942,0.0021449534673571263,0.0009633442759187075,0.0019168960255385554,3m,147155711.45463303
2024-10-24 09:36:00,B2tekTmmhg9vQt5fofya5qP3j4CXsC26TFnez5Wnpump,0.001168096422873069,0.0017636312314937856,0.0010137383123542398,0.001690650768223942,3m,74700431.95258397
2024-10-24 09:39:00,B2tekTmmhg9vQt5fofya5qP3j4CXsC26TFnez5Wnpump,0.001283688679563954,0.0012886492383829252,0.0008489304354163497,0.001168096422873069,3m,67286099.11768396
2024-10-24 09:42:00,B2tekTmmhg9vQt5fofya5qP3j4CXsC26TFnez5Wnpump,0.0017495421022862524,0.0018275707191265699,0.0009783250626672745,0.001283688679563954,3m,115139054.72650602
2024-10-24 09:45:00,B2tekTmmhg9vQt5fofya5qP3j4CXsC26TFnez5Wnpump,0.0015829943241099965,0.0017823571596267622,0.0011899876678342263,0.0017495421022862524,3m,58884885.682018995
2024-10-24 09:48:00,B2tekTmmhg9vQt5fofya5qP3j4CXsC26TFnez5Wnpump,0.0015493176668895164,0.001936531691171512,0.001281169757378725,0.0015829943241099965,3m,34341466.908637
2024-10-24 09:51:00,B2tekTmmhg9vQt5fofya5qP3j4CXsC26TFnez5Wnpump,0.001832426944562999,0.0018496821900430387,0.001542677090673838,0.0015493176668895164,3m,13204703.984769002
2024-10-24 09:54:00,B2tekTmmhg9vQt5fofya5qP3j4CXsC26TFnez5Wnpump,0.0016774824801900421,0.0020527816431674087,0.0014995939488787067,0.001832426944562999,3m,44419514.07994901
2024-10-24 09:57:00,B2tekTmmhg9vQt5fofya5qP3j4CXsC26TFnez5Wnpump,0.001364478801145419,0.0017077141820812508,0.001102160585145555,0.0016774824801900421,3m,50760805.86536802
2024-10-24 10:00:00,B2tekTmmhg9vQt5fofya5qP3j4CXsC26TFnez5Wnpump,0.0009252133393853133,0.0017087019663613115,0.0009252133393853133,0.001364478801145419,3m,43558788.616915986
2024-10-24 10:03:00,B2tekTmmhg9vQt5fofya5qP3j4CXsC26TFnez5Wnpump,0.001101743455861936,0.0011950879889782958,0.000660503352179478,0.0009252133393853133,3m,71897482.92724895
2024-10-24 10:06:00,B2tekTmmhg9vQt5fofya5qP3j4CXsC26TFnez5Wnpump,0.0008210325559949106,0.0013820677549842874,0.0007087907017559299,0.001101743455861936,3m,70812054.518079
2024-10-24 10:09:00,B2tekTmmhg9vQt5fofya5qP3j4CXsC26TFnez5Wnpump,0.0012483853671059722,0.0012609149057620423,0.0008154606948979578,0.0008210325559949106,3m,40706835.463997
2024-10-24 10:12:00,B2tekTmmhg9vQt5fofya5qP3j4CXsC26TFnez5Wnpump,0.0011793733987963502,0.0014917314424486513,0.0011793733987963502,0.0012483853671059722,3m,27144933.828727
2024-10-24 10:15:00,B2tekTmmhg9vQt5fofya5qP3j4CXsC26TFnez5Wnpump,0.0013028634879153648,0.0016599856296391703,0.0011793733987963502,0.0011793733987963502,3m,17216977.993551996
2024-10-24 10:18:00,B2tekTmmhg9vQt5fofya5qP3j4CXsC26TFnez5Wnpump,0.0011669807009041713,0.0013028634879153648,0.0011669807009041713,0.0013028634879153648,3m,4146062.433620999
2024-10-24 10:21:00,B2tekTmmhg9vQt5fofya5qP3j4CXsC26TFnez5Wnpump,0.0009393225841303509,0.0011725447260521845,0.0007931065455052403,0.0011669807009041713,3m,37682144.68694901
2024-10-24 10:24:00,B2tekTmmhg9vQt5fofya5qP3j4CXsC26TFnez5Wnpump,0.0007184160405092036,0.0009393225841303509,0.0004853180262695566,0.0009393225841303509,3m,113418830.25118694
2024-10-24 10:27:00,B2tekTmmhg9vQt5fofya5qP3j4CXsC26TFnez5Wnpump,0.0005760264388251381,0.0007268795902548802,0.00046086239900641025,0.0007184160405092036,3m,73133250.524992
2024-10-24 10:30:00,B2tekTmmhg9vQt5fofya5qP3j4CXsC26TFnez5Wnpump,0.00073086798116803,0.0009015885792371421,0.0005654521811211576,0.0005760264388251381,3m,44946248.078964986
2024-10-24 10:33:00,B2tekTmmhg9vQt5fofya5qP3j4CXsC26TFnez5Wnpump,0.00043347858587304284,0.000757830561715808,0.00039115109522207573,0.00073086798116803,3m,88968456.50702398
2024-10-24 10:36:00,B2tekTmmhg9vQt5fofya5qP3j4CXsC26TFnez5Wnpump,0.0004461070199899449,0.000528435416600038,0.0004250615827384552,0.00043347858587304284,3m,40523280.138097994
2024-10-24 10:39:00,B2tekTmmhg9vQt5fofya5qP3j4CXsC26TFnez5Wnpump,0.0005446907133363099,0.0005446907133363099,0.00040751788215352995,0.0004461070199899449,3m,25062867.265031997
2024-10-24 10:42:00,B2tekTmmhg9vQt5fofya5qP3j4CXsC26TFnez5Wnpump,0.0003857485476640658,0.0005509820595284653,0.00033506803144586636,0.0005446907133363099,3m,83515010.22443599
2024-10-24 10:45:00,B2tekTmmhg9vQt5fofya5qP3j4CXsC26TFnez5Wnpump,0.00043551100518989346,0.0004400329150980411,0.000384617491867302,0.0003857485476640658,3m,18023198.479225993
2024-10-24 10:48:00,B2tekTmmhg9vQt5fofya5qP3j4CXsC26TFnez5Wnpump,0.0004885049294964706,0.0004908950284913057,0.0004287691618734341,0.00043551100518989346,3m,12015513.261762997
2024-10-24 10:51:00,B2tekTmmhg9vQt5fofya5qP3j4CXsC26TFnez5Wnpump,0.0008481513873322151,0.0008611230259470339,0.00048291857853891435,0.0004885049294964706,3m,48731400.475747004
2024-10-24 10:54:00,B2tekTmmhg9vQt5fofya5qP3j4CXsC26TFnez5Wnpump,0.0007776862955813415,0.0009525775992090064,0.0006332214034733325,0.0008481513873322151,3m,82554255.51012103
2024-10-24 10:57:00,B2tekTmmhg9vQt5fofya5qP3j4CXsC26TFnez5Wnpump,0.0005596464003199906,0.0008190990283735093,0.0005596464003199906,0.0007776862955813415,3m,29179105.383280016
2024-10-24 11:00:00,B2tekTmmhg9vQt5fofya5qP3j4CXsC26TFnez5Wnpump,0.00046614993149609067,0.0007378294753511971,0.0004221946703963296,0.0005596464003199906,3m,81007281.36472897
2024-10-24 11:03:00,B2tekTmmhg9vQt5fofya5qP3j4CXsC26TFnez5Wnpump,0.0004237686652746746,0.0004883272043561221,0.0003947928687048598,0.00046614993149609067,3m,58771703.26071999
2024-10-24 11:06:00,B2tekTmmhg9vQt5fofya5qP3j4CXsC26TFnez5Wnpump,0.0004214435632554853,0.0004505496474949207,0.0004147534556617114,0.0004237686652746746,3m,16758715.594885
2024-10-24 11:09:00,B2tekTmmhg9vQt5fofya5qP3j4CXsC26TFnez5Wnpump,0.00046005929705638933,0.00047706840033824436,0.0003830681882463996,0.0004214435632554853,3m,41746051.93104901
2024-10-24 11:12:00,B2tekTmmhg9vQt5fofya5qP3j4CXsC26TFnez5Wnpump,0.0006346964596001231,0.0007201741367465122,0.00046005929705638933,0.00046005929705638933,3m,67849771.935807
2024-10-24 11:15:00,B2tekTmmhg9vQt5fofya5qP3j4CXsC26TFnez5Wnpump,0.000563049267208121,0.00069587747471217,0.0005575713324648509,0.0006346964596001231,3m,18655434.425131004
2024-10-24 11:18:00,B2tekTmmhg9vQt5fofya5qP3j4CXsC26TFnez5Wnpump,0.00056673388202053,0.0006239109383131674,0.0004599889869212863,0.000563049267208121,3m,41752121.74139299
2024-10-24 11:21:00,B2tekTmmhg9vQt5fofya5qP3j4CXsC26TFnez5Wnpump,0.0007101564282849073,0.0007201598810585432,0.00056673388202053,0.00056673388202053,3m,13238730.161083004
2024-10-24 11:24:00,B2tekTmmhg9vQt5fofya5qP3j4CXsC26TFnez5Wnpump,0.0007134655590030573,0.0007381828672789849,0.0006622298944730415,0.0007101564282849073,3m,11718580.038514003
2024-10-24 11:27:00,B2tekTmmhg9vQt5fofya5qP3j4CXsC26TFnez5Wnpump,0.0008654589258960926,0.0008695276023514517,0.0007134655590030573,0.0007134655590030573,3m,8373449.783451999
2024-10-24 11:30:00,B2tekTmmhg9vQt5fofya5qP3j4CXsC26TFnez5Wnpump,0.0007130523414708321,0.0008707922687065166,0.0007130523414708321,0.0008654589258960926,3m,8692130.220662
2024-10-24 11:33:00,B2tekTmmhg9vQt5fofya5qP3j4CXsC26TFnez5Wnpump,0.000564678093934539,0.0007130523414708321,0.0005287910690640077,0.0007130523414708321,3m,20202619.914003007
2024-10-24 11:36:00,B2tekTmmhg9vQt5fofya5qP3j4CXsC26TFnez5Wnpump,0.0005846776919672194,0.0005938310212612442,0.000564678093934539,0.000564678093934539,3m,4433819.948785
2024-10-24 11:39:00,B2tekTmmhg9vQt5fofya5qP3j4CXsC26TFnez5Wnpump,0.0005037118563494416,0.0005904776051947959,0.000497474856901551,0.0005846776919672194,3m,16713555.371220998
2024-10-24 11:42:00,B2tekTmmhg9vQt5fofya5qP3j4CXsC26TFnez5Wnpump,0.00052742894512899,0.00052742894512899,0.0005037118563494416,0.0005037118563494416,3m,3150775.0749560003
2024-10-24 11:45:00,B2tekTmmhg9vQt5fofya5qP3j4CXsC26TFnez5Wnpump,0.0007083596546771802,0.000719408099336084,0.00052742894512899,0.00052742894512899,3m,19586221.692102
2024-10-24 11:48:00,B2tekTmmhg9vQt5fofya5qP3j4CXsC26TFnez5Wnpump,0.0008014049772452992,0.0008167154509127966,0.0007083596546771802,0.0007083596546771802,3m,23896433.635773003
2024-10-24 11:51:00,B2tekTmmhg9vQt5fofya5qP3j4CXsC26TFnez5Wnpump,0.0008127160964997458,0.0008175865157527612,0.0007640005891008801,0.0008014049772452992,3m,7819252.592688001
2024-10-24 11:54:00,B2tekTmmhg9vQt5fofya5qP3j4CXsC26TFnez5Wnpump,0.0009137253698856544,0.0009247952628081863,0.0008127160964997458,0.0008127160964997458,3m,7429670.723023
2024-10-24 11:57:00,B2tekTmmhg9vQt5fofya5qP3j4CXsC26TFnez5Wnpump,0.0008645814745174133,0.0009218216759483169,0.0008428771205498263,0.0009137253698856544,3m,3813388.8481240002
2024-10-24 12:00:00,B2tekTmmhg9vQt5fofya5qP3j4CXsC26TFnez5Wnpump,0.0009566177844955637,0.0009566177844955637,0.0008593576900193449,0.0008645814745174133,3m,5807303.796914
2024-10-24 12:03:00,B2tekTmmhg9vQt5fofya5qP3j4CXsC26TFnez5Wnpump,0.0009292281096348626,0.0010138795434704523,0.0009292281096348626,0.0009566177844955637,3m,6727229.028861001
2024-10-24 12:06:00,B2tekTmmhg9vQt5fofya5qP3j4CXsC26TFnez5Wnpump,0.000759968582516407,0.0009438969987624482,0.000759968582516407,0.0009292281096348626,3m,7457853.459386999
2024-10-24 12:09:00,B2tekTmmhg9vQt5fofya5qP3j4CXsC26TFnez5Wnpump,0.0007312484452041725,0.0007660116217063007,0.0007312484452041725,0.000759968582516407,3m,3374578.194094
2024-10-24 12:12:00,B2tekTmmhg9vQt5fofya5qP3j4CXsC26TFnez5Wnpump,0.0007298214129713915,0.0007444469761362076,0.0007134901222613492,0.0007312484452041725,3m,2860573.730977
2024-10-24 12:15:00,B2tekTmmhg9vQt5fofya5qP3j4CXsC26TFnez5Wnpump,0.0005035974885293698,0.0007298214129713915,0.00045524503636481183,0.0007298214129713915,3m,43809804.537352
2024-10-24 12:18:00,B2tekTmmhg9vQt5fofya5qP3j4CXsC26TFnez5Wnpump,0.0004913964005049948,0.0005262236514331399,0.0004709729841133712,0.0005035974885293698,3m,13431842.391974999
2024-10-24 12:21:00,B2tekTmmhg9vQt5fofya5qP3j4CXsC26TFnez5Wnpump,0.0004946372018895283,0.0005630069664249133,0.0004913964005049948,0.0004913964005049948,3m,14499995.006794998
2024-10-24 12:24:00,B2tekTmmhg9vQt5fofya5qP3j4CXsC26TFnez5Wnpump,0.0003550806213418633,0.0004946372018895283,0.0003483077333395398,0.0004946372018895283,3m,46300516.11560301
2024-10-24 12:27:00,B2tekTmmhg9vQt5fofya5qP3j4CXsC26TFnez5Wnpump,0.0004474368784402366,0.00045250534161586067,0.0003549158332260112,0.0003550806213418633,3m,14935992.368356004
2024-10-24 12:30:00,B2tekTmmhg9vQt5fofya5qP3j4CXsC26TFnez5Wnpump,0.0004953547290650909,0.0005324228962462218,0.00044560099788872574,0.0004474368784402366,3m,13922780.942121
2024-10-24 12:33:00,B2tekTmmhg9vQt5fofya5qP3j4CXsC26TFnez5Wnpump,0.00034046581328616327,0.000499252930512149,0.00031930579961083494,0.0004953547290650909,3m,57106424.233550005
2024-10-24 12:36:00,B2tekTmmhg9vQt5fofya5qP3j4CXsC26TFnez5Wnpump,0.00030965574749084075,0.0003639212491788717,0.0003035904221367387,0.00034046581328616327,3m,28657566.91300199
2024-10-24 12:39:00,B2tekTmmhg9vQt5fofya5qP3j4CXsC26TFnez5Wnpump,0.0003170698817686106,0.00032424297290192165,0.00030965574749084075,0.00030965574749084075,3m,7676862.676201001
2024-10-24 12:42:00,B2tekTmmhg9vQt5fofya5qP3j4CXsC26TFnez5Wnpump,0.00031173852839997833,0.0003170698817686106,0.00031173852839997833,0.0003170698817686106,3m,1574024.8397049997
2024-10-24 12:45:00,B2tekTmmhg9vQt5fofya5qP3j4CXsC26TFnez5Wnpump,0.0003003682012615026,0.00034147280874831116,0.00029808314793121495,0.00031173852839997833,3m,13215595.881011
2024-10-24 12:48:00,B2tekTmmhg9vQt5fofya5qP3j4CXsC26TFnez5Wnpump,0.0002860204276802699,0.00030189253630349077,0.0002860204276802699,0.0003003682012615026,3m,3568106.628581
2024-10-24 12:51:00,B2tekTmmhg9vQt5fofya5qP3j4CXsC26TFnez5Wnpump,0.0002474506797167017,0.0002860204276802699,0.0002462386148067642,0.0002860204276802699,3m,12238930.136496
2024-10-24 12:54:00,B2tekTmmhg9vQt5fofya5qP3j4CXsC26TFnez5Wnpump,0.0002658457681542782,0.0002658457681542782,0.0002474506797167017,0.0002474506797167017,3m,5135131.253361001
2024-10-24 12:57:00,B2tekTmmhg9vQt5fofya5qP3j4CXsC26TFnez5Wnpump,0.00022560397189756606,0.0002672479374007164,0.00022560397189756606,0.0002658457681542782,3m,25205501.586322997
2024-10-24 13:00:00,B2tekTmmhg9vQt5fofya5qP3j4CXsC26TFnez5Wnpump,0.0002417945413040303,0.00034692841587999,0.00022560397189756606,0.00022560397189756606,3m,129580261.26823203
2024-10-24 13:03:00,B2tekTmmhg9vQt5fofya5qP3j4CXsC26TFnez5Wnpump,0.00025484265888342994,0.00036609116895532426,0.00024122176073570117,0.0002417945413040303,3m,84144979.219631
2024-10-24 13:06:00,B2tekTmmhg9vQt5fofya5qP3j4CXsC26TFnez5Wnpump,0.0002531107510524706,0.00025954094846237813,0.0002531107510524706,0.00025484265888342994,3m,2310214.082144
2024-10-24 13:09:00,B2tekTmmhg9vQt5fofya5qP3j4CXsC26TFnez5Wnpump,0.00025234781557090404,0.0002532477879736649,0.00025209743436658346,0.0002531107510524706,3m,359882.27400800004
2024-10-24 13:12:00,B2tekTmmhg9vQt5fofya5qP3j4CXsC26TFnez5Wnpump,0.00025366481293074325,0.0002550303834133019,0.00025234781557090404,0.00025234781557090404,3m,1166573.839461
2024-10-24 13:15:00,B2tekTmmhg9vQt5fofya5qP3j4CXsC26TFnez5Wnpump,0.0002551783881012899,0.0002566384333176513,0.00025366481293074325,0.00025366481293074325,3m,824873.293658
2024-10-24 13:18:00,B2tekTmmhg9vQt5fofya5qP3j4CXsC26TFnez5Wnpump,0.0002559404210174434,0.0002718257893207046,0.0002551783881012899,0.0002551783881012899,3m,7805030.548413
2024-10-24 13:21:00,B2tekTmmhg9vQt5fofya5qP3j4CXsC26TFnez5Wnpump,0.0002439635263851589,0.0002559404210174434,0.0002439635263851589,0.0002559404210174434,3m,3052900.1765269996
2024-10-24 13:24:00,B2tekTmmhg9vQt5fofya5qP3j4CXsC26TFnez5Wnpump,0.0002556783901285794,0.0002556783901285794,0.00024350588062333148,0.0002439635263851589,3m,2547040.770806
2024-10-24 13:27:00,B2tekTmmhg9vQt5fofya5qP3j4CXsC26TFnez5Wnpump,0.0002515833091531725,0.0002572942628691654,0.0002515833091531725,0.0002556783901285794,3m,2381368.459519
2024-10-24 13:30:00,B2tekTmmhg9vQt5fofya5qP3j4CXsC26TFnez5Wnpump,0.0002451895295721921,0.0002515833091531725,0.0002451895295721921,0.0002515833091531725,3m,1260431.028223
2024-10-24 13:33:00,B2tekTmmhg9vQt5fofya5qP3j4CXsC26TFnez5Wnpump,0.0002432725999414993,0.0002451895295721921,0.0002432725999414993,0.0002451895295721921,3m,1120211.590523
2024-10-24 13:36:00,B2tekTmmhg9vQt5fofya5qP3j4CXsC26TFnez5Wnpump,0.00020414425527523223,0.0002432725999414993,0.00020414425527523223,0.0002432725999414993,3m,18836777.551444996
2024-10-24 13:39:00,B2tekTmmhg9vQt5fofya5qP3j4CXsC26TFnez5Wnpump,0.00017036344897800943,0.00020436426377215127,0.00017036344897800943,0.00020414425527523223,3m,21734892.014911
2024-10-24 13:42:00,B2tekTmmhg9vQt5fofya5qP3j4CXsC26TFnez5Wnpump,0.00019044390380229618,0.00019044390380229618,0.00016950488412372585,0.00017036344897800943,3m,9064420.121992
2024-10-24 13:45:00,B2tekTmmhg9vQt5fofya5qP3j4CXsC26TFnez5Wnpump,0.00019182233974926813,0.00019277971779204617,0.00018922178501975043,0.00019044390380229618,3m,1445754.004397
2024-10-24 13:48:00,B2tekTmmhg9vQt5fofya5qP3j4CXsC26TFnez5Wnpump,0.0001867001616984095,0.0001922316090845019,0.0001867001616984095,0.00019182233974926813,3m,3492939.528466
2024-10-24 13:51:00,B2tekTmmhg9vQt5fofya5qP3j4CXsC26TFnez5Wnpump,0.00018198323936755443,0.0001867001616984095,0.00018198323936755443,0.0001867001616984095,3m,1690137.7238009998
2024-10-24 13:54:00,B2tekTmmhg9vQt5fofya5qP3j4CXsC26TFnez5Wnpump,0.00018235830062414096,0.0001832820752108254,0.00018099822121879781,0.00018198323936755443,3m,1354182.8372610002
2024-10-24 13:57:00,B2tekTmmhg9vQt5fofya5qP3j4CXsC26TFnez5Wnpump,0.00018129726652723715,0.00018267974112445607,0.00018124297516132305,0.00018235830062414096,3m,1140160.704317
2024-10-24 14:00:00,B2tekTmmhg9vQt5fofya5qP3j4CXsC26TFnez5Wnpump,0.0001804202863206243,0.00018129726652723715,0.0001804202863206243,0.00018129726652723715,3m,177930.753171
2024-10-24 14:03:00,B2tekTmmhg9vQt5fofya5qP3j4CXsC26TFnez5Wnpump,0.0002001774114388498,0.00020065082498762671,0.0001804202863206243,0.0001804202863206243,3m,7096462.995699
2024-10-24 14:06:00,B2tekTmmhg9vQt5fofya5qP3j4CXsC26TFnez5Wnpump,0.00020045556574058054,0.00020045556574058054,0.0002001774114388498,0.0002001774114388498,3m,43266.706286
2024-10-24 14:09:00,B2tekTmmhg9vQt5fofya5qP3j4CXsC26TFnez5Wnpump,0.00020581633071201856,0.0002366612268903034,0.00019727434236533402,0.00020045556574058054,3m,30217170.223051004
2024-10-24 14:12:00,B2tekTmmhg9vQt5fofya5qP3j4CXsC26TFnez5Wnpump,0.00022012951978561606,0.00022012951978561606,0.00020581633071201856,0.00020581633071201856,3m,3531099.566861
2024-10-24 14:15:00,B2tekTmmhg9vQt5fofya5qP3j4CXsC26TFnez5Wnpump,0.00023963729896785363,0.00023963729896785363,0.00022012951978561606,0.00022012951978561606,3m,6906480.2539599985
2024-10-24 14:18:00,B2tekTmmhg9vQt5fofya5qP3j4CXsC26TFnez5Wnpump,0.00023631070849351922,0.00023963729896785363,0.00023631070849351922,0.00023963729896785363,3m,1792502.2337560002
2024-10-24 14:21:00,B2tekTmmhg9vQt5fofya5qP3j4CXsC26TFnez5Wnpump,0.00023667954694402702,0.00023667954694402702,0.00023533660763945045,0.00023631070849351922,3m,329402.27301899996
2024-10-24 14:24:00,B2tekTmmhg9vQt5fofya5qP3j4CXsC26TFnez5Wnpump,0.00023177837996841454,0.00023667954694402702,0.00021518715124652855,0.00023667954694402702,3m,11032332.692908
2024-10-24 14:27:00,B2tekTmmhg9vQt5fofya5qP3j4CXsC26TFnez5Wnpump,0.00027090792478705935,0.00027090792478705935,0.00023177837996841454,0.00023177837996841454,3m,14910430.985061
2024-10-24 14:30:00,B2tekTmmhg9vQt5fofya5qP3j4CXsC26TFnez5Wnpump,0.00029862371281307596,0.00029872720227305257,0.00027090792478705935,0.00027090792478705935,3m,7273790.193903999
2024-10-24 14:33:00,B2tekTmmhg9vQt5fofya5qP3j4CXsC26TFnez5Wnpump,0.00029432658823652576,0.00029862371281307596,0.00029267376447046113,0.00029862371281307596,3m,2223501.8522119997
2024-10-24 14:36:00,B2tekTmmhg9vQt5fofya5qP3j4CXsC26TFnez5Wnpump,0.00027347478774917183,0.0003152185908086872,0.00027347478774917183,0.00029432658823652576,3m,12480788.079158999
2024-10-24 14:39:00,B2tekTmmhg9vQt5fofya5qP3j4CXsC26TFnez5Wnpump,0.0002322160797740451,0.00027347478774917183,0.00022217209746868048,0.00027347478774917183,3m,16523967.352464
2024-10-24 14:42:00,B2tekTmmhg9vQt5fofya5qP3j4CXsC26TFnez5Wnpump,0.00024946730911731173,0.00024946730911731173,0.0002322160797740451,0.0002322160797740451,3m,6388149.475288001
2024-10-24 14:45:00,B2tekTmmhg9vQt5fofya5qP3j4CXsC26TFnez5Wnpump,0.00035840371828072947,0.0003866839271889135,0.00024946730911731173,0.00024946730911731173,3m,31882406.335464004
2024-10-24 14:48:00,B2tekTmmhg9vQt5fofya5qP3j4CXsC26TFnez5Wnpump,0.0003620523010155021,0.00037426013902894305,0.00031260770428372456,0.00035840371828072947,3m,30569630.877316006
2024-10-24 14:51:00,B2tekTmmhg9vQt5fofya5qP3j4CXsC26TFnez5Wnpump,0.00035735677911712935,0.0003620523010155021,0.0003507242075030975,0.0003620523010155021,3m,1197677.443288
2024-10-24 14:54:00,B2tekTmmhg9vQt5fofya5qP3j4CXsC26TFnez5Wnpump,0.0003189023099689775,0.000360177912890554,0.00029168786199903416,0.00035735677911712935,3m,39533789.069836
2024-10-24 14:57:00,B2tekTmmhg9vQt5fofya5qP3j4CXsC26TFnez5Wnpump,0.0002846154204961471,0.00032011833094081364,0.0002846154204961471,0.0003189023099689775,3m,16329839.730972
2024-10-24 15:00:00,B2tekTmmhg9vQt5fofya5qP3j4CXsC26TFnez5Wnpump,0.00034320526765302736,0.00034320526765302736,0.0002757405237962325,0.0002846154204961471,3m,13004196.992595002
2024-10-24 15:03:00,B2tekTmmhg9vQt5fofya5qP3j4CXsC26TFnez5Wnpump,0.00041738157740166043,0.00041738157740166043,0.0003297122631770967,0.00034320526765302736,3m,16243406.043298002
2024-10-24 15:06:00,B2tekTmmhg9vQt5fofya5qP3j4CXsC26TFnez5Wnpump,0.00041875987559816536,0.00042108663344507063,0.0003971415132939678,0.00041738157740166043,3m,8363719.84616
2024-10-24 15:09:00,B2tekTmmhg9vQt5fofya5qP3j4CXsC26TFnez5Wnpump,0.0004142876815264842,0.00041875987559816536,0.00040923701303443465,0.00041875987559816536,3m,2559823.166685
2024-10-24 15:12:00,B2tekTmmhg9vQt5fofya5qP3j4CXsC26TFnez5Wnpump,0.0004074517048786108,0.0004142876815264842,0.00040566006561277337,0.0004142876815264842,3m,1263616.015776
2024-10-24 15:15:00,B2tekTmmhg9vQt5fofya5qP3j4CXsC26TFnez5Wnpump,0.00041039313165892237,0.00041306944064458214,0.0004074517048786108,0.0004074517048786108,3m,1133657.456804
2024-10-24 15:18:00,B2tekTmmhg9vQt5fofya5qP3j4CXsC26TFnez5Wnpump,0.0004195798672329315,0.00042028626077557867,0.00041039313165892237,0.00041039313165892237,3m,1533632.3995800002
2024-10-24 15:21:00,B2tekTmmhg9vQt5fofya5qP3j4CXsC26TFnez5Wnpump,0.0005569011107174341,0.0006906815971975115,0.0004195798672329315,0.0004195798672329315,3m,35210484.593365
2024-10-24 15:24:00,B2tekTmmhg9vQt5fofya5qP3j4CXsC26TFnez5Wnpump,0.0007141316711273902,0.0007915179238261625,0.0005561898423144803,0.0005569011107174341,3m,25507217.530125
2024-10-24 15:27:00,B2tekTmmhg9vQt5fofya5qP3j4CXsC26TFnez5Wnpump,0.0006569987847389973,0.0007916040650119182,0.0006362116181295359,0.0007141316711273902,3m,19593946.438916
2024-10-24 15:30:00,B2tekTmmhg9vQt5fofya5qP3j4CXsC26TFnez5Wnpump,0.00022176327103106425,0.0006569987847389973,0.00018060466061200133,0.0006569987847389973,3m,145153371.027624
2024-10-24 15:33:00,B2tekTmmhg9vQt5fofya5qP3j4CXsC26TFnez5Wnpump,0.0002593805724131995,0.0002593805724131995,0.00020824022694417366,0.00022176327103106425,3m,31606464.849459004
2024-10-24 15:36:00,B2tekTmmhg9vQt5fofya5qP3j4CXsC26TFnez5Wnpump,0.0002579904849105159,0.00025967661739780316,0.00022740866009477722,0.0002593805724131995,3m,16379657.892172
2024-10-24 15:39:00,B2tekTmmhg9vQt5fofya5qP3j4CXsC26TFnez5Wnpump,0.0002898183780570005,0.0002948140618225555,0.00025781520574011407,0.0002579904849105159,3m,12247723.505131
