datetime,address,c,h,l,o,type,v
2024-11-11 23:33:00,5E643BWj8k71yuJqn9n2QCg589bphjeRzEcgGP2xpump,0.0001591365150258312,0.0002226151661485251,6.891341394240879e-05,8.99846170912485e-05,1m,1433042223.88113
2024-11-11 23:34:00,5E643BWj8k71yuJqn9n2QCg589bphjeRzEcgGP2xpump,8.008811901725208e-05,0.00024083461063196767,7.888676387059924e-05,0.0001591365150258312,1m,1210367080.0949864
2024-11-11 23:35:00,5E643BWj8k71yuJqn9n2QCg589bphjeRzEcgGP2xpump,0.000115308386017364,0.00016084313470130762,7.010875743553552e-05,8.008811901725208e-05,1m,738900189.3149611
2024-11-11 23:36:00,5E643BWj8k71yuJqn9n2QCg589bphjeRzEcgGP2xpump,8.160891064276554e-05,0.00016364887201290217,7.931535893579884e-05,0.000115308386017364,1m,394383044.8778187
2024-11-11 23:37:00,5E643BWj8k71yuJqn9n2QCg589bphjeRzEcgGP2xpump,3.400406411182862e-05,0.00011115756827594507,3.1080426225303045e-05,8.160891064276554e-05,1m,464089875.4952463
2024-11-11 23:38:00,5E643BWj8k71yuJqn9n2QCg589bphjeRzEcgGP2xpump,2.2471825719522944e-05,4.829488506145196e-05,2.2370979512736577e-05,3.400406411182862e-05,1m,355577249.0203339
2024-11-11 23:39:00,5E643BWj8k71yuJqn9n2QCg589bphjeRzEcgGP2xpump,0.00012246212783458663,0.00028822124085674846,1.8951616645866543e-05,2.2471825719522944e-05,1m,1304036257.86124
2024-11-11 23:40:00,5E643BWj8k71yuJqn9n2QCg589bphjeRzEcgGP2xpump,0.0002765330727587007,0.00037487440445248336,0.00012246212783458663,0.00012246212783458663,1m,358464462.8831658
2024-11-11 23:41:00,5E643BWj8k71yuJqn9n2QCg589bphjeRzEcgGP2xpump,0.00043152199757857685,0.0005098659847536577,0.00018805099385920123,0.0002765330727587007,1m,526329887.9779801
2024-11-11 23:42:00,5E643BWj8k71yuJqn9n2QCg589bphjeRzEcgGP2xpump,0.0009058521847737894,0.001108308019912744,0.00040563442216858366,0.00043152199757857685,1m,372003307.3035831
2024-11-11 23:43:00,5E643BWj8k71yuJqn9n2QCg589bphjeRzEcgGP2xpump,0.00041389799420801045,0.0009058521847737894,0.0002692792651722939,0.0009058521847737894,1m,411810364.37601024
2024-11-11 23:44:00,5E643BWj8k71yuJqn9n2QCg589bphjeRzEcgGP2xpump,0.0002865735310835751,0.00048153551924795334,0.00019691133172140214,0.00041389799420801045,1m,735314724.4511342
2024-11-11 23:45:00,5E643BWj8k71yuJqn9n2QCg589bphjeRzEcgGP2xpump,0.00035780522406625616,0.00048680757330709,0.00021184014688073883,0.0002865735310835751,1m,378131676.1232883
2024-11-11 23:46:00,5E643BWj8k71yuJqn9n2QCg589bphjeRzEcgGP2xpump,0.0004963493529104627,0.0008313111542022234,0.0002748595615949801,0.00035780522406625616,1m,404218833.498307
2024-11-11 23:47:00,5E643BWj8k71yuJqn9n2QCg589bphjeRzEcgGP2xpump,0.0003484925418795043,0.0005310796775431799,0.0002552707456541635,0.0004963493529104627,1m,381703845.3981279
2024-11-11 23:48:00,5E643BWj8k71yuJqn9n2QCg589bphjeRzEcgGP2xpump,0.0009320385307272345,0.0014669141021776647,0.0003056156177629154,0.0003484925418795043,1m,586659469.5352285
2024-11-11 23:49:00,5E643BWj8k71yuJqn9n2QCg589bphjeRzEcgGP2xpump,0.0009335118971352388,0.0013756868353569781,0.0007978929410686616,0.0009320385307272345,1m,213712679.66123998
2024-11-11 23:50:00,5E643BWj8k71yuJqn9n2QCg589bphjeRzEcgGP2xpump,0.0010662591434676472,0.001303571020938412,0.0005796364481801783,0.0009335118971352388,1m,313305806.79964536
2024-11-11 23:51:00,5E643BWj8k71yuJqn9n2QCg589bphjeRzEcgGP2xpump,0.0010411053174897173,0.0014334837537729236,0.0007068055445768991,0.0010662591434676472,1m,228332089.52489707
2024-11-11 23:52:00,5E643BWj8k71yuJqn9n2QCg589bphjeRzEcgGP2xpump,0.0009730394505106275,0.001116366050453192,0.0005708729622320524,0.0010411053174897173,1m,313003422.2521412
2024-11-11 23:53:00,5E643BWj8k71yuJqn9n2QCg589bphjeRzEcgGP2xpump,0.0011872461238015978,0.0013345481165504924,0.0007987097572379117,0.0009730394505106275,1m,152144482.43234295
2024-11-11 23:54:00,5E643BWj8k71yuJqn9n2QCg589bphjeRzEcgGP2xpump,0.0010712853031691844,0.001311902150987647,0.0006941132481170545,0.0011872461238015978,1m,161473641.27923512
2024-11-11 23:55:00,5E643BWj8k71yuJqn9n2QCg589bphjeRzEcgGP2xpump,0.0007980028423583171,0.0011018471754958164,0.0006580996149202983,0.0010712853031691844,1m,158898594.42507184
2024-11-11 23:56:00,5E643BWj8k71yuJqn9n2QCg589bphjeRzEcgGP2xpump,0.0009210963328120587,0.001064995601382904,0.0006010147991442494,0.0007980028423583171,1m,183968690.9157078
2024-11-11 23:57:00,5E643BWj8k71yuJqn9n2QCg589bphjeRzEcgGP2xpump,0.0008599333744089625,0.0009997606511884295,0.0007340022898552808,0.0009210963328120587,1m,105059108.17941105
2024-11-11 23:58:00,5E643BWj8k71yuJqn9n2QCg589bphjeRzEcgGP2xpump,0.0007201151477586656,0.0009249271096114579,0.0006514924950837095,0.0008599333744089625,1m,163220985.588999
2024-11-11 23:59:00,5E643BWj8k71yuJqn9n2QCg589bphjeRzEcgGP2xpump,0.0002909029068509107,0.0007830704151345927,0.00023920545859127767,0.0007201151477586656,1m,771823922.982837
2024-11-12 00:00:00,5E643BWj8k71yuJqn9n2QCg589bphjeRzEcgGP2xpump,0.0002028413970400054,0.0002909029068509107,0.00014362215718191873,0.0002909029068509107,1m,897814702.0692745
2024-11-12 00:01:00,5E643BWj8k71yuJqn9n2QCg589bphjeRzEcgGP2xpump,0.00033839355333730494,0.0003632833669808073,0.00014448084900783382,0.0002028413970400054,1m,314157657.492239
2024-11-12 00:02:00,5E643BWj8k71yuJqn9n2QCg589bphjeRzEcgGP2xpump,0.00032563225096065283,0.00038769687995729153,0.00027456302137658417,0.00033839355333730494,1m,179157542.49587384
2024-11-12 00:03:00,5E643BWj8k71yuJqn9n2QCg589bphjeRzEcgGP2xpump,0.0005260368050647282,0.0006875357377503017,0.00028415725918405,0.00032563225096065283,1m,335451170.1186671
2024-11-12 00:04:00,5E643BWj8k71yuJqn9n2QCg589bphjeRzEcgGP2xpump,0.0005998052949375239,0.0007025179356313116,0.0005162642431126769,0.0005260368050647282,1m,140028141.28982887
2024-11-12 00:05:00,5E643BWj8k71yuJqn9n2QCg589bphjeRzEcgGP2xpump,0.0007670343675652208,0.0008689111365658044,0.0005628665587656101,0.0005998052949375239,1m,116165187.783751
2024-11-12 00:06:00,5E643BWj8k71yuJqn9n2QCg589bphjeRzEcgGP2xpump,0.0005746272030340538,0.0009407020218783363,0.0005441374225398455,0.0007670343675652208,1m,137866027.28479803
2024-11-12 00:07:00,5E643BWj8k71yuJqn9n2QCg589bphjeRzEcgGP2xpump,0.0004223710051799595,0.0006253082626316976,0.00040781244957999673,0.0005746272030340538,1m,49589564.33599
2024-11-12 00:08:00,5E643BWj8k71yuJqn9n2QCg589bphjeRzEcgGP2xpump,0.0005168569933348172,0.0005786853346962886,0.00042137540233184344,0.0004223710051799595,1m,75373270.84080498
2024-11-12 00:09:00,5E643BWj8k71yuJqn9n2QCg589bphjeRzEcgGP2xpump,0.0004483534714782724,0.0006338307113937058,0.0003715590634210576,0.0005168569933348172,1m,146528475.63976198
2024-11-12 00:10:00,5E643BWj8k71yuJqn9n2QCg589bphjeRzEcgGP2xpump,0.000332566008918587,0.0004483534714782724,0.00026568683300461825,0.0004483534714782724,1m,161695163.97671506
2024-11-12 00:11:00,5E643BWj8k71yuJqn9n2QCg589bphjeRzEcgGP2xpump,0.0003329639423596993,0.0003699766893046791,0.00032097379262074476,0.000332566008918587,1m,42223167.03967399
2024-11-12 00:12:00,5E643BWj8k71yuJqn9n2QCg589bphjeRzEcgGP2xpump,0.00022065111148289628,0.00033975550842793036,0.00021522951217225415,0.0003329639423596993,1m,213984507.69327906
2024-11-12 00:13:00,5E643BWj8k71yuJqn9n2QCg589bphjeRzEcgGP2xpump,0.00024344507054678614,0.00030358588803904474,0.0002148627085356095,0.00022065111148289628,1m,144026353.39268
2024-11-12 00:14:00,5E643BWj8k71yuJqn9n2QCg589bphjeRzEcgGP2xpump,0.00023687423716715173,0.0002892334998175603,0.00020646486239769257,0.00024344507054678614,1m,89383747.58604798
2024-11-12 00:15:00,5E643BWj8k71yuJqn9n2QCg589bphjeRzEcgGP2xpump,0.0002233513585981439,0.00023687423716715173,0.0001654332464351048,0.00023687423716715173,1m,133079340.949662
2024-11-12 00:16:00,5E643BWj8k71yuJqn9n2QCg589bphjeRzEcgGP2xpump,0.00026505436030984763,0.00026505436030984763,0.00021554738659748733,0.0002233513585981439,1m,58338793.899427004
2024-11-12 00:17:00,5E643BWj8k71yuJqn9n2QCg589bphjeRzEcgGP2xpump,0.00023407431388772614,0.00027416157468220756,0.00022255707625304133,0.00026505436030984763,1m,53335683.24376298
2024-11-12 00:18:00,5E643BWj8k71yuJqn9n2QCg589bphjeRzEcgGP2xpump,0.00010821133651200614,0.00023407431388772614,0.00010395613043658335,0.00023407431388772614,1m,329280083.8900521
2024-11-12 00:19:00,5E643BWj8k71yuJqn9n2QCg589bphjeRzEcgGP2xpump,0.00015465060171807518,0.00016163925147916279,0.00010811144629005482,0.00010821133651200614,1m,128018785.81192099
2024-11-12 00:20:00,5E643BWj8k71yuJqn9n2QCg589bphjeRzEcgGP2xpump,0.00014502217536510584,0.0001594509305550194,0.0001361989203173487,0.00015465060171807518,1m,71641019.39655599
2024-11-12 00:21:00,5E643BWj8k71yuJqn9n2QCg589bphjeRzEcgGP2xpump,0.0001305985698064366,0.0001460284782374915,0.00012317805691365575,0.00014502217536510584,1m,51179569.18042301
2024-11-12 00:22:00,5E643BWj8k71yuJqn9n2QCg589bphjeRzEcgGP2xpump,0.00014089761552241723,0.00016110313092165544,0.0001305985698064366,0.0001305985698064366,1m,88537660.212218
2024-11-12 00:23:00,5E643BWj8k71yuJqn9n2QCg589bphjeRzEcgGP2xpump,0.00018877916233346612,0.00023715024037145358,0.00014011725354455865,0.00014089761552241723,1m,113656769.85412802
2024-11-12 00:24:00,5E643BWj8k71yuJqn9n2QCg589bphjeRzEcgGP2xpump,0.00016216405101571735,0.00019846872697957014,0.00016216405101571735,0.00018877916233346612,1m,36159307.13192199
2024-11-12 00:25:00,5E643BWj8k71yuJqn9n2QCg589bphjeRzEcgGP2xpump,0.00012119439551700072,0.00016368443425029576,0.00012119439551700072,0.00016216405101571735,1m,92687169.99037202
2024-11-12 00:26:00,5E643BWj8k71yuJqn9n2QCg589bphjeRzEcgGP2xpump,0.00019340843422833618,0.0004190110855007917,0.0001188818798387989,0.00012119439551700072,1m,433717815.33919096
2024-11-12 00:27:00,5E643BWj8k71yuJqn9n2QCg589bphjeRzEcgGP2xpump,0.00025115737774194255,0.0002719150173743947,0.00019241804676472485,0.00019340843422833618,1m,140509676.35365802
2024-11-12 00:28:00,5E643BWj8k71yuJqn9n2QCg589bphjeRzEcgGP2xpump,0.0003178198013433401,0.00032315168768172036,0.0002477378741305648,0.00025115737774194255,1m,52959447.632562
2024-11-12 00:29:00,5E643BWj8k71yuJqn9n2QCg589bphjeRzEcgGP2xpump,0.000232513718560999,0.0003790373356984874,0.00022381432013835348,0.0003178198013433401,1m,180801494.69296902
2024-11-12 00:30:00,5E643BWj8k71yuJqn9n2QCg589bphjeRzEcgGP2xpump,0.00027606993549662774,0.00028515296825577086,0.00022874247423882845,0.000232513718560999,1m,114015220.97546598
2024-11-12 00:31:00,5E643BWj8k71yuJqn9n2QCg589bphjeRzEcgGP2xpump,0.0002608927522110398,0.0002945137736656157,0.0002570570529568759,0.00027606993549662774,1m,46117248.15024399
2024-11-12 00:32:00,5E643BWj8k71yuJqn9n2QCg589bphjeRzEcgGP2xpump,0.0003586635486607187,0.0003746552164650099,0.0002442313552119335,0.0002608927522110398,1m,110234826.613689
2024-11-12 00:33:00,5E643BWj8k71yuJqn9n2QCg589bphjeRzEcgGP2xpump,0.0004448520569561192,0.0004448520569561192,0.0003586635486607187,0.0003586635486607187,1m,35849813.096539006
2024-11-12 00:34:00,5E643BWj8k71yuJqn9n2QCg589bphjeRzEcgGP2xpump,0.00047560240659342477,0.0005541470198112189,0.0004292338937371386,0.0004448520569561192,1m,47772739.111931
2024-11-12 00:35:00,5E643BWj8k71yuJqn9n2QCg589bphjeRzEcgGP2xpump,0.0004221949981209523,0.0005944289268529165,0.00039284278199048215,0.00047560240659342477,1m,90548196.54070702
2024-11-12 00:36:00,5E643BWj8k71yuJqn9n2QCg589bphjeRzEcgGP2xpump,0.000564114061273029,0.0008800734704185863,0.00039924655060691685,0.0004221949981209523,1m,143957938.88091692
2024-11-12 00:37:00,5E643BWj8k71yuJqn9n2QCg589bphjeRzEcgGP2xpump,0.0005731595822255978,0.0006842902286443557,0.0004991659311980684,0.000564114061273029,1m,101340539.60666202
2024-11-12 00:38:00,5E643BWj8k71yuJqn9n2QCg589bphjeRzEcgGP2xpump,0.0004748997964404566,0.0006743879883794323,0.0004721247295633139,0.0005731595822255978,1m,59724423.64490798
2024-11-12 00:39:00,5E643BWj8k71yuJqn9n2QCg589bphjeRzEcgGP2xpump,0.00043275349002206304,0.0004857470716320864,0.00040104086209581007,0.0004748997964404566,1m,40294944.903046995
2024-11-12 00:40:00,5E643BWj8k71yuJqn9n2QCg589bphjeRzEcgGP2xpump,0.0006175141825653642,0.0006175141825653642,0.00043034527325774645,0.00043275349002206304,1m,67588372.40863404
2024-11-12 00:41:00,5E643BWj8k71yuJqn9n2QCg589bphjeRzEcgGP2xpump,0.000719452872669926,0.0008938243646443629,0.000562309219110165,0.0006175141825653642,1m,86831005.09450702
2024-11-12 00:42:00,5E643BWj8k71yuJqn9n2QCg589bphjeRzEcgGP2xpump,0.0006204282614637069,0.000754246519394813,0.0006122513177480995,0.000719452872669926,1m,32926232.750375994
2024-11-12 00:43:00,5E643BWj8k71yuJqn9n2QCg589bphjeRzEcgGP2xpump,0.0006773972794150417,0.0007989394128288568,0.0006068598283271484,0.0006204282614637069,1m,37027228.78123401
2024-11-12 00:44:00,5E643BWj8k71yuJqn9n2QCg589bphjeRzEcgGP2xpump,0.0008581074184834395,0.0009249919836976481,0.0006773972794150417,0.0006773972794150417,1m,54225644.48585101
2024-11-12 00:45:00,5E643BWj8k71yuJqn9n2QCg589bphjeRzEcgGP2xpump,0.0009025114483022743,0.0012088893731122896,0.0006927249514289718,0.0008581074184834395,1m,102577105.77200596
2024-11-12 00:46:00,5E643BWj8k71yuJqn9n2QCg589bphjeRzEcgGP2xpump,0.0009917566856860423,0.0011871941684953558,0.0008587934664441836,0.0009025114483022743,1m,76343434.054516
2024-11-12 00:47:00,5E643BWj8k71yuJqn9n2QCg589bphjeRzEcgGP2xpump,0.000903836307878912,0.001036673692624232,0.0008304481756608894,0.0009917566856860423,1m,42571800.243811995
2024-11-12 00:48:00,5E643BWj8k71yuJqn9n2QCg589bphjeRzEcgGP2xpump,0.0009681743771436682,0.0010375295811301262,0.0008917027635855564,0.000903836307878912,1m,27994460.478885002
2024-11-12 00:49:00,5E643BWj8k71yuJqn9n2QCg589bphjeRzEcgGP2xpump,0.0008283161528907907,0.0009857611567009547,0.0008283161528907907,0.0009681743771436682,1m,30022026.859370995
2024-11-12 00:50:00,5E643BWj8k71yuJqn9n2QCg589bphjeRzEcgGP2xpump,0.000714846352558264,0.0009264640491941136,0.0006778570399224794,0.0008283161528907907,1m,81177070.22355701
2024-11-12 00:51:00,5E643BWj8k71yuJqn9n2QCg589bphjeRzEcgGP2xpump,0.0008114176191140917,0.000888446266770449,0.000649788511392268,0.000714846352558264,1m,42258234.537990995
2024-11-12 00:52:00,5E643BWj8k71yuJqn9n2QCg589bphjeRzEcgGP2xpump,0.001044142262101419,0.0010600716481097092,0.0008015673109110325,0.0008114176191140917,1m,31531343.373481993
2024-11-12 00:53:00,5E643BWj8k71yuJqn9n2QCg589bphjeRzEcgGP2xpump,0.0010416306402065588,0.0012250342311721483,0.0010416306402065588,0.001044142262101419,1m,33803296.23361201
2024-11-12 00:54:00,5E643BWj8k71yuJqn9n2QCg589bphjeRzEcgGP2xpump,0.0009490413441077289,0.0012512821510382432,0.0008508234742436353,0.0010416306402065588,1m,34430833.943449005
2024-11-12 00:55:00,5E643BWj8k71yuJqn9n2QCg589bphjeRzEcgGP2xpump,0.0010881843941396585,0.0010921898468219322,0.0009424907983946431,0.0009490413441077289,1m,17438881.955258008
2024-11-12 00:56:00,5E643BWj8k71yuJqn9n2QCg589bphjeRzEcgGP2xpump,0.0008957906574727613,0.0010881843941396585,0.0008442923837304145,0.0010881843941396585,1m,18260516.03408
2024-11-12 00:57:00,5E643BWj8k71yuJqn9n2QCg589bphjeRzEcgGP2xpump,0.0016042458416275559,0.0018398289548634233,0.0008915433790246132,0.0008957906574727613,1m,88488617.14569297
2024-11-12 00:58:00,5E643BWj8k71yuJqn9n2QCg589bphjeRzEcgGP2xpump,0.002162589231034608,0.002716858348688456,0.0012389601694471426,0.0016042458416275559,1m,220929520.90823
2024-11-12 00:59:00,5E643BWj8k71yuJqn9n2QCg589bphjeRzEcgGP2xpump,0.001819218838724878,0.002467464917013616,0.0015389445126300489,0.002162589231034608,1m,120119125.81486788
2024-11-12 01:00:00,5E643BWj8k71yuJqn9n2QCg589bphjeRzEcgGP2xpump,0.0020423468464550684,0.0023119477532894733,0.001381063324127102,0.001819218838724878,1m,57501568.66414201
2024-11-12 01:01:00,5E643BWj8k71yuJqn9n2QCg589bphjeRzEcgGP2xpump,0.0023281619406671267,0.002646566650040017,0.001977851095729522,0.0020423468464550684,1m,60382043.11910997
2024-11-12 01:02:00,5E643BWj8k71yuJqn9n2QCg589bphjeRzEcgGP2xpump,0.0029522769958847703,0.003003288313742282,0.002087848218252229,0.0023281619406671267,1m,81992447.54143803
2024-11-12 01:03:00,5E643BWj8k71yuJqn9n2QCg589bphjeRzEcgGP2xpump,0.002508122896008712,0.0031534681377665607,0.002317207266575343,0.0029522769958847703,1m,80712321.14980102
2024-11-12 01:04:00,5E643BWj8k71yuJqn9n2QCg589bphjeRzEcgGP2xpump,0.0024447680182649156,0.003025507426832851,0.00228233057146325,0.002508122896008712,1m,68075319.24630697
2024-11-12 01:05:00,5E643BWj8k71yuJqn9n2QCg589bphjeRzEcgGP2xpump,0.0023535341085347064,0.00248118343325397,0.0021427749567174254,0.0024447680182649156,1m,50694237.844933994
2024-11-12 01:06:00,5E643BWj8k71yuJqn9n2QCg589bphjeRzEcgGP2xpump,0.0027774498035580894,0.0028035483389733766,0.0022798910834493356,0.0023535341085347064,1m,37263841.778297
2024-11-12 01:07:00,5E643BWj8k71yuJqn9n2QCg589bphjeRzEcgGP2xpump,0.002374098801162295,0.002787734458352162,0.0022139575412998607,0.0027774498035580894,1m,46916523.33932799
2024-11-12 01:08:00,5E643BWj8k71yuJqn9n2QCg589bphjeRzEcgGP2xpump,0.002209609255650909,0.0024395690959811453,0.001953948748595684,0.002374098801162295,1m,49664608.419280976
2024-11-12 01:09:00,5E643BWj8k71yuJqn9n2QCg589bphjeRzEcgGP2xpump,0.0023628018015848,0.0029967234115046543,0.002209609255650909,0.002209609255650909,1m,43257451.89087599
2024-11-12 01:10:00,5E643BWj8k71yuJqn9n2QCg589bphjeRzEcgGP2xpump,0.0019420793548386506,0.0024050794763752375,0.0016778942236925518,0.0023628018015848,1m,49319531.420285
2024-11-12 01:11:00,5E643BWj8k71yuJqn9n2QCg589bphjeRzEcgGP2xpump,0.002145371040552716,0.0021712805140103,0.001909999795946669,0.0019420793548386506,1m,17281140.426269002
2024-11-12 01:12:00,5E643BWj8k71yuJqn9n2QCg589bphjeRzEcgGP2xpump,0.002263173668423795,0.0022812903710753307,0.0021058905141986438,0.002145371040552716,1m,14903263.240377998
2024-11-12 01:13:00,5E643BWj8k71yuJqn9n2QCg589bphjeRzEcgGP2xpump,0.0024952355559012224,0.0031396753321640066,0.00225674864637409,0.002263173668423795,1m,47169712.93168203
2024-11-12 01:14:00,5E643BWj8k71yuJqn9n2QCg589bphjeRzEcgGP2xpump,0.002879842208708718,0.003564895422094521,0.0023692919495331365,0.0024952355559012224,1m,45353662.15807499
2024-11-12 01:15:00,5E643BWj8k71yuJqn9n2QCg589bphjeRzEcgGP2xpump,0.003026426552959734,0.0038582541888226947,0.002615524397012386,0.002879842208708718,1m,42775255.784711
2024-11-12 01:16:00,5E643BWj8k71yuJqn9n2QCg589bphjeRzEcgGP2xpump,0.0030542942795933883,0.0035670357074904127,0.0026881519454049576,0.003026426552959734,1m,56841645.16834804
2024-11-12 01:17:00,5E643BWj8k71yuJqn9n2QCg589bphjeRzEcgGP2xpump,0.002497957941366143,0.003080597915901316,0.002299714090691973,0.0030542942795933883,1m,39137585.55115001
2024-11-12 01:18:00,5E643BWj8k71yuJqn9n2QCg589bphjeRzEcgGP2xpump,0.0026565815601793186,0.0028029110494055525,0.0023413565869525132,0.002497957941366143,1m,30660376.165328994
2024-11-12 01:19:00,5E643BWj8k71yuJqn9n2QCg589bphjeRzEcgGP2xpump,0.0028942775205281768,0.003099167431632027,0.002556734682092925,0.0026565815601793186,1m,18421552.898862
2024-11-12 01:20:00,5E643BWj8k71yuJqn9n2QCg589bphjeRzEcgGP2xpump,0.002491796752636018,0.0029446386925136114,0.0023548797811175767,0.0028942775205281768,1m,31993817.73369998
2024-11-12 01:21:00,5E643BWj8k71yuJqn9n2QCg589bphjeRzEcgGP2xpump,0.0026149013307196632,0.0027465861736970802,0.002412363558048217,0.002491796752636018,1m,17130563.273057997
2024-11-12 01:22:00,5E643BWj8k71yuJqn9n2QCg589bphjeRzEcgGP2xpump,0.00206019371835824,0.0026606401818231734,0.00206019371835824,0.0026149013307196632,1m,27449448.259062
2024-11-12 01:23:00,5E643BWj8k71yuJqn9n2QCg589bphjeRzEcgGP2xpump,0.001635769085376135,0.002371081447423665,0.0016260618705166193,0.00206019371835824,1m,89166166.18493901
2024-11-12 01:24:00,5E643BWj8k71yuJqn9n2QCg589bphjeRzEcgGP2xpump,0.0021800737829727472,0.002346938055782305,0.0014055227415031898,0.001635769085376135,1m,85841438.62343302
2024-11-12 01:25:00,5E643BWj8k71yuJqn9n2QCg589bphjeRzEcgGP2xpump,0.00197561795254484,0.0021800737829727472,0.0019649231594713193,0.0021800737829727472,1m,13049354.518350003
2024-11-12 01:26:00,5E643BWj8k71yuJqn9n2QCg589bphjeRzEcgGP2xpump,0.0019242304729755635,0.002016803527832673,0.001850116520858635,0.00197561795254484,1m,13351728.256901996
2024-11-12 01:27:00,5E643BWj8k71yuJqn9n2QCg589bphjeRzEcgGP2xpump,0.0016463964428669118,0.0019242304729755635,0.0014526001855518942,0.0019242304729755635,1m,42514174.19499402
2024-11-12 01:28:00,5E643BWj8k71yuJqn9n2QCg589bphjeRzEcgGP2xpump,0.0019928502653344445,0.0020171529659540675,0.0016267271913345319,0.0016463964428669118,1m,26183547.451517005
2024-11-12 01:29:00,5E643BWj8k71yuJqn9n2QCg589bphjeRzEcgGP2xpump,0.0020686499650395085,0.002169870826724284,0.0019432084262167428,0.0019928502653344445,1m,23142876.31217301
2024-11-12 01:30:00,5E643BWj8k71yuJqn9n2QCg589bphjeRzEcgGP2xpump,0.0019081598599613404,0.0020845338627920405,0.0019072125350382409,0.0020686499650395085,1m,8567357.377634998
2024-11-12 01:31:00,5E643BWj8k71yuJqn9n2QCg589bphjeRzEcgGP2xpump,0.0018161295150675694,0.0019200747354852922,0.0017875400004297183,0.0019081598599613404,1m,10333578.331835994
2024-11-12 01:32:00,5E643BWj8k71yuJqn9n2QCg589bphjeRzEcgGP2xpump,0.00182712834100445,0.002015957230160432,0.0016722769637296832,0.0018161295150675694,1m,22221136.546049003
2024-11-12 01:33:00,5E643BWj8k71yuJqn9n2QCg589bphjeRzEcgGP2xpump,0.0017409052911859313,0.0019121587847183029,0.0017409052911859313,0.00182712834100445,1m,8583055.537995998
2024-11-12 01:34:00,5E643BWj8k71yuJqn9n2QCg589bphjeRzEcgGP2xpump,0.0020201415826235185,0.002027228977399869,0.0017409052911859313,0.0017409052911859313,1m,14793343.670550002
2024-11-12 01:35:00,5E643BWj8k71yuJqn9n2QCg589bphjeRzEcgGP2xpump,0.0017866160221019884,0.0020313122794181687,0.0017769634450463237,0.0020201415826235185,1m,8661845.298415
2024-11-12 01:36:00,5E643BWj8k71yuJqn9n2QCg589bphjeRzEcgGP2xpump,0.0016768401828672005,0.0017968699514173557,0.0016404890698478538,0.0017866160221019884,1m,8276720.654308005
2024-11-12 01:37:00,5E643BWj8k71yuJqn9n2QCg589bphjeRzEcgGP2xpump,0.001748396074451666,0.001759383430946455,0.0016454693865285445,0.0016768401828672005,1m,8972231.443524998
2024-11-12 01:38:00,5E643BWj8k71yuJqn9n2QCg589bphjeRzEcgGP2xpump,0.001909892598471326,0.0019708901064981856,0.0017426185961223195,0.001748396074451666,1m,9001314.668302003
2024-11-12 01:39:00,5E643BWj8k71yuJqn9n2QCg589bphjeRzEcgGP2xpump,0.0016521881387681343,0.0019640530315431564,0.0016164618410861127,0.001909892598471326,1m,14749133.41981899
2024-11-12 01:40:00,5E643BWj8k71yuJqn9n2QCg589bphjeRzEcgGP2xpump,0.0019519098605854939,0.002075388474910594,0.0016521881387681343,0.0016521881387681343,1m,19354065.062627017
2024-11-12 01:41:00,5E643BWj8k71yuJqn9n2QCg589bphjeRzEcgGP2xpump,0.001764559744437768,0.001978754106136206,0.001763257944033249,0.0019519098605854939,1m,11401502.485298997
2024-11-12 01:42:00,5E643BWj8k71yuJqn9n2QCg589bphjeRzEcgGP2xpump,0.0018375521643730476,0.0019468201332309804,0.0017527951080784521,0.001764559744437768,1m,11426226.232810002
2024-11-12 01:43:00,5E643BWj8k71yuJqn9n2QCg589bphjeRzEcgGP2xpump,0.002182089229917537,0.002192801281487076,0.0018305626317901512,0.0018375521643730476,1m,16304188.080997003
2024-11-12 01:44:00,5E643BWj8k71yuJqn9n2QCg589bphjeRzEcgGP2xpump,0.0018705727773975975,0.00221395305046833,0.0017604747614770827,0.002182089229917537,1m,37069288.987727
2024-11-12 01:45:00,5E643BWj8k71yuJqn9n2QCg589bphjeRzEcgGP2xpump,0.002314199297660989,0.0024657343690586654,0.0018705727773975975,0.0018705727773975975,1m,24446958.783224996
2024-11-12 01:46:00,5E643BWj8k71yuJqn9n2QCg589bphjeRzEcgGP2xpump,0.00243908436853124,0.002445418150398829,0.0018201114995121373,0.002314199297660989,1m,26949836.70868699
2024-11-12 01:47:00,5E643BWj8k71yuJqn9n2QCg589bphjeRzEcgGP2xpump,0.002647643829361505,0.002749510849051317,0.0021339807655376313,0.00243908436853124,1m,27355082.617948998
2024-11-12 01:48:00,5E643BWj8k71yuJqn9n2QCg589bphjeRzEcgGP2xpump,0.0025107501235984817,0.002695292588796806,0.0022076185919227722,0.002647643829361505,1m,24228609.58435499
2024-11-12 01:49:00,5E643BWj8k71yuJqn9n2QCg589bphjeRzEcgGP2xpump,0.0024053520243944217,0.002535455920484845,0.0022456570104476855,0.0025107501235984817,1m,14700900.829063004
2024-11-12 01:50:00,5E643BWj8k71yuJqn9n2QCg589bphjeRzEcgGP2xpump,0.002430184572644892,0.002630971276995222,0.0023499006634982913,0.0024053520243944217,1m,10486062.877229994
2024-11-12 01:51:00,5E643BWj8k71yuJqn9n2QCg589bphjeRzEcgGP2xpump,0.002335860288401761,0.002758207924805707,0.0022141190526089693,0.002430184572644892,1m,21697518.65841799
2024-11-12 01:52:00,5E643BWj8k71yuJqn9n2QCg589bphjeRzEcgGP2xpump,0.0020523924047575596,0.002339301470516925,0.0018564684247745948,0.002335860288401761,1m,20554046.538324002
2024-11-12 01:53:00,5E643BWj8k71yuJqn9n2QCg589bphjeRzEcgGP2xpump,0.0021538903294027315,0.002161680062042504,0.001820847387238578,0.0020523924047575596,1m,25739759.747264013
2024-11-12 01:54:00,5E643BWj8k71yuJqn9n2QCg589bphjeRzEcgGP2xpump,0.002107837371545625,0.0021812118897027934,0.0019299986378038443,0.0021538903294027315,1m,18160087.194298998
2024-11-12 01:55:00,5E643BWj8k71yuJqn9n2QCg589bphjeRzEcgGP2xpump,0.0018916539065424625,0.0021496949020711345,0.0018916539065424625,0.002107837371545625,1m,8962514.113139998
2024-11-12 01:56:00,5E643BWj8k71yuJqn9n2QCg589bphjeRzEcgGP2xpump,0.001897590052246523,0.002047960954942358,0.0017489719438416606,0.0018916539065424625,1m,15747354.829884999
2024-11-12 01:57:00,5E643BWj8k71yuJqn9n2QCg589bphjeRzEcgGP2xpump,0.0020463941326353697,0.0020545214390268155,0.001859839363011027,0.001897590052246523,1m,8294559.151261999
2024-11-12 01:58:00,5E643BWj8k71yuJqn9n2QCg589bphjeRzEcgGP2xpump,0.002339416329960783,0.0026116031597460433,0.00203550591833031,0.0020463941326353697,1m,17854935.150473
2024-11-12 01:59:00,5E643BWj8k71yuJqn9n2QCg589bphjeRzEcgGP2xpump,0.002572851134813427,0.0026076648734476623,0.0022487446199121203,0.002339416329960783,1m,12372186.158373993
2024-11-12 02:00:00,5E643BWj8k71yuJqn9n2QCg589bphjeRzEcgGP2xpump,0.003134454309889435,0.004232159867134498,0.00251206866332085,0.002572851134813427,1m,43074852.298851006
2024-11-12 02:01:00,5E643BWj8k71yuJqn9n2QCg589bphjeRzEcgGP2xpump,0.0031135303023369382,0.003273680565852544,0.0028736692497674204,0.003134454309889435,1m,14004009.895595996
2024-11-12 02:02:00,5E643BWj8k71yuJqn9n2QCg589bphjeRzEcgGP2xpump,0.0030717350721534233,0.0034389554583532343,0.0029119881919148776,0.0031135303023369382,1m,14004245.121512007
2024-11-12 02:03:00,5E643BWj8k71yuJqn9n2QCg589bphjeRzEcgGP2xpump,0.002979414672314621,0.0032794269883757885,0.002979414672314621,0.0030717350721534233,1m,8431084.042064
2024-11-12 02:04:00,5E643BWj8k71yuJqn9n2QCg589bphjeRzEcgGP2xpump,0.0029010166747051613,0.0031166412541116227,0.0026649411561278993,0.002979414672314621,1m,15888816.282820992
2024-11-12 02:05:00,5E643BWj8k71yuJqn9n2QCg589bphjeRzEcgGP2xpump,0.0025896129464776426,0.0029589559460587236,0.0025604826666301124,0.0029010166747051613,1m,7316751.022039001
2024-11-12 02:06:00,5E643BWj8k71yuJqn9n2QCg589bphjeRzEcgGP2xpump,0.0027795441008490857,0.003057389869307633,0.0025590055715609423,0.0025896129464776426,1m,10678031.410045996
2024-11-12 02:07:00,5E643BWj8k71yuJqn9n2QCg589bphjeRzEcgGP2xpump,0.002689452617441483,0.002951229580817287,0.002608397984753048,0.0027795441008490857,1m,14288747.612350997
2024-11-12 02:08:00,5E643BWj8k71yuJqn9n2QCg589bphjeRzEcgGP2xpump,0.0025455905123521923,0.0027525383081235537,0.0025269917455725405,0.002689452617441483,1m,9562610.916491996
2024-11-12 02:09:00,5E643BWj8k71yuJqn9n2QCg589bphjeRzEcgGP2xpump,0.0026009421035411056,0.003178997723451093,0.0022728066824194916,0.0025455905123521923,1m,30770570.50174002
2024-11-12 02:10:00,5E643BWj8k71yuJqn9n2QCg589bphjeRzEcgGP2xpump,0.002368604003393438,0.002684391197060298,0.0023553547222269857,0.0026009421035411056,1m,16727224.907279003
2024-11-12 02:11:00,5E643BWj8k71yuJqn9n2QCg589bphjeRzEcgGP2xpump,0.0025271185753644935,0.0026106362749089953,0.0022678066617995386,0.002368604003393438,1m,15855482.117386995
2024-11-12 02:12:00,5E643BWj8k71yuJqn9n2QCg589bphjeRzEcgGP2xpump,0.002224344975080268,0.002548844792236099,0.002224344975080268,0.0025271185753644935,1m,9587992.770313995
2024-11-12 02:13:00,5E643BWj8k71yuJqn9n2QCg589bphjeRzEcgGP2xpump,0.0024545311542421944,0.002484128252707053,0.002069749785365517,0.002224344975080268,1m,17287943.185737997
2024-11-12 02:14:00,5E643BWj8k71yuJqn9n2QCg589bphjeRzEcgGP2xpump,0.002967404432630231,0.003332169785708609,0.00239685119210379,0.0024545311542421944,1m,27233314.922101
2024-11-12 02:15:00,5E643BWj8k71yuJqn9n2QCg589bphjeRzEcgGP2xpump,0.0030141577735868902,0.003222374456149404,0.0027805004305852584,0.002967404432630231,1m,13928858.172320005
2024-11-12 02:16:00,5E643BWj8k71yuJqn9n2QCg589bphjeRzEcgGP2xpump,0.0035888013655307866,0.003625829437181828,0.0028824275511074634,0.0030141577735868902,1m,11705631.401373003
2024-11-12 02:17:00,5E643BWj8k71yuJqn9n2QCg589bphjeRzEcgGP2xpump,0.0033374583005935767,0.0036098418289399175,0.0032914664805626086,0.0035888013655307866,1m,14504229.246346006
2024-11-12 02:18:00,5E643BWj8k71yuJqn9n2QCg589bphjeRzEcgGP2xpump,0.0035297800318978174,0.0037524851361172467,0.0032895172512909213,0.0033374583005935767,1m,14533893.114622008
2024-11-12 02:19:00,5E643BWj8k71yuJqn9n2QCg589bphjeRzEcgGP2xpump,0.0033352475315315475,0.003813344831195476,0.002723112840267018,0.0035297800318978174,1m,38131545.12678001
2024-11-12 02:20:00,5E643BWj8k71yuJqn9n2QCg589bphjeRzEcgGP2xpump,0.003304118308807156,0.003912361866583714,0.0031623566424076027,0.0033352475315315475,1m,17243516.048864
2024-11-12 02:21:00,5E643BWj8k71yuJqn9n2QCg589bphjeRzEcgGP2xpump,0.0035094170001119408,0.005005115752720413,0.0030989755648599387,0.003304118308807156,1m,37260212.86648103
2024-11-12 02:22:00,5E643BWj8k71yuJqn9n2QCg589bphjeRzEcgGP2xpump,0.0035982484310079807,0.004563381702620902,0.0033274529779801425,0.0035094170001119408,1m,23027459.919955004
2024-11-12 02:23:00,5E643BWj8k71yuJqn9n2QCg589bphjeRzEcgGP2xpump,0.0033816484291204632,0.0038860859741470396,0.0033816484291204632,0.0035982484310079807,1m,8098985.17552
2024-11-12 02:24:00,5E643BWj8k71yuJqn9n2QCg589bphjeRzEcgGP2xpump,0.0036112717370154843,0.004107759566607235,0.0031788878730123604,0.0033816484291204632,1m,25440446.801904008
2024-11-12 02:25:00,5E643BWj8k71yuJqn9n2QCg589bphjeRzEcgGP2xpump,0.004103356097017345,0.004307726859520207,0.0036112717370154843,0.0036112717370154843,1m,16703287.037295999
2024-11-12 02:26:00,5E643BWj8k71yuJqn9n2QCg589bphjeRzEcgGP2xpump,0.004029018816904753,0.00481077767361871,0.003945843888099147,0.004103356097017345,1m,23775058.348074995
2024-11-12 02:27:00,5E643BWj8k71yuJqn9n2QCg589bphjeRzEcgGP2xpump,0.004015796697171136,0.004333377483464372,0.0035267182636932945,0.004029018816904753,1m,31870947.139523998
2024-11-12 02:28:00,5E643BWj8k71yuJqn9n2QCg589bphjeRzEcgGP2xpump,0.00347012390846084,0.004308957257663604,0.0031682293457272683,0.004015796697171136,1m,42988992.93113602
2024-11-12 02:29:00,5E643BWj8k71yuJqn9n2QCg589bphjeRzEcgGP2xpump,0.0032628706329734195,0.0036950725220054373,0.00313544852801276,0.00347012390846084,1m,32683173.07977702
2024-11-12 02:30:00,5E643BWj8k71yuJqn9n2QCg589bphjeRzEcgGP2xpump,0.003502394049119869,0.0035192391564897716,0.0032496637924697975,0.0032628706329734195,1m,8241458.194072
2024-11-12 02:31:00,5E643BWj8k71yuJqn9n2QCg589bphjeRzEcgGP2xpump,0.0030748284906822626,0.003537170477579352,0.0030587271187073046,0.003502394049119869,1m,14567805.190925002
2024-11-12 02:32:00,5E643BWj8k71yuJqn9n2QCg589bphjeRzEcgGP2xpump,0.002583990577419427,0.0032128826679534866,0.0021180557128411743,0.0030748284906822626,1m,74324806.12340806
2024-11-12 02:33:00,5E643BWj8k71yuJqn9n2QCg589bphjeRzEcgGP2xpump,0.003112539882716992,0.0044572231478486836,0.0024801660338628463,0.002583990577419427,1m,137853144.21158895
2024-11-12 02:34:00,5E643BWj8k71yuJqn9n2QCg589bphjeRzEcgGP2xpump,0.0034428161856973095,0.00398087537584657,0.0030313334254789123,0.003112539882716992,1m,37776069.875203
2024-11-12 02:35:00,5E643BWj8k71yuJqn9n2QCg589bphjeRzEcgGP2xpump,0.003392812839882322,0.004428351360670256,0.0032814362201220963,0.0034428161856973095,1m,32183414.880809
2024-11-12 02:36:00,5E643BWj8k71yuJqn9n2QCg589bphjeRzEcgGP2xpump,0.002784180220122798,0.0034629549248129917,0.002767164924542528,0.003392812839882322,1m,19700980.88543099
2024-11-12 02:37:00,5E643BWj8k71yuJqn9n2QCg589bphjeRzEcgGP2xpump,0.003042717967722649,0.0032604949766960934,0.0027810046437442043,0.002784180220122798,1m,19649787.18550301
2024-11-12 02:38:00,5E643BWj8k71yuJqn9n2QCg589bphjeRzEcgGP2xpump,0.0028448514021338525,0.003343638526061517,0.0026570134440035546,0.003042717967722649,1m,27621588.616085995
2024-11-12 02:39:00,5E643BWj8k71yuJqn9n2QCg589bphjeRzEcgGP2xpump,0.002865505022440786,0.003800003633365413,0.002465667269384521,0.0028448514021338525,1m,46597575.97097099
2024-11-12 02:40:00,5E643BWj8k71yuJqn9n2QCg589bphjeRzEcgGP2xpump,0.0031037117942556776,0.00341436525333379,0.0027592903122776757,0.002865505022440786,1m,26333175.94384001
2024-11-12 02:41:00,5E643BWj8k71yuJqn9n2QCg589bphjeRzEcgGP2xpump,0.0030324635339930074,0.0032197842365091585,0.0024224107112587275,0.0031037117942556776,1m,23970165.982401
2024-11-12 02:42:00,5E643BWj8k71yuJqn9n2QCg589bphjeRzEcgGP2xpump,0.002981371722112634,0.0033988448983641112,0.0026876388362326916,0.0030324635339930074,1m,24511021.741609
2024-11-12 02:43:00,5E643BWj8k71yuJqn9n2QCg589bphjeRzEcgGP2xpump,0.0027010249576064882,0.0031330440424567735,0.002366575265247554,0.002981371722112634,1m,27809807.449768007
2024-11-12 02:44:00,5E643BWj8k71yuJqn9n2QCg589bphjeRzEcgGP2xpump,0.00233602885299787,0.002785990688782755,0.002277170536172667,0.0027010249576064882,1m,40629989.11662302
2024-11-12 02:45:00,5E643BWj8k71yuJqn9n2QCg589bphjeRzEcgGP2xpump,0.0026611159041241006,0.0029185221864183623,0.00233602885299787,0.00233602885299787,1m,35040549.79975199
2024-11-12 02:46:00,5E643BWj8k71yuJqn9n2QCg589bphjeRzEcgGP2xpump,0.0023532524136795126,0.00308373068876345,0.0019819838167661327,0.0026611159041241006,1m,51731106.87707798
2024-11-12 02:47:00,5E643BWj8k71yuJqn9n2QCg589bphjeRzEcgGP2xpump,0.0024045294688276476,0.0027673743829679668,0.0022096899106491133,0.0023532524136795126,1m,34050674.713865004
2024-11-12 02:48:00,5E643BWj8k71yuJqn9n2QCg589bphjeRzEcgGP2xpump,0.0022741478239385847,0.003167627929934357,0.0020831610380157998,0.0024045294688276476,1m,66217335.82061902
2024-11-12 02:49:00,5E643BWj8k71yuJqn9n2QCg589bphjeRzEcgGP2xpump,0.0023068945635714906,0.0030914135642625576,0.0019126342235519908,0.0022741478239385847,1m,87596503.27326104
2024-11-12 02:50:00,5E643BWj8k71yuJqn9n2QCg589bphjeRzEcgGP2xpump,0.002463677484068836,0.002690818389972062,0.0022031051960789117,0.0023068945635714906,1m,34571769.17197397
2024-11-12 02:51:00,5E643BWj8k71yuJqn9n2QCg589bphjeRzEcgGP2xpump,0.0027308011243504307,0.003284847415522504,0.002463677484068836,0.002463677484068836,1m,27371712.348226998
2024-11-12 02:52:00,5E643BWj8k71yuJqn9n2QCg589bphjeRzEcgGP2xpump,0.0026726199562519815,0.0031079841612949395,0.002571922025875877,0.0027308011243504307,1m,40277476.48770201
2024-11-12 02:53:00,5E643BWj8k71yuJqn9n2QCg589bphjeRzEcgGP2xpump,0.002562172342254903,0.0033051234053834556,0.0022978715101819665,0.0026726199562519815,1m,82080721.08669697
2024-11-12 02:54:00,5E643BWj8k71yuJqn9n2QCg589bphjeRzEcgGP2xpump,0.0025493025006358676,0.0027242332636003776,0.0020411880389065635,0.002562172342254903,1m,27067153.871974
2024-11-12 02:55:00,5E643BWj8k71yuJqn9n2QCg589bphjeRzEcgGP2xpump,0.0028819584144609686,0.0030434860246883184,0.0025287209710926945,0.0025493025006358676,1m,22634201.15892598
2024-11-12 02:56:00,5E643BWj8k71yuJqn9n2QCg589bphjeRzEcgGP2xpump,0.0031235984696542183,0.0031935495341486983,0.0027298514892879003,0.0028819584144609686,1m,27388555.077142
2024-11-12 02:57:00,5E643BWj8k71yuJqn9n2QCg589bphjeRzEcgGP2xpump,0.0031088125296029516,0.003387615629454805,0.002540615713456987,0.0031235984696542183,1m,35721765.38962002
2024-11-12 02:58:00,5E643BWj8k71yuJqn9n2QCg589bphjeRzEcgGP2xpump,0.003206068667264909,0.00337780977114939,0.0028825098487773914,0.0031088125296029516,1m,17347888.803962994
2024-11-12 02:59:00,5E643BWj8k71yuJqn9n2QCg589bphjeRzEcgGP2xpump,0.002972922350859343,0.003357349025445691,0.0029286588813922294,0.003206068667264909,1m,14689715.430583008
2024-11-12 03:00:00,5E643BWj8k71yuJqn9n2QCg589bphjeRzEcgGP2xpump,0.0028460424671302885,0.002972922350859343,0.0026110852908172574,0.002972922350859343,1m,12858606.159812002
2024-11-12 03:01:00,5E643BWj8k71yuJqn9n2QCg589bphjeRzEcgGP2xpump,0.0028877877472041416,0.003277636930530362,0.00266271190104935,0.0028460424671302885,1m,13390879.568901002
2024-11-12 03:02:00,5E643BWj8k71yuJqn9n2QCg589bphjeRzEcgGP2xpump,0.002492453096042284,0.0029639803945544795,0.002442750705006516,0.0028877877472041416,1m,27057326.784622997
2024-11-12 03:03:00,5E643BWj8k71yuJqn9n2QCg589bphjeRzEcgGP2xpump,0.00251585010780521,0.002700321009440156,0.0024441998188270697,0.002492453096042284,1m,18616451.896515
2024-11-12 03:04:00,5E643BWj8k71yuJqn9n2QCg589bphjeRzEcgGP2xpump,0.0023380320812979266,0.002585942659766062,0.0023331907944322645,0.00251585010780521,1m,9077059.993595002
2024-11-12 03:05:00,5E643BWj8k71yuJqn9n2QCg589bphjeRzEcgGP2xpump,0.0025339954498541403,0.002700242707332433,0.0022488403058596204,0.0023380320812979266,1m,28787440.228615005
2024-11-12 03:06:00,5E643BWj8k71yuJqn9n2QCg589bphjeRzEcgGP2xpump,0.002309059668360321,0.002593775493694806,0.0022829492566383007,0.0025339954498541403,1m,14759159.119256001
2024-11-12 03:07:00,5E643BWj8k71yuJqn9n2QCg589bphjeRzEcgGP2xpump,0.002450967391022761,0.0026306016678857495,0.002082575964312209,0.002309059668360321,1m,34376263.65970801
2024-11-12 03:08:00,5E643BWj8k71yuJqn9n2QCg589bphjeRzEcgGP2xpump,0.0023160156031312275,0.0025936599561478518,0.0022814308788209957,0.002450967391022761,1m,11667591.804425998
2024-11-12 03:09:00,5E643BWj8k71yuJqn9n2QCg589bphjeRzEcgGP2xpump,0.0023201289842876118,0.0024237581794158665,0.002251016968432001,0.0023160156031312275,1m,8505342.148837004
2024-11-12 03:10:00,5E643BWj8k71yuJqn9n2QCg589bphjeRzEcgGP2xpump,0.002306575820434563,0.002461110454616861,0.002306575820434563,0.0023201289842876118,1m,5342189.616746999
2024-11-12 03:11:00,5E643BWj8k71yuJqn9n2QCg589bphjeRzEcgGP2xpump,0.0021248579315547925,0.0026020722073029777,0.0017995515775118334,0.002306575820434563,1m,37629211.68402299
2024-11-12 03:12:00,5E643BWj8k71yuJqn9n2QCg589bphjeRzEcgGP2xpump,0.0020488546172476325,0.0023178660600472454,0.0018959179912114046,0.0021248579315547925,1m,31744214.708811004
2024-11-12 03:13:00,5E643BWj8k71yuJqn9n2QCg589bphjeRzEcgGP2xpump,0.0022338312238349327,0.0022946038031450384,0.0020397066632790407,0.0020488546172476325,1m,11334187.689312002
2024-11-12 03:14:00,5E643BWj8k71yuJqn9n2QCg589bphjeRzEcgGP2xpump,0.002005174304970829,0.0022534133932335713,0.0018973176807624151,0.0022338312238349327,1m,16838845.161610994
2024-11-12 03:15:00,5E643BWj8k71yuJqn9n2QCg589bphjeRzEcgGP2xpump,0.0021663663098003844,0.0023574344085255353,0.0019606109517534423,0.002005174304970829,1m,15395798.385862008
2024-11-12 03:16:00,5E643BWj8k71yuJqn9n2QCg589bphjeRzEcgGP2xpump,0.0018809649827095354,0.0021663663098003844,0.001773313731167717,0.0021663663098003844,1m,27514223.680133007
2024-11-12 03:17:00,5E643BWj8k71yuJqn9n2QCg589bphjeRzEcgGP2xpump,0.0018810412567003868,0.0019931102095730535,0.0017643184711496188,0.0018809649827095354,1m,18051222.839793
2024-11-12 03:18:00,5E643BWj8k71yuJqn9n2QCg589bphjeRzEcgGP2xpump,0.0016192980390934654,0.001933270237941413,0.0015842194263976025,0.0018810412567003868,1m,48615175.174232
2024-11-12 03:19:00,5E643BWj8k71yuJqn9n2QCg589bphjeRzEcgGP2xpump,0.0015743757687896396,0.0019341782674142387,0.0013281928405920675,0.0016192980390934654,1m,59635218.05891401
2024-11-12 03:20:00,5E643BWj8k71yuJqn9n2QCg589bphjeRzEcgGP2xpump,0.0018268380061020055,0.001991895050620668,0.001567303732294659,0.0015743757687896396,1m,22522696.030019
2024-11-12 03:21:00,5E643BWj8k71yuJqn9n2QCg589bphjeRzEcgGP2xpump,0.001912740487152784,0.001912740487152784,0.0016740451164963953,0.0018268380061020055,1m,20818708.08221901
2024-11-12 03:22:00,5E643BWj8k71yuJqn9n2QCg589bphjeRzEcgGP2xpump,0.0018465113105836286,0.002008632251060223,0.0018026240933489022,0.001912740487152784,1m,23350367.169820994
2024-11-12 03:23:00,5E643BWj8k71yuJqn9n2QCg589bphjeRzEcgGP2xpump,0.0017156671600200095,0.00255779753444474,0.0016886429518611999,0.0018465113105836286,1m,51376527.84121801
2024-11-12 03:24:00,5E643BWj8k71yuJqn9n2QCg589bphjeRzEcgGP2xpump,0.0019317740575635115,0.001966032654470756,0.0017156671600200095,0.0017156671600200095,1m,23953659.472273
2024-11-12 03:25:00,5E643BWj8k71yuJqn9n2QCg589bphjeRzEcgGP2xpump,0.001887241767898927,0.001981759090299294,0.0018117659898841687,0.0019317740575635115,1m,12575536.214808999
2024-11-12 03:26:00,5E643BWj8k71yuJqn9n2QCg589bphjeRzEcgGP2xpump,0.0019806312778234574,0.00203659771330938,0.0015602408529228,0.001887241767898927,1m,30943251.505820006
2024-11-12 03:27:00,5E643BWj8k71yuJqn9n2QCg589bphjeRzEcgGP2xpump,0.002041504016435795,0.002055059786375141,0.0019311882525109769,0.0019806312778234574,1m,7163922.791968005
2024-11-12 03:28:00,5E643BWj8k71yuJqn9n2QCg589bphjeRzEcgGP2xpump,0.001987409090147829,0.002151173665695509,0.0018921563024700066,0.002041504016435795,1m,11779666.425339004
2024-11-12 03:29:00,5E643BWj8k71yuJqn9n2QCg589bphjeRzEcgGP2xpump,0.002104657960827052,0.0021291965188575627,0.00197110479857761,0.001987409090147829,1m,9634730.212821003
2024-11-12 03:30:00,5E643BWj8k71yuJqn9n2QCg589bphjeRzEcgGP2xpump,0.0022361832883130385,0.0023729429484935756,0.002104657960827052,0.002104657960827052,1m,10751373.207670005
2024-11-12 03:31:00,5E643BWj8k71yuJqn9n2QCg589bphjeRzEcgGP2xpump,0.0020718574876971785,0.0022786397246303946,0.0019546083853204253,0.0022361832883130385,1m,10481453.288770003
2024-11-12 03:32:00,5E643BWj8k71yuJqn9n2QCg589bphjeRzEcgGP2xpump,0.0019664643302656063,0.0020809437964971478,0.001958863397059692,0.0020718574876971785,1m,4046203.3258510004
2024-11-12 03:33:00,5E643BWj8k71yuJqn9n2QCg589bphjeRzEcgGP2xpump,0.0020182593974652253,0.002019729102294798,0.0019210874305056983,0.0019664643302656063,1m,5157162.629369
2024-11-12 03:34:00,5E643BWj8k71yuJqn9n2QCg589bphjeRzEcgGP2xpump,0.0021702168049186083,0.0021839128990046217,0.0020182593974652253,0.0020182593974652253,1m,7644724.158686999
2024-11-12 03:35:00,5E643BWj8k71yuJqn9n2QCg589bphjeRzEcgGP2xpump,0.0019530243442087765,0.0022699938959532223,0.0019530243442087765,0.0021702168049186083,1m,17526887.657177
2024-11-12 03:36:00,5E643BWj8k71yuJqn9n2QCg589bphjeRzEcgGP2xpump,0.0018981122199355732,0.001989919684392014,0.0018462034843678109,0.0019530243442087765,1m,9442775.249401001
2024-11-12 03:37:00,5E643BWj8k71yuJqn9n2QCg589bphjeRzEcgGP2xpump,0.0017725986352174897,0.001918581123004029,0.0017023425959312945,0.0018981122199355732,1m,15721918.20727699
2024-11-12 03:38:00,5E643BWj8k71yuJqn9n2QCg589bphjeRzEcgGP2xpump,0.0018222381587224916,0.0018346248188336992,0.0017589747331363578,0.0017725986352174897,1m,5189715.493480999
2024-11-12 03:39:00,5E643BWj8k71yuJqn9n2QCg589bphjeRzEcgGP2xpump,0.001513957490809589,0.0018272499434251392,0.001458033776209894,0.0018222381587224916,1m,40148033.690731
2024-11-12 03:40:00,5E643BWj8k71yuJqn9n2QCg589bphjeRzEcgGP2xpump,0.0015607490472603835,0.001599818436629897,0.0013003942965159924,0.001513957490809589,1m,46368154.72816296
2024-11-12 03:41:00,5E643BWj8k71yuJqn9n2QCg589bphjeRzEcgGP2xpump,0.001364289936207346,0.0016513066691182597,0.001311045689313006,0.0015607490472603835,1m,45801150.90081402
2024-11-12 03:42:00,5E643BWj8k71yuJqn9n2QCg589bphjeRzEcgGP2xpump,0.0015724746748416371,0.0016536313594266857,0.001364289936207346,0.001364289936207346,1m,31745003.354367997
2024-11-12 03:43:00,5E643BWj8k71yuJqn9n2QCg589bphjeRzEcgGP2xpump,0.0015959201339071178,0.001638113236199119,0.0015312950027595003,0.0015724746748416371,1m,8998909.321781002
2024-11-12 03:44:00,5E643BWj8k71yuJqn9n2QCg589bphjeRzEcgGP2xpump,0.0013751758164263998,0.0016492199160041713,0.001370774529372855,0.0015959201339071178,1m,24502064.757788006
2024-11-12 03:45:00,5E643BWj8k71yuJqn9n2QCg589bphjeRzEcgGP2xpump,0.0015610200337010296,0.0016182405147817432,0.0012095772744247417,0.0013751758164263998,1m,51600852.79328901
2024-11-12 03:46:00,5E643BWj8k71yuJqn9n2QCg589bphjeRzEcgGP2xpump,0.0016095818611205465,0.0017072631949759504,0.0014547788362309908,0.0015610200337010296,1m,21537785.043587007
2024-11-12 03:47:00,5E643BWj8k71yuJqn9n2QCg589bphjeRzEcgGP2xpump,0.0015338308865013137,0.0016095818611205465,0.0014895105715475908,0.0016095818611205465,1m,6891362.794110001
2024-11-12 03:48:00,5E643BWj8k71yuJqn9n2QCg589bphjeRzEcgGP2xpump,0.0015254493227430455,0.0016729265520394555,0.0014815061708853359,0.0015338308865013137,1m,14141419.402990002
2024-11-12 03:49:00,5E643BWj8k71yuJqn9n2QCg589bphjeRzEcgGP2xpump,0.0014212085699005464,0.0015536962309926027,0.0014212085699005464,0.0015254493227430455,1m,10251144.894902
2024-11-12 03:50:00,5E643BWj8k71yuJqn9n2QCg589bphjeRzEcgGP2xpump,0.001508717361856272,0.0016443696478268103,0.001376810444555852,0.0014212085699005464,1m,16562161.015870994
2024-11-12 03:51:00,5E643BWj8k71yuJqn9n2QCg589bphjeRzEcgGP2xpump,0.0017054620915734912,0.0017054620915734912,0.0014866569155818528,0.001508717361856272,1m,8410818.860287001
2024-11-12 03:52:00,5E643BWj8k71yuJqn9n2QCg589bphjeRzEcgGP2xpump,0.001566034390600663,0.0017054620915734912,0.0014806037121655135,0.0017054620915734912,1m,17977941.788444005
2024-11-12 03:53:00,5E643BWj8k71yuJqn9n2QCg589bphjeRzEcgGP2xpump,0.0015890641370702892,0.0016387506920165528,0.0014977506262565542,0.001566034390600663,1m,11033073.934907999
2024-11-12 03:54:00,5E643BWj8k71yuJqn9n2QCg589bphjeRzEcgGP2xpump,0.001594087620356358,0.0016197969897526773,0.001477005754515888,0.0015890641370702892,1m,12076172.044201996
2024-11-12 03:55:00,5E643BWj8k71yuJqn9n2QCg589bphjeRzEcgGP2xpump,0.0017338681273816447,0.001830645295463139,0.001588731322755799,0.001594087620356358,1m,14220021.063389003
2024-11-12 03:56:00,5E643BWj8k71yuJqn9n2QCg589bphjeRzEcgGP2xpump,0.0016022198911202542,0.0017338681273816447,0.001514554143479889,0.0017338681273816447,1m,12057306.300789993
2024-11-12 03:57:00,5E643BWj8k71yuJqn9n2QCg589bphjeRzEcgGP2xpump,0.0016116818832114382,0.0016597583780258213,0.0015480719541158374,0.0016022198911202542,1m,11282429.619799996
2024-11-12 03:58:00,5E643BWj8k71yuJqn9n2QCg589bphjeRzEcgGP2xpump,0.001548158849939013,0.0016365284974739556,0.0015372015911515485,0.0016116818832114382,1m,4408929.854715001
2024-11-12 03:59:00,5E643BWj8k71yuJqn9n2QCg589bphjeRzEcgGP2xpump,0.001340575382625844,0.0015528726620927687,0.0011990490516681212,0.001548158849939013,1m,25570817.300568
2024-11-12 04:00:00,5E643BWj8k71yuJqn9n2QCg589bphjeRzEcgGP2xpump,0.001270464457951138,0.00138446957747415,0.0012009779739220942,0.001340575382625844,1m,26165681.27361601
2024-11-12 04:01:00,5E643BWj8k71yuJqn9n2QCg589bphjeRzEcgGP2xpump,0.001374670801706404,0.0013755233099800753,0.0012271438325358944,0.001270464457951138,1m,18557263.476134
2024-11-12 04:02:00,5E643BWj8k71yuJqn9n2QCg589bphjeRzEcgGP2xpump,0.0012948767159598328,0.0013875918979842354,0.0012223441062707266,0.001374670801706404,1m,17736214.743378002
2024-11-12 04:03:00,5E643BWj8k71yuJqn9n2QCg589bphjeRzEcgGP2xpump,0.001034543318874384,0.0012948767159598328,0.0009566756559022077,0.0012948767159598328,1m,50915523.69807196
2024-11-12 04:04:00,5E643BWj8k71yuJqn9n2QCg589bphjeRzEcgGP2xpump,0.0008777665747429789,0.0010911993248543612,0.0007735312030189178,0.001034543318874384,1m,98318227.67543997
2024-11-12 04:05:00,5E643BWj8k71yuJqn9n2QCg589bphjeRzEcgGP2xpump,0.000780105464745306,0.0008821354581590122,0.0007215402502611235,0.0008777665747429789,1m,79314422.52768096
2024-11-12 04:06:00,5E643BWj8k71yuJqn9n2QCg589bphjeRzEcgGP2xpump,0.000848087154465652,0.0008658202031397922,0.000711346854835257,0.000780105464745306,1m,63651387.26203704
2024-11-12 04:07:00,5E643BWj8k71yuJqn9n2QCg589bphjeRzEcgGP2xpump,0.0008586511442652638,0.0009104069892514031,0.000764252339328893,0.000848087154465652,1m,36016029.72022102
2024-11-12 04:08:00,5E643BWj8k71yuJqn9n2QCg589bphjeRzEcgGP2xpump,0.000889654578426163,0.001044259094331826,0.0008101940644486652,0.0008586511442652638,1m,54732738.047993004
2024-11-12 04:09:00,5E643BWj8k71yuJqn9n2QCg589bphjeRzEcgGP2xpump,0.0008783120263287899,0.0009025713873339769,0.0008334880659774656,0.000889654578426163,1m,18130593.45206301
2024-11-12 04:10:00,5E643BWj8k71yuJqn9n2QCg589bphjeRzEcgGP2xpump,0.0009428493693890839,0.000962152313340974,0.0008467216046261241,0.0008783120263287899,1m,18662940.98229
2024-11-12 04:11:00,5E643BWj8k71yuJqn9n2QCg589bphjeRzEcgGP2xpump,0.0009441746745347141,0.0010069907186779563,0.0008776892919868567,0.0009428493693890839,1m,32540500.388692997
2024-11-12 04:12:00,5E643BWj8k71yuJqn9n2QCg589bphjeRzEcgGP2xpump,0.0008665059851306329,0.0009486966545755532,0.0008518187512881752,0.0009441746745347141,1m,14168052.466317
2024-11-12 04:13:00,5E643BWj8k71yuJqn9n2QCg589bphjeRzEcgGP2xpump,0.0009070423623141929,0.0009502674906023686,0.0008400608685776973,0.0008665059851306329,1m,17349326.164518993
2024-11-12 04:14:00,5E643BWj8k71yuJqn9n2QCg589bphjeRzEcgGP2xpump,0.0008260784153407255,0.0009070423623141929,0.0008029479302884943,0.0009070423623141929,1m,13877815.060284007
2024-11-12 04:15:00,5E643BWj8k71yuJqn9n2QCg589bphjeRzEcgGP2xpump,0.0009254041093499283,0.0009254041093499283,0.0008229887966310274,0.0008260784153407255,1m,14128809.192213003
2024-11-12 04:16:00,5E643BWj8k71yuJqn9n2QCg589bphjeRzEcgGP2xpump,0.0008853685822841858,0.0009550460735913735,0.0008772719718508976,0.0009254041093499283,1m,26156362.930356994
2024-11-12 04:17:00,5E643BWj8k71yuJqn9n2QCg589bphjeRzEcgGP2xpump,0.0009007259268680375,0.0009028481019694057,0.0008241281198830237,0.0008853685822841858,1m,13040974.647294994
2024-11-12 04:18:00,5E643BWj8k71yuJqn9n2QCg589bphjeRzEcgGP2xpump,0.0008169437259290662,0.0009217590502368757,0.0007978684852106258,0.0009007259268680375,1m,22792262.407865997
2024-11-12 04:19:00,5E643BWj8k71yuJqn9n2QCg589bphjeRzEcgGP2xpump,0.0010278515592446367,0.0010608401966157501,0.0007948043616124511,0.0008169437259290662,1m,45888169.58170799
2024-11-12 04:20:00,5E643BWj8k71yuJqn9n2QCg589bphjeRzEcgGP2xpump,0.0010360001134035377,0.0011951699187732917,0.0009504373143766154,0.0010278515592446367,1m,48337904.28045601
2024-11-12 04:21:00,5E643BWj8k71yuJqn9n2QCg589bphjeRzEcgGP2xpump,0.0011417492396638656,0.0012908423854199385,0.0010216168862909958,0.0010360001134035377,1m,45464511.30781999
2024-11-12 04:22:00,5E643BWj8k71yuJqn9n2QCg589bphjeRzEcgGP2xpump,0.0010238952841475093,0.0011555848263786331,0.0009645433615536335,0.0011417492396638656,1m,26587821.258996993
2024-11-12 04:23:00,5E643BWj8k71yuJqn9n2QCg589bphjeRzEcgGP2xpump,0.0010192295860261592,0.0010571871414036089,0.0009018499331341192,0.0010238952841475093,1m,27119452.74844098
2024-11-12 04:24:00,5E643BWj8k71yuJqn9n2QCg589bphjeRzEcgGP2xpump,0.0009746886700564157,0.0010789299862672427,0.0009602589250697214,0.0010192295860261592,1m,21124957.276369013
2024-11-12 04:25:00,5E643BWj8k71yuJqn9n2QCg589bphjeRzEcgGP2xpump,0.0009689072115822999,0.0010582802608849534,0.0008845378084258883,0.0009746886700564157,1m,34086764.85260999
2024-11-12 04:26:00,5E643BWj8k71yuJqn9n2QCg589bphjeRzEcgGP2xpump,0.0009806398385195944,0.001025335562550725,0.0009643568158505247,0.0009689072115822999,1m,10439739.133327004
2024-11-12 04:27:00,5E643BWj8k71yuJqn9n2QCg589bphjeRzEcgGP2xpump,0.0009741514323642535,0.0010075886699027117,0.0009632761979342778,0.0009806398385195944,1m,7074474.030179999
2024-11-12 04:28:00,5E643BWj8k71yuJqn9n2QCg589bphjeRzEcgGP2xpump,0.0008956941752937499,0.0009741514323642535,0.0008503843738474296,0.0009741514323642535,1m,24258713.625164002
2024-11-12 04:29:00,5E643BWj8k71yuJqn9n2QCg589bphjeRzEcgGP2xpump,0.0009649337622351449,0.0009735106559363065,0.0008902820064629925,0.0008956941752937499,1m,21078211.174785
2024-11-12 04:30:00,5E643BWj8k71yuJqn9n2QCg589bphjeRzEcgGP2xpump,0.0009990977945504727,0.0010105122599832633,0.0009602752609507591,0.0009649337622351449,1m,6329971.123922998
2024-11-12 04:31:00,5E643BWj8k71yuJqn9n2QCg589bphjeRzEcgGP2xpump,0.0010046682696713335,0.0010046682696713335,0.0009242823153700046,0.0009990977945504727,1m,12138178.822585998
2024-11-12 04:32:00,5E643BWj8k71yuJqn9n2QCg589bphjeRzEcgGP2xpump,0.0009094989488791837,0.0010143056039756226,0.0008739343218896015,0.0010046682696713335,1m,21189702.46184801
2024-11-12 04:33:00,5E643BWj8k71yuJqn9n2QCg589bphjeRzEcgGP2xpump,0.0008844223987190842,0.0009284881462292749,0.0008597490039245902,0.0009094989488791837,1m,10432335.034993999
2024-11-12 04:34:00,5E643BWj8k71yuJqn9n2QCg589bphjeRzEcgGP2xpump,0.0008419047972673763,0.0008897434042757493,0.0007386110076994559,0.0008844223987190842,1m,36339778.051050015
2024-11-12 04:35:00,5E643BWj8k71yuJqn9n2QCg589bphjeRzEcgGP2xpump,0.0008355166283153444,0.0008450462855353216,0.0007751990770719347,0.0008419047972673763,1m,25440416.527989004
2024-11-12 04:36:00,5E643BWj8k71yuJqn9n2QCg589bphjeRzEcgGP2xpump,0.0008760509924978826,0.000897362911897253,0.000826494493066986,0.0008355166283153444,1m,18931653.143855996
2024-11-12 04:37:00,5E643BWj8k71yuJqn9n2QCg589bphjeRzEcgGP2xpump,0.000908485459593726,0.000908485459593726,0.0008542475366317724,0.0008760509924978826,1m,15707189.277543
2024-11-12 04:38:00,5E643BWj8k71yuJqn9n2QCg589bphjeRzEcgGP2xpump,0.0009257900716042115,0.0009523897360597372,0.0008579609191774077,0.000908485459593726,1m,15021956.177927
2024-11-12 04:39:00,5E643BWj8k71yuJqn9n2QCg589bphjeRzEcgGP2xpump,0.0009657887937761421,0.0010386900928804036,0.0009055036250137627,0.0009257900716042115,1m,17794300.004457
2024-11-12 04:40:00,5E643BWj8k71yuJqn9n2QCg589bphjeRzEcgGP2xpump,0.0009956081013094914,0.0010447569732828373,0.0009604595753107742,0.0009657887937761421,1m,12111503.894744998
2024-11-12 04:41:00,5E643BWj8k71yuJqn9n2QCg589bphjeRzEcgGP2xpump,0.0009235214068123414,0.0010498820738078555,0.0009235214068123414,0.0009956081013094914,1m,16496808.288402002
2024-11-12 04:42:00,5E643BWj8k71yuJqn9n2QCg589bphjeRzEcgGP2xpump,0.0008866195309328534,0.0009361704908898337,0.000868618677431081,0.0009235214068123414,1m,15777620.291862
2024-11-12 04:43:00,5E643BWj8k71yuJqn9n2QCg589bphjeRzEcgGP2xpump,0.0010214608057971912,0.0010307933459366295,0.0008800760698189948,0.0008866195309328534,1m,16304111.354886996
2024-11-12 04:44:00,5E643BWj8k71yuJqn9n2QCg589bphjeRzEcgGP2xpump,0.0011109947875666383,0.0011705395818145292,0.0010178880781524242,0.0010214608057971912,1m,25831917.956460994
2024-11-12 04:45:00,5E643BWj8k71yuJqn9n2QCg589bphjeRzEcgGP2xpump,0.001171393313180284,0.0013008698502029565,0.0010400368772487548,0.0011109947875666383,1m,26794674.684288
2024-11-12 04:46:00,5E643BWj8k71yuJqn9n2QCg589bphjeRzEcgGP2xpump,0.001189755479090435,0.0011952533986101194,0.0011005324333007264,0.001171393313180284,1m,9955515.197772
2024-11-12 04:47:00,5E643BWj8k71yuJqn9n2QCg589bphjeRzEcgGP2xpump,0.001157253196375388,0.0012125993623702945,0.001157253196375388,0.001189755479090435,1m,10538170.273333
2024-11-12 04:48:00,5E643BWj8k71yuJqn9n2QCg589bphjeRzEcgGP2xpump,0.0010852259685892286,0.001157253196375388,0.0010800628433434978,0.001157253196375388,1m,6762793.540776
2024-11-12 04:49:00,5E643BWj8k71yuJqn9n2QCg589bphjeRzEcgGP2xpump,0.0012826678211426534,0.0013516553794298714,0.0010852259685892286,0.0010852259685892286,1m,23243343.468182005
2024-11-12 04:50:00,5E643BWj8k71yuJqn9n2QCg589bphjeRzEcgGP2xpump,0.0012573076633609886,0.0012826678211426534,0.0011822626667060158,0.0012826678211426534,1m,9990076.239687
2024-11-12 04:51:00,5E643BWj8k71yuJqn9n2QCg589bphjeRzEcgGP2xpump,0.001302735025500301,0.0014062059344740621,0.0012440114009117675,0.0012573076633609886,1m,13989253.094665004
2024-11-12 04:52:00,5E643BWj8k71yuJqn9n2QCg589bphjeRzEcgGP2xpump,0.0014475904232290572,0.0014606134654739544,0.0012937029158497236,0.001302735025500301,1m,15865000.243141996
2024-11-12 04:53:00,5E643BWj8k71yuJqn9n2QCg589bphjeRzEcgGP2xpump,0.001325229730837366,0.0016052361618689851,0.0011413155162374971,0.0014475904232290572,1m,36527559.368365996
2024-11-12 04:54:00,5E643BWj8k71yuJqn9n2QCg589bphjeRzEcgGP2xpump,0.0014121701530650308,0.001502372820048801,0.001325229730837366,0.001325229730837366,1m,17443751.833451
2024-11-12 04:55:00,5E643BWj8k71yuJqn9n2QCg589bphjeRzEcgGP2xpump,0.0012683418754186142,0.0014121701530650308,0.0012438244223362401,0.0014121701530650308,1m,8934735.838473001
2024-11-12 04:56:00,5E643BWj8k71yuJqn9n2QCg589bphjeRzEcgGP2xpump,0.0012767375952668573,0.00132962281821772,0.0012038250959430594,0.0012683418754186142,1m,16336963.300216
2024-11-12 04:57:00,5E643BWj8k71yuJqn9n2QCg589bphjeRzEcgGP2xpump,0.0012635051877658576,0.001288813226154886,0.001246911432376773,0.0012767375952668573,1m,4053093.0058259997
2024-11-12 04:58:00,5E643BWj8k71yuJqn9n2QCg589bphjeRzEcgGP2xpump,0.0012605541184337163,0.0012856887393674127,0.0012545100829625987,0.0012635051877658576,1m,1563815.1861719997
2024-11-12 04:59:00,5E643BWj8k71yuJqn9n2QCg589bphjeRzEcgGP2xpump,0.0011566414805126181,0.0012631055123223116,0.0011566414805126181,0.0012605541184337163,1m,3792217.211723001
2024-11-12 05:00:00,5E643BWj8k71yuJqn9n2QCg589bphjeRzEcgGP2xpump,0.0012089433457481865,0.0012089714064788411,0.0011440227183565307,0.0011566414805126181,1m,3898188.206373
2024-11-12 05:01:00,5E643BWj8k71yuJqn9n2QCg589bphjeRzEcgGP2xpump,0.0012233232133164907,0.001240460821901291,0.0012060653242393614,0.0012089433457481865,1m,2934906.8294059997
2024-11-12 05:02:00,5E643BWj8k71yuJqn9n2QCg589bphjeRzEcgGP2xpump,0.001162383195345053,0.001233804197402693,0.0011298132773728366,0.0012233232133164907,1m,7154271.386029
2024-11-12 05:03:00,5E643BWj8k71yuJqn9n2QCg589bphjeRzEcgGP2xpump,0.0010043690571822025,0.0011666370166270794,0.0009035915140311483,0.001162383195345053,1m,32077528.672709003
2024-11-12 05:04:00,5E643BWj8k71yuJqn9n2QCg589bphjeRzEcgGP2xpump,0.0010275470602200065,0.0010772364732045596,0.0009499295338219065,0.0010043690571822025,1m,24533423.901757006
2024-11-12 05:05:00,5E643BWj8k71yuJqn9n2QCg589bphjeRzEcgGP2xpump,0.0011193191309736457,0.0011193191309736457,0.00101352503248666,0.0010275470602200065,1m,7527650.552569999
2024-11-12 05:06:00,5E643BWj8k71yuJqn9n2QCg589bphjeRzEcgGP2xpump,0.0011514126412325927,0.0011588397406895178,0.0011193191309736457,0.0011193191309736457,1m,5225970.585724
2024-11-12 05:07:00,5E643BWj8k71yuJqn9n2QCg589bphjeRzEcgGP2xpump,0.0010568463630019822,0.0011514126412325927,0.0009996798036568597,0.0011514126412325927,1m,14100022.637616998
2024-11-12 05:08:00,5E643BWj8k71yuJqn9n2QCg589bphjeRzEcgGP2xpump,0.0011066240914064961,0.0011066240914064961,0.0010568463630019822,0.0010568463630019822,1m,3689898.6807170007
2024-11-12 05:09:00,5E643BWj8k71yuJqn9n2QCg589bphjeRzEcgGP2xpump,0.0010833637119731024,0.0011406339962545778,0.0010833637119731024,0.0011066240914064961,1m,4656934.3845580015
2024-11-12 05:10:00,5E643BWj8k71yuJqn9n2QCg589bphjeRzEcgGP2xpump,0.0009910664897215063,0.0010942707739777142,0.000919999579786154,0.0010833637119731024,1m,18275189.806699004
2024-11-12 05:11:00,5E643BWj8k71yuJqn9n2QCg589bphjeRzEcgGP2xpump,0.000995517273762023,0.0010396971582784366,0.0009910664897215063,0.0009910664897215063,1m,7490449.741879998
2024-11-12 05:12:00,5E643BWj8k71yuJqn9n2QCg589bphjeRzEcgGP2xpump,0.0008952318501238592,0.001020768893013632,0.0008125750581442037,0.000995517273762023,1m,30244638.60316801
2024-11-12 05:13:00,5E643BWj8k71yuJqn9n2QCg589bphjeRzEcgGP2xpump,0.000789644510469071,0.0009339733599547062,0.0006988067937017928,0.0008952318501238592,1m,96122014.387301
2024-11-12 05:14:00,5E643BWj8k71yuJqn9n2QCg589bphjeRzEcgGP2xpump,0.0008304738425620765,0.0008487665678740205,0.0007851989495493937,0.000789644510469071,1m,17169997.058204994
2024-11-12 05:15:00,5E643BWj8k71yuJqn9n2QCg589bphjeRzEcgGP2xpump,0.0008629417205589276,0.0008629417205589276,0.0008172732348555724,0.0008304738425620765,1m,16683222.541239
2024-11-12 05:16:00,5E643BWj8k71yuJqn9n2QCg589bphjeRzEcgGP2xpump,0.0008218145132297445,0.0008829825987337317,0.0008036467642296892,0.0008629417205589276,1m,17367099.910627995
