datetime,address,c,h,l,o,type,v
2024-11-11 10:09:00,7N57bZtQQNB92jTXR8Ym2FsJv9PvDrk3vtWtP3YFzXLQ,1.025027213902999e-12,1.3237303143539057e-12,8.457424875202714e-13,8.457424875202714e-13,1m,2932152189646353.0
2024-11-11 10:10:00,7N57bZtQQNB92jTXR8Ym2FsJv9PvDrk3vtWtP3YFzXLQ,1.1875378153138382e-12,1.1875378153138382e-12,1.0189164230896137e-12,1.025027213902999e-12,1m,567035895195527.2
2024-11-11 10:11:00,7N57bZtQQNB92jTXR8Ym2FsJv9PvDrk3vtWtP3YFzXLQ,1.2436221548806323e-12,1.2436221548806323e-12,1.1875378153138382e-12,1.1875378153138382e-12,1m,179723862585311.2
2024-11-11 10:12:00,7N57bZtQQNB92jTXR8Ym2FsJv9PvDrk3vtWtP3YFzXLQ,1.2777256164711398e-12,1.6049268982504247e-12,1.2436221548806323e-12,1.2436221548806323e-12,1m,1497809085365402.2
2024-11-11 10:13:00,7N57bZtQQNB92jTXR8Ym2FsJv9PvDrk3vtWtP3YFzXLQ,1.2901690267795438e-12,1.2970172788574939e-12,1.2777256164711398e-12,1.2777256164711398e-12,1m,76452888343610.94
2024-11-11 10:14:00,7N57bZtQQNB92jTXR8Ym2FsJv9PvDrk3vtWtP3YFzXLQ,1.2744969633834034e-12,1.2901690267795438e-12,1.2744969633834034e-12,1.2901690267795438e-12,1m,27098055576920.11
2024-11-11 10:15:00,7N57bZtQQNB92jTXR8Ym2FsJv9PvDrk3vtWtP3YFzXLQ,1.286405887049264e-12,1.286405887049264e-12,1.2744969633834034e-12,1.2744969633834034e-12,1m,18176065551345.71
2024-11-11 10:16:00,7N57bZtQQNB92jTXR8Ym2FsJv9PvDrk3vtWtP3YFzXLQ,1.2948886896151984e-12,1.2948886896151984e-12,1.286405887049264e-12,1.286405887049264e-12,1m,15980966126365.28
2024-11-11 10:17:00,7N57bZtQQNB92jTXR8Ym2FsJv9PvDrk3vtWtP3YFzXLQ,1.4209086484386989e-12,1.4209086484386989e-12,1.2948886896151984e-12,1.2948886896151984e-12,1m,312811586688826.1
2024-11-11 10:18:00,7N57bZtQQNB92jTXR8Ym2FsJv9PvDrk3vtWtP3YFzXLQ,1.385860750877682e-12,1.4290399409833096e-12,1.385860750877682e-12,1.4209086484386989e-12,1m,198169444017858.8
2024-11-11 10:19:00,7N57bZtQQNB92jTXR8Ym2FsJv9PvDrk3vtWtP3YFzXLQ,1.3621859145939447e-12,1.385860750877682e-12,1.3528488152462055e-12,1.385860750877682e-12,1m,31440670223455.85
2024-11-11 10:20:00,7N57bZtQQNB92jTXR8Ym2FsJv9PvDrk3vtWtP3YFzXLQ,1.3692294108304873e-12,1.3692294108304873e-12,1.3621859145939447e-12,1.3621859145939447e-12,1m,5469966976407.15
2024-11-11 10:21:00,7N57bZtQQNB92jTXR8Ym2FsJv9PvDrk3vtWtP3YFzXLQ,1.5609694369012085e-12,1.5609694369012085e-12,1.3692294108304873e-12,1.3692294108304873e-12,1m,490942046465895.5
2024-11-11 10:22:00,7N57bZtQQNB92jTXR8Ym2FsJv9PvDrk3vtWtP3YFzXLQ,1.6006557871959354e-12,1.6007713745538217e-12,1.5609694369012085e-12,1.5609694369012085e-12,1m,29320084045749.66
2024-11-11 10:23:00,7N57bZtQQNB92jTXR8Ym2FsJv9PvDrk3vtWtP3YFzXLQ,1.598051995870838e-12,1.6006557871959354e-12,1.598051995870838e-12,1.6006557871959354e-12,1m,4159460630018.36
2024-11-11 10:24:00,7N57bZtQQNB92jTXR8Ym2FsJv9PvDrk3vtWtP3YFzXLQ,1.6036469874070024e-12,1.6036469874070024e-12,1.598051995870838e-12,1.598051995870838e-12,1m,19092893005217.14
2024-11-11 10:25:00,7N57bZtQQNB92jTXR8Ym2FsJv9PvDrk3vtWtP3YFzXLQ,1.6036469874070024e-12,1.6036469874070024e-12,1.6036469874070024e-12,1.6036469874070024e-12,1m,0.0
2024-11-11 10:26:00,7N57bZtQQNB92jTXR8Ym2FsJv9PvDrk3vtWtP3YFzXLQ,1.4895198040300946e-12,1.6036469874070024e-12,1.4895198040300946e-12,1.6036469874070024e-12,1m,266085845273834.62
2024-11-11 10:27:00,7N57bZtQQNB92jTXR8Ym2FsJv9PvDrk3vtWtP3YFzXLQ,1.4533630135356042e-12,1.4895198040300946e-12,1.4533630135356042e-12,1.4895198040300946e-12,1m,51130221248697.63
2024-11-11 10:28:00,7N57bZtQQNB92jTXR8Ym2FsJv9PvDrk3vtWtP3YFzXLQ,1.4376272715371217e-12,1.4533630135356042e-12,1.4376272715371217e-12,1.4533630135356042e-12,1m,3415674449427.26
2024-11-11 10:29:00,7N57bZtQQNB92jTXR8Ym2FsJv9PvDrk3vtWtP3YFzXLQ,1.4376272715371217e-12,1.4376272715371217e-12,1.4376272715371217e-12,1.4376272715371217e-12,1m,0.0
2024-11-11 10:30:00,7N57bZtQQNB92jTXR8Ym2FsJv9PvDrk3vtWtP3YFzXLQ,1.4376272715371217e-12,1.4376272715371217e-12,1.4376272715371217e-12,1.4376272715371217e-12,1m,0.0
2024-11-11 10:31:00,7N57bZtQQNB92jTXR8Ym2FsJv9PvDrk3vtWtP3YFzXLQ,1.4642866189613199e-12,1.4642866189613199e-12,1.4376272715371217e-12,1.4376272715371217e-12,1m,87485905875712.7
2024-11-11 10:32:00,7N57bZtQQNB92jTXR8Ym2FsJv9PvDrk3vtWtP3YFzXLQ,1.4871661564530965e-12,1.4871661564530965e-12,1.4642866189613199e-12,1.4642866189613199e-12,1m,7764720839437.23
2024-11-11 10:33:00,7N57bZtQQNB92jTXR8Ym2FsJv9PvDrk3vtWtP3YFzXLQ,1.4871661564530965e-12,1.4871661564530965e-12,1.4871661564530965e-12,1.4871661564530965e-12,1m,0.0
2024-11-11 10:34:00,7N57bZtQQNB92jTXR8Ym2FsJv9PvDrk3vtWtP3YFzXLQ,1.4843657363332335e-12,1.4871661564530965e-12,1.4814097748974115e-12,1.4871661564530965e-12,1m,18187353426875.55
2024-11-11 10:35:00,7N57bZtQQNB92jTXR8Ym2FsJv9PvDrk3vtWtP3YFzXLQ,1.4843657363332335e-12,1.4843657363332335e-12,1.4843657363332335e-12,1.4843657363332335e-12,1m,0.0
2024-11-11 10:36:00,7N57bZtQQNB92jTXR8Ym2FsJv9PvDrk3vtWtP3YFzXLQ,1.4843657363332335e-12,1.4843657363332335e-12,1.4843657363332335e-12,1.4843657363332335e-12,1m,0.0
2024-11-11 10:37:00,7N57bZtQQNB92jTXR8Ym2FsJv9PvDrk3vtWtP3YFzXLQ,1.4843657363332335e-12,1.4843657363332335e-12,1.4843657363332335e-12,1.4843657363332335e-12,1m,0.0
2024-11-11 10:38:00,7N57bZtQQNB92jTXR8Ym2FsJv9PvDrk3vtWtP3YFzXLQ,1.4792558499462918e-12,1.4843657363332335e-12,1.4750678897366555e-12,1.4843657363332335e-12,1m,27922554835717.62
2024-11-11 10:39:00,7N57bZtQQNB92jTXR8Ym2FsJv9PvDrk3vtWtP3YFzXLQ,1.47459148644589e-12,1.4792558499462918e-12,1.47459148644589e-12,1.4792558499462918e-12,1m,206469232300.0
2024-11-11 10:40:00,7N57bZtQQNB92jTXR8Ym2FsJv9PvDrk3vtWtP3YFzXLQ,1.5220077875654444e-12,1.5220077875654444e-12,1.47459148644589e-12,1.47459148644589e-12,1m,141206826680176.7
2024-11-11 10:41:00,7N57bZtQQNB92jTXR8Ym2FsJv9PvDrk3vtWtP3YFzXLQ,1.5413763498027555e-12,1.5535396731946376e-12,1.5220077875654444e-12,1.5220077875654444e-12,1m,17640830854081.46
2024-11-11 10:42:00,7N57bZtQQNB92jTXR8Ym2FsJv9PvDrk3vtWtP3YFzXLQ,1.546886999695448e-12,1.546886999695448e-12,1.5413763498027555e-12,1.5413763498027555e-12,1m,1398291798272.75
2024-11-11 10:43:00,7N57bZtQQNB92jTXR8Ym2FsJv9PvDrk3vtWtP3YFzXLQ,1.5397046908837544e-12,1.546886999695448e-12,1.5397046908837544e-12,1.546886999695448e-12,1m,4463476499523.7
2024-11-11 10:44:00,7N57bZtQQNB92jTXR8Ym2FsJv9PvDrk3vtWtP3YFzXLQ,1.5397046908837544e-12,1.5397046908837544e-12,1.5397046908837544e-12,1.5397046908837544e-12,1m,0.0
2024-11-11 10:45:00,7N57bZtQQNB92jTXR8Ym2FsJv9PvDrk3vtWtP3YFzXLQ,1.5397046908837544e-12,1.5397046908837544e-12,1.5397046908837544e-12,1.5397046908837544e-12,1m,0.0
2024-11-11 10:46:00,7N57bZtQQNB92jTXR8Ym2FsJv9PvDrk3vtWtP3YFzXLQ,1.5397046908837544e-12,1.5397046908837544e-12,1.5397046908837544e-12,1.5397046908837544e-12,1m,0.0
2024-11-11 10:47:00,7N57bZtQQNB92jTXR8Ym2FsJv9PvDrk3vtWtP3YFzXLQ,1.5397046908837544e-12,1.5397046908837544e-12,1.5397046908837544e-12,1.5397046908837544e-12,1m,0.0
2024-11-11 10:48:00,7N57bZtQQNB92jTXR8Ym2FsJv9PvDrk3vtWtP3YFzXLQ,1.5397046908837544e-12,1.5397046908837544e-12,1.5397046908837544e-12,1.5397046908837544e-12,1m,0.0
2024-11-11 10:49:00,7N57bZtQQNB92jTXR8Ym2FsJv9PvDrk3vtWtP3YFzXLQ,1.5397046908837544e-12,1.5397046908837544e-12,1.5397046908837544e-12,1.5397046908837544e-12,1m,0.0
2024-11-11 10:50:00,7N57bZtQQNB92jTXR8Ym2FsJv9PvDrk3vtWtP3YFzXLQ,1.5397046908837544e-12,1.5397046908837544e-12,1.5397046908837544e-12,1.5397046908837544e-12,1m,0.0
2024-11-11 10:51:00,7N57bZtQQNB92jTXR8Ym2FsJv9PvDrk3vtWtP3YFzXLQ,1.5397046908837544e-12,1.5397046908837544e-12,1.5397046908837544e-12,1.5397046908837544e-12,1m,0.0
2024-11-11 10:52:00,7N57bZtQQNB92jTXR8Ym2FsJv9PvDrk3vtWtP3YFzXLQ,1.5397046908837544e-12,1.5397046908837544e-12,1.5397046908837544e-12,1.5397046908837544e-12,1m,0.0
2024-11-11 10:53:00,7N57bZtQQNB92jTXR8Ym2FsJv9PvDrk3vtWtP3YFzXLQ,1.5397046908837544e-12,1.5397046908837544e-12,1.5397046908837544e-12,1.5397046908837544e-12,1m,0.0
2024-11-11 10:54:00,7N57bZtQQNB92jTXR8Ym2FsJv9PvDrk3vtWtP3YFzXLQ,1.5397046908837544e-12,1.5397046908837544e-12,1.5397046908837544e-12,1.5397046908837544e-12,1m,0.0
2024-11-11 10:55:00,7N57bZtQQNB92jTXR8Ym2FsJv9PvDrk3vtWtP3YFzXLQ,1.5304604071352664e-12,1.5397046908837544e-12,1.5304604071352664e-12,1.5397046908837544e-12,1m,5469966976407.15
2024-11-11 10:56:00,7N57bZtQQNB92jTXR8Ym2FsJv9PvDrk3vtWtP3YFzXLQ,1.5304604071352664e-12,1.5304604071352664e-12,1.5304604071352664e-12,1.5304604071352664e-12,1m,0.0
2024-11-11 10:57:00,7N57bZtQQNB92jTXR8Ym2FsJv9PvDrk3vtWtP3YFzXLQ,1.5304604071352664e-12,1.5304604071352664e-12,1.5304604071352664e-12,1.5304604071352664e-12,1m,0.0
2024-11-11 10:58:00,7N57bZtQQNB92jTXR8Ym2FsJv9PvDrk3vtWtP3YFzXLQ,1.5304604071352664e-12,1.5304604071352664e-12,1.5304604071352664e-12,1.5304604071352664e-12,1m,0.0
2024-11-11 10:59:00,7N57bZtQQNB92jTXR8Ym2FsJv9PvDrk3vtWtP3YFzXLQ,1.5304604071352664e-12,1.5304604071352664e-12,1.5304604071352664e-12,1.5304604071352664e-12,1m,0.0
2024-11-11 11:00:00,7N57bZtQQNB92jTXR8Ym2FsJv9PvDrk3vtWtP3YFzXLQ,1.5304604071352664e-12,1.5304604071352664e-12,1.5304604071352664e-12,1.5304604071352664e-12,1m,0.0
2024-11-11 11:01:00,7N57bZtQQNB92jTXR8Ym2FsJv9PvDrk3vtWtP3YFzXLQ,1.5304604071352664e-12,1.5304604071352664e-12,1.5304604071352664e-12,1.5304604071352664e-12,1m,0.0
2024-11-11 11:02:00,7N57bZtQQNB92jTXR8Ym2FsJv9PvDrk3vtWtP3YFzXLQ,1.5304604071352664e-12,1.5304604071352664e-12,1.5304604071352664e-12,1.5304604071352664e-12,1m,0.0
2024-11-11 11:03:00,7N57bZtQQNB92jTXR8Ym2FsJv9PvDrk3vtWtP3YFzXLQ,1.5304604071352664e-12,1.5304604071352664e-12,1.5304604071352664e-12,1.5304604071352664e-12,1m,0.0
2024-11-11 11:04:00,7N57bZtQQNB92jTXR8Ym2FsJv9PvDrk3vtWtP3YFzXLQ,1.5304604071352664e-12,1.5304604071352664e-12,1.5304604071352664e-12,1.5304604071352664e-12,1m,0.0
2024-11-11 11:05:00,7N57bZtQQNB92jTXR8Ym2FsJv9PvDrk3vtWtP3YFzXLQ,1.523468683635022e-12,1.5304604071352664e-12,1.523468683635022e-12,1.5304604071352664e-12,1m,26421037795884.81
2024-11-11 11:06:00,7N57bZtQQNB92jTXR8Ym2FsJv9PvDrk3vtWtP3YFzXLQ,1.523468683635022e-12,1.523468683635022e-12,1.523468683635022e-12,1.523468683635022e-12,1m,0.0
2024-11-11 11:07:00,7N57bZtQQNB92jTXR8Ym2FsJv9PvDrk3vtWtP3YFzXLQ,1.523468683635022e-12,1.523468683635022e-12,1.523468683635022e-12,1.523468683635022e-12,1m,0.0
2024-11-11 11:08:00,7N57bZtQQNB92jTXR8Ym2FsJv9PvDrk3vtWtP3YFzXLQ,1.523468683635022e-12,1.523468683635022e-12,1.523468683635022e-12,1.523468683635022e-12,1m,0.0
2024-11-11 11:09:00,7N57bZtQQNB92jTXR8Ym2FsJv9PvDrk3vtWtP3YFzXLQ,1.523468683635022e-12,1.523468683635022e-12,1.523468683635022e-12,1.523468683635022e-12,1m,0.0
2024-11-11 11:10:00,7N57bZtQQNB92jTXR8Ym2FsJv9PvDrk3vtWtP3YFzXLQ,1.523468683635022e-12,1.523468683635022e-12,1.523468683635022e-12,1.523468683635022e-12,1m,0.0
2024-11-11 11:11:00,7N57bZtQQNB92jTXR8Ym2FsJv9PvDrk3vtWtP3YFzXLQ,1.523468683635022e-12,1.523468683635022e-12,1.523468683635022e-12,1.523468683635022e-12,1m,0.0
2024-11-11 11:12:00,7N57bZtQQNB92jTXR8Ym2FsJv9PvDrk3vtWtP3YFzXLQ,1.523468683635022e-12,1.523468683635022e-12,1.523468683635022e-12,1.523468683635022e-12,1m,0.0
2024-11-11 11:13:00,7N57bZtQQNB92jTXR8Ym2FsJv9PvDrk3vtWtP3YFzXLQ,1.523468683635022e-12,1.523468683635022e-12,1.523468683635022e-12,1.523468683635022e-12,1m,0.0
2024-11-11 11:14:00,7N57bZtQQNB92jTXR8Ym2FsJv9PvDrk3vtWtP3YFzXLQ,1.523468683635022e-12,1.523468683635022e-12,1.523468683635022e-12,1.523468683635022e-12,1m,0.0
2024-11-11 11:15:00,7N57bZtQQNB92jTXR8Ym2FsJv9PvDrk3vtWtP3YFzXLQ,1.523468683635022e-12,1.523468683635022e-12,1.523468683635022e-12,1.523468683635022e-12,1m,0.0
2024-11-11 11:16:00,7N57bZtQQNB92jTXR8Ym2FsJv9PvDrk3vtWtP3YFzXLQ,1.528649975702219e-12,1.528649975702219e-12,1.523468683635022e-12,1.523468683635022e-12,1m,7045815404708.23
2024-11-11 11:17:00,7N57bZtQQNB92jTXR8Ym2FsJv9PvDrk3vtWtP3YFzXLQ,1.528649975702219e-12,1.528649975702219e-12,1.528649975702219e-12,1.528649975702219e-12,1m,0.0
2024-11-11 11:18:00,7N57bZtQQNB92jTXR8Ym2FsJv9PvDrk3vtWtP3YFzXLQ,1.528649975702219e-12,1.528649975702219e-12,1.528649975702219e-12,1.528649975702219e-12,1m,0.0
2024-11-11 11:19:00,7N57bZtQQNB92jTXR8Ym2FsJv9PvDrk3vtWtP3YFzXLQ,1.5200043703102528e-12,1.528649975702219e-12,1.5200043703102528e-12,1.528649975702219e-12,1m,3446049892859.44
2024-11-11 11:20:00,7N57bZtQQNB92jTXR8Ym2FsJv9PvDrk3vtWtP3YFzXLQ,1.5200043703102528e-12,1.5200043703102528e-12,1.5200043703102528e-12,1.5200043703102528e-12,1m,0.0
2024-11-11 11:21:00,7N57bZtQQNB92jTXR8Ym2FsJv9PvDrk3vtWtP3YFzXLQ,1.5200043703102528e-12,1.5200043703102528e-12,1.5200043703102528e-12,1.5200043703102528e-12,1m,0.0
2024-11-11 11:22:00,7N57bZtQQNB92jTXR8Ym2FsJv9PvDrk3vtWtP3YFzXLQ,1.5200043703102528e-12,1.5200043703102528e-12,1.5200043703102528e-12,1.5200043703102528e-12,1m,0.0
2024-11-11 11:23:00,7N57bZtQQNB92jTXR8Ym2FsJv9PvDrk3vtWtP3YFzXLQ,1.5200043703102528e-12,1.5200043703102528e-12,1.5200043703102528e-12,1.5200043703102528e-12,1m,0.0
2024-11-11 11:24:00,7N57bZtQQNB92jTXR8Ym2FsJv9PvDrk3vtWtP3YFzXLQ,1.5239821973378888e-12,1.5239821973378888e-12,1.5200043703102528e-12,1.5200043703102528e-12,1m,4159460630018.36
2024-11-11 11:25:00,7N57bZtQQNB92jTXR8Ym2FsJv9PvDrk3vtWtP3YFzXLQ,1.5239821973378888e-12,1.5239821973378888e-12,1.5239821973378888e-12,1.5239821973378888e-12,1m,0.0
2024-11-11 11:26:00,7N57bZtQQNB92jTXR8Ym2FsJv9PvDrk3vtWtP3YFzXLQ,1.5239821973378888e-12,1.5239821973378888e-12,1.5239821973378888e-12,1.5239821973378888e-12,1m,0.0
2024-11-11 11:27:00,7N57bZtQQNB92jTXR8Ym2FsJv9PvDrk3vtWtP3YFzXLQ,1.5239821973378888e-12,1.5239821973378888e-12,1.5239821973378888e-12,1.5239821973378888e-12,1m,0.0
2024-11-11 11:28:00,7N57bZtQQNB92jTXR8Ym2FsJv9PvDrk3vtWtP3YFzXLQ,1.5239821973378888e-12,1.5239821973378888e-12,1.5239821973378888e-12,1.5239821973378888e-12,1m,0.0
2024-11-11 11:29:00,7N57bZtQQNB92jTXR8Ym2FsJv9PvDrk3vtWtP3YFzXLQ,1.5239821973378888e-12,1.5239821973378888e-12,1.5239821973378888e-12,1.5239821973378888e-12,1m,0.0
2024-11-11 11:30:00,7N57bZtQQNB92jTXR8Ym2FsJv9PvDrk3vtWtP3YFzXLQ,1.5239821973378888e-12,1.5239821973378888e-12,1.5239821973378888e-12,1.5239821973378888e-12,1m,0.0
2024-11-11 11:31:00,7N57bZtQQNB92jTXR8Ym2FsJv9PvDrk3vtWtP3YFzXLQ,1.5239821973378888e-12,1.5239821973378888e-12,1.5239821973378888e-12,1.5239821973378888e-12,1m,0.0
2024-11-11 11:32:00,7N57bZtQQNB92jTXR8Ym2FsJv9PvDrk3vtWtP3YFzXLQ,1.5239821973378888e-12,1.5239821973378888e-12,1.5239821973378888e-12,1.5239821973378888e-12,1m,0.0
2024-11-11 11:33:00,7N57bZtQQNB92jTXR8Ym2FsJv9PvDrk3vtWtP3YFzXLQ,1.5239821973378888e-12,1.5239821973378888e-12,1.5239821973378888e-12,1.5239821973378888e-12,1m,0.0
2024-11-11 11:34:00,7N57bZtQQNB92jTXR8Ym2FsJv9PvDrk3vtWtP3YFzXLQ,1.5427384809575738e-12,1.5427384809575738e-12,1.5239821973378888e-12,1.5239821973378888e-12,1m,28173335694077.84
2024-11-11 11:35:00,7N57bZtQQNB92jTXR8Ym2FsJv9PvDrk3vtWtP3YFzXLQ,1.5427384809575738e-12,1.5427384809575738e-12,1.5427384809575738e-12,1.5427384809575738e-12,1m,0.0
2024-11-11 11:36:00,7N57bZtQQNB92jTXR8Ym2FsJv9PvDrk3vtWtP3YFzXLQ,1.5427384809575738e-12,1.5427384809575738e-12,1.5427384809575738e-12,1.5427384809575738e-12,1m,0.0
2024-11-11 11:37:00,7N57bZtQQNB92jTXR8Ym2FsJv9PvDrk3vtWtP3YFzXLQ,1.5427384809575738e-12,1.5427384809575738e-12,1.5427384809575738e-12,1.5427384809575738e-12,1m,0.0
2024-11-11 11:38:00,7N57bZtQQNB92jTXR8Ym2FsJv9PvDrk3vtWtP3YFzXLQ,1.5427384809575738e-12,1.5427384809575738e-12,1.5427384809575738e-12,1.5427384809575738e-12,1m,0.0
2024-11-11 11:39:00,7N57bZtQQNB92jTXR8Ym2FsJv9PvDrk3vtWtP3YFzXLQ,1.5427384809575738e-12,1.5427384809575738e-12,1.5427384809575738e-12,1.5427384809575738e-12,1m,0.0
2024-11-11 11:40:00,7N57bZtQQNB92jTXR8Ym2FsJv9PvDrk3vtWtP3YFzXLQ,1.5427384809575738e-12,1.5427384809575738e-12,1.5427384809575738e-12,1.5427384809575738e-12,1m,0.0
2024-11-11 11:41:00,7N57bZtQQNB92jTXR8Ym2FsJv9PvDrk3vtWtP3YFzXLQ,1.5427384809575738e-12,1.5427384809575738e-12,1.5427384809575738e-12,1.5427384809575738e-12,1m,0.0
2024-11-11 11:42:00,7N57bZtQQNB92jTXR8Ym2FsJv9PvDrk3vtWtP3YFzXLQ,1.5427384809575738e-12,1.5427384809575738e-12,1.5427384809575738e-12,1.5427384809575738e-12,1m,0.0
2024-11-11 11:43:00,7N57bZtQQNB92jTXR8Ym2FsJv9PvDrk3vtWtP3YFzXLQ,1.5427384809575738e-12,1.5427384809575738e-12,1.5427384809575738e-12,1.5427384809575738e-12,1m,0.0
2024-11-11 11:44:00,7N57bZtQQNB92jTXR8Ym2FsJv9PvDrk3vtWtP3YFzXLQ,1.5427384809575738e-12,1.5427384809575738e-12,1.5427384809575738e-12,1.5427384809575738e-12,1m,0.0
2024-11-11 11:45:00,7N57bZtQQNB92jTXR8Ym2FsJv9PvDrk3vtWtP3YFzXLQ,1.5427384809575738e-12,1.5427384809575738e-12,1.5427384809575738e-12,1.5427384809575738e-12,1m,0.0
2024-11-11 11:46:00,7N57bZtQQNB92jTXR8Ym2FsJv9PvDrk3vtWtP3YFzXLQ,1.530701858328821e-12,1.5427384809575738e-12,1.530701858328821e-12,1.5427384809575738e-12,1m,15681128401074.09
2024-11-11 11:47:00,7N57bZtQQNB92jTXR8Ym2FsJv9PvDrk3vtWtP3YFzXLQ,1.5230676271292062e-12,1.530701858328821e-12,1.5230676271292062e-12,1.530701858328821e-12,1m,12980369317778.74
2024-11-11 11:48:00,7N57bZtQQNB92jTXR8Ym2FsJv9PvDrk3vtWtP3YFzXLQ,1.5230676271292062e-12,1.5230676271292062e-12,1.5230676271292062e-12,1.5230676271292062e-12,1m,0.0
2024-11-11 11:49:00,7N57bZtQQNB92jTXR8Ym2FsJv9PvDrk3vtWtP3YFzXLQ,1.5230676271292062e-12,1.5230676271292062e-12,1.5230676271292062e-12,1.5230676271292062e-12,1m,0.0
2024-11-11 11:50:00,7N57bZtQQNB92jTXR8Ym2FsJv9PvDrk3vtWtP3YFzXLQ,1.5230676271292062e-12,1.5230676271292062e-12,1.5230676271292062e-12,1.5230676271292062e-12,1m,0.0
2024-11-11 11:51:00,7N57bZtQQNB92jTXR8Ym2FsJv9PvDrk3vtWtP3YFzXLQ,1.5230676271292062e-12,1.5230676271292062e-12,1.5230676271292062e-12,1.5230676271292062e-12,1m,0.0
2024-11-11 11:52:00,7N57bZtQQNB92jTXR8Ym2FsJv9PvDrk3vtWtP3YFzXLQ,1.5230676271292062e-12,1.5230676271292062e-12,1.5230676271292062e-12,1.5230676271292062e-12,1m,0.0
2024-11-11 11:53:00,7N57bZtQQNB92jTXR8Ym2FsJv9PvDrk3vtWtP3YFzXLQ,1.5230495485996864e-12,1.5230676271292062e-12,1.5230495485996864e-12,1.5230676271292062e-12,1m,6598846355852.81
2024-11-11 11:54:00,7N57bZtQQNB92jTXR8Ym2FsJv9PvDrk3vtWtP3YFzXLQ,1.5230495485996864e-12,1.5230495485996864e-12,1.5230495485996864e-12,1.5230495485996864e-12,1m,0.0
2024-11-11 11:55:00,7N57bZtQQNB92jTXR8Ym2FsJv9PvDrk3vtWtP3YFzXLQ,1.5230495485996864e-12,1.5230495485996864e-12,1.5230495485996864e-12,1.5230495485996864e-12,1m,0.0
2024-11-11 11:56:00,7N57bZtQQNB92jTXR8Ym2FsJv9PvDrk3vtWtP3YFzXLQ,1.5230495485996864e-12,1.5230495485996864e-12,1.5230495485996864e-12,1.5230495485996864e-12,1m,0.0
2024-11-11 11:57:00,7N57bZtQQNB92jTXR8Ym2FsJv9PvDrk3vtWtP3YFzXLQ,1.5230495485996864e-12,1.5230495485996864e-12,1.5230495485996864e-12,1.5230495485996864e-12,1m,0.0
2024-11-11 11:58:00,7N57bZtQQNB92jTXR8Ym2FsJv9PvDrk3vtWtP3YFzXLQ,1.5230495485996864e-12,1.5230495485996864e-12,1.5230495485996864e-12,1.5230495485996864e-12,1m,0.0
2024-11-11 11:59:00,7N57bZtQQNB92jTXR8Ym2FsJv9PvDrk3vtWtP3YFzXLQ,1.5230495485996864e-12,1.5230495485996864e-12,1.5230495485996864e-12,1.5230495485996864e-12,1m,0.0
2024-11-11 12:00:00,7N57bZtQQNB92jTXR8Ym2FsJv9PvDrk3vtWtP3YFzXLQ,1.5230495485996864e-12,1.5230495485996864e-12,1.5230495485996864e-12,1.5230495485996864e-12,1m,0.0
2024-11-11 12:01:00,7N57bZtQQNB92jTXR8Ym2FsJv9PvDrk3vtWtP3YFzXLQ,1.5230495485996864e-12,1.5230495485996864e-12,1.5230495485996864e-12,1.5230495485996864e-12,1m,0.0
2024-11-11 12:02:00,7N57bZtQQNB92jTXR8Ym2FsJv9PvDrk3vtWtP3YFzXLQ,1.5230495485996864e-12,1.5230495485996864e-12,1.5230495485996864e-12,1.5230495485996864e-12,1m,0.0
2024-11-11 12:03:00,7N57bZtQQNB92jTXR8Ym2FsJv9PvDrk3vtWtP3YFzXLQ,1.5427343661944644e-12,1.5427343661944644e-12,1.5230495485996864e-12,1.5230495485996864e-12,1m,2552460321296.8
2024-11-11 12:04:00,7N57bZtQQNB92jTXR8Ym2FsJv9PvDrk3vtWtP3YFzXLQ,1.5427343661944644e-12,1.5427343661944644e-12,1.5427343661944644e-12,1.5427343661944644e-12,1m,0.0
2024-11-11 12:05:00,7N57bZtQQNB92jTXR8Ym2FsJv9PvDrk3vtWtP3YFzXLQ,1.5427343661944644e-12,1.5427343661944644e-12,1.5427343661944644e-12,1.5427343661944644e-12,1m,0.0
2024-11-11 12:06:00,7N57bZtQQNB92jTXR8Ym2FsJv9PvDrk3vtWtP3YFzXLQ,1.5427343661944644e-12,1.5427343661944644e-12,1.5427343661944644e-12,1.5427343661944644e-12,1m,0.0
2024-11-11 12:07:00,7N57bZtQQNB92jTXR8Ym2FsJv9PvDrk3vtWtP3YFzXLQ,1.5427343661944644e-12,1.5427343661944644e-12,1.5427343661944644e-12,1.5427343661944644e-12,1m,0.0
2024-11-11 12:08:00,7N57bZtQQNB92jTXR8Ym2FsJv9PvDrk3vtWtP3YFzXLQ,1.5427343661944644e-12,1.5427343661944644e-12,1.5427343661944644e-12,1.5427343661944644e-12,1m,0.0
2024-11-11 12:09:00,7N57bZtQQNB92jTXR8Ym2FsJv9PvDrk3vtWtP3YFzXLQ,1.5427343661944644e-12,1.5427343661944644e-12,1.5427343661944644e-12,1.5427343661944644e-12,1m,0.0
2024-11-11 12:10:00,7N57bZtQQNB92jTXR8Ym2FsJv9PvDrk3vtWtP3YFzXLQ,1.5427343661944644e-12,1.5427343661944644e-12,1.5427343661944644e-12,1.5427343661944644e-12,1m,0.0
2024-11-11 12:11:00,7N57bZtQQNB92jTXR8Ym2FsJv9PvDrk3vtWtP3YFzXLQ,1.5427343661944644e-12,1.5427343661944644e-12,1.5427343661944644e-12,1.5427343661944644e-12,1m,0.0
2024-11-11 12:12:00,7N57bZtQQNB92jTXR8Ym2FsJv9PvDrk3vtWtP3YFzXLQ,1.5427343661944644e-12,1.5427343661944644e-12,1.5427343661944644e-12,1.5427343661944644e-12,1m,0.0
2024-11-11 12:13:00,7N57bZtQQNB92jTXR8Ym2FsJv9PvDrk3vtWtP3YFzXLQ,1.5427343661944644e-12,1.5427343661944644e-12,1.5427343661944644e-12,1.5427343661944644e-12,1m,0.0
2024-11-11 12:14:00,7N57bZtQQNB92jTXR8Ym2FsJv9PvDrk3vtWtP3YFzXLQ,1.5427343661944644e-12,1.5427343661944644e-12,1.5427343661944644e-12,1.5427343661944644e-12,1m,0.0
2024-11-11 12:15:00,7N57bZtQQNB92jTXR8Ym2FsJv9PvDrk3vtWtP3YFzXLQ,1.5000122248985048e-12,1.5427343661944644e-12,1.5000122248985048e-12,1.5427343661944644e-12,1m,141042096750530.88
2024-11-11 12:16:00,7N57bZtQQNB92jTXR8Ym2FsJv9PvDrk3vtWtP3YFzXLQ,1.5000122248985048e-12,1.5000122248985048e-12,1.5000122248985048e-12,1.5000122248985048e-12,1m,0.0
2024-11-11 12:17:00,7N57bZtQQNB92jTXR8Ym2FsJv9PvDrk3vtWtP3YFzXLQ,1.5000122248985048e-12,1.5000122248985048e-12,1.5000122248985048e-12,1.5000122248985048e-12,1m,0.0
2024-11-11 12:18:00,7N57bZtQQNB92jTXR8Ym2FsJv9PvDrk3vtWtP3YFzXLQ,1.5000122248985048e-12,1.5000122248985048e-12,1.5000122248985048e-12,1.5000122248985048e-12,1m,0.0
2024-11-11 12:19:00,7N57bZtQQNB92jTXR8Ym2FsJv9PvDrk3vtWtP3YFzXLQ,1.5000122248985048e-12,1.5000122248985048e-12,1.5000122248985048e-12,1.5000122248985048e-12,1m,0.0
2024-11-11 12:20:00,7N57bZtQQNB92jTXR8Ym2FsJv9PvDrk3vtWtP3YFzXLQ,1.5000122248985048e-12,1.5000122248985048e-12,1.5000122248985048e-12,1.5000122248985048e-12,1m,0.0
2024-11-11 12:21:00,7N57bZtQQNB92jTXR8Ym2FsJv9PvDrk3vtWtP3YFzXLQ,1.5000122248985048e-12,1.5000122248985048e-12,1.5000122248985048e-12,1.5000122248985048e-12,1m,0.0
2024-11-11 12:22:00,7N57bZtQQNB92jTXR8Ym2FsJv9PvDrk3vtWtP3YFzXLQ,1.5000122248985048e-12,1.5000122248985048e-12,1.5000122248985048e-12,1.5000122248985048e-12,1m,0.0
2024-11-11 12:23:00,7N57bZtQQNB92jTXR8Ym2FsJv9PvDrk3vtWtP3YFzXLQ,1.5000122248985048e-12,1.5000122248985048e-12,1.5000122248985048e-12,1.5000122248985048e-12,1m,0.0
2024-11-11 12:24:00,7N57bZtQQNB92jTXR8Ym2FsJv9PvDrk3vtWtP3YFzXLQ,1.5000122248985048e-12,1.5000122248985048e-12,1.5000122248985048e-12,1.5000122248985048e-12,1m,0.0
2024-11-11 12:25:00,7N57bZtQQNB92jTXR8Ym2FsJv9PvDrk3vtWtP3YFzXLQ,1.5000122248985048e-12,1.5000122248985048e-12,1.5000122248985048e-12,1.5000122248985048e-12,1m,0.0
2024-11-11 12:26:00,7N57bZtQQNB92jTXR8Ym2FsJv9PvDrk3vtWtP3YFzXLQ,1.5000122248985048e-12,1.5000122248985048e-12,1.5000122248985048e-12,1.5000122248985048e-12,1m,0.0
2024-11-11 12:27:00,7N57bZtQQNB92jTXR8Ym2FsJv9PvDrk3vtWtP3YFzXLQ,1.5000122248985048e-12,1.5000122248985048e-12,1.5000122248985048e-12,1.5000122248985048e-12,1m,0.0
2024-11-11 12:28:00,7N57bZtQQNB92jTXR8Ym2FsJv9PvDrk3vtWtP3YFzXLQ,1.5000122248985048e-12,1.5000122248985048e-12,1.5000122248985048e-12,1.5000122248985048e-12,1m,0.0
2024-11-11 12:29:00,7N57bZtQQNB92jTXR8Ym2FsJv9PvDrk3vtWtP3YFzXLQ,1.4482501363280994e-12,1.5000122248985048e-12,1.4482501363280994e-12,1.5000122248985048e-12,1m,19092893005217.14
2024-11-11 12:30:00,7N57bZtQQNB92jTXR8Ym2FsJv9PvDrk3vtWtP3YFzXLQ,1.4482501363280994e-12,1.4482501363280994e-12,1.4482501363280994e-12,1.4482501363280994e-12,1m,0.0
2024-11-11 12:31:00,7N57bZtQQNB92jTXR8Ym2FsJv9PvDrk3vtWtP3YFzXLQ,1.4482501363280994e-12,1.4482501363280994e-12,1.4482501363280994e-12,1.4482501363280994e-12,1m,0.0
2024-11-11 12:32:00,7N57bZtQQNB92jTXR8Ym2FsJv9PvDrk3vtWtP3YFzXLQ,1.4482501363280994e-12,1.4482501363280994e-12,1.4482501363280994e-12,1.4482501363280994e-12,1m,0.0
2024-11-11 12:33:00,7N57bZtQQNB92jTXR8Ym2FsJv9PvDrk3vtWtP3YFzXLQ,1.4482501363280994e-12,1.4482501363280994e-12,1.4482501363280994e-12,1.4482501363280994e-12,1m,0.0
2024-11-11 12:34:00,7N57bZtQQNB92jTXR8Ym2FsJv9PvDrk3vtWtP3YFzXLQ,1.4482501363280994e-12,1.4482501363280994e-12,1.4482501363280994e-12,1.4482501363280994e-12,1m,0.0
2024-11-11 12:35:00,7N57bZtQQNB92jTXR8Ym2FsJv9PvDrk3vtWtP3YFzXLQ,1.4482501363280994e-12,1.4482501363280994e-12,1.4482501363280994e-12,1.4482501363280994e-12,1m,0.0
2024-11-11 12:36:00,7N57bZtQQNB92jTXR8Ym2FsJv9PvDrk3vtWtP3YFzXLQ,1.4482501363280994e-12,1.4482501363280994e-12,1.4482501363280994e-12,1.4482501363280994e-12,1m,0.0
2024-11-11 12:37:00,7N57bZtQQNB92jTXR8Ym2FsJv9PvDrk3vtWtP3YFzXLQ,1.4482501363280994e-12,1.4482501363280994e-12,1.4482501363280994e-12,1.4482501363280994e-12,1m,0.0
2024-11-11 12:38:00,7N57bZtQQNB92jTXR8Ym2FsJv9PvDrk3vtWtP3YFzXLQ,1.4482501363280994e-12,1.4482501363280994e-12,1.4482501363280994e-12,1.4482501363280994e-12,1m,0.0
2024-11-11 12:39:00,7N57bZtQQNB92jTXR8Ym2FsJv9PvDrk3vtWtP3YFzXLQ,1.4482501363280994e-12,1.4482501363280994e-12,1.4482501363280994e-12,1.4482501363280994e-12,1m,0.0
2024-11-11 12:40:00,7N57bZtQQNB92jTXR8Ym2FsJv9PvDrk3vtWtP3YFzXLQ,1.4482501363280994e-12,1.4482501363280994e-12,1.4482501363280994e-12,1.4482501363280994e-12,1m,0.0
2024-11-11 12:41:00,7N57bZtQQNB92jTXR8Ym2FsJv9PvDrk3vtWtP3YFzXLQ,1.4482501363280994e-12,1.4482501363280994e-12,1.4482501363280994e-12,1.4482501363280994e-12,1m,0.0
2024-11-11 12:42:00,7N57bZtQQNB92jTXR8Ym2FsJv9PvDrk3vtWtP3YFzXLQ,1.4482501363280994e-12,1.4482501363280994e-12,1.4482501363280994e-12,1.4482501363280994e-12,1m,0.0
2024-11-11 12:43:00,7N57bZtQQNB92jTXR8Ym2FsJv9PvDrk3vtWtP3YFzXLQ,1.4482501363280994e-12,1.4482501363280994e-12,1.4482501363280994e-12,1.4482501363280994e-12,1m,0.0
2024-11-11 12:44:00,7N57bZtQQNB92jTXR8Ym2FsJv9PvDrk3vtWtP3YFzXLQ,1.4482501363280994e-12,1.4482501363280994e-12,1.4482501363280994e-12,1.4482501363280994e-12,1m,0.0
2024-11-11 12:45:00,7N57bZtQQNB92jTXR8Ym2FsJv9PvDrk3vtWtP3YFzXLQ,1.4482501363280994e-12,1.4482501363280994e-12,1.4482501363280994e-12,1.4482501363280994e-12,1m,0.0
2024-11-11 12:46:00,7N57bZtQQNB92jTXR8Ym2FsJv9PvDrk3vtWtP3YFzXLQ,1.4482501363280994e-12,1.4482501363280994e-12,1.4482501363280994e-12,1.4482501363280994e-12,1m,0.0
2024-11-11 12:47:00,7N57bZtQQNB92jTXR8Ym2FsJv9PvDrk3vtWtP3YFzXLQ,1.4482501363280994e-12,1.4482501363280994e-12,1.4482501363280994e-12,1.4482501363280994e-12,1m,0.0
2024-11-11 12:48:00,7N57bZtQQNB92jTXR8Ym2FsJv9PvDrk3vtWtP3YFzXLQ,1.4482501363280994e-12,1.4482501363280994e-12,1.4482501363280994e-12,1.4482501363280994e-12,1m,0.0
2024-11-11 12:49:00,7N57bZtQQNB92jTXR8Ym2FsJv9PvDrk3vtWtP3YFzXLQ,1.4482501363280994e-12,1.4482501363280994e-12,1.4482501363280994e-12,1.4482501363280994e-12,1m,0.0
2024-11-11 12:50:00,7N57bZtQQNB92jTXR8Ym2FsJv9PvDrk3vtWtP3YFzXLQ,1.4482501363280994e-12,1.4482501363280994e-12,1.4482501363280994e-12,1.4482501363280994e-12,1m,0.0
2024-11-11 12:51:00,7N57bZtQQNB92jTXR8Ym2FsJv9PvDrk3vtWtP3YFzXLQ,1.4482501363280994e-12,1.4482501363280994e-12,1.4482501363280994e-12,1.4482501363280994e-12,1m,0.0
2024-11-11 12:52:00,7N57bZtQQNB92jTXR8Ym2FsJv9PvDrk3vtWtP3YFzXLQ,1.4482501363280994e-12,1.4482501363280994e-12,1.4482501363280994e-12,1.4482501363280994e-12,1m,0.0
2024-11-11 12:53:00,7N57bZtQQNB92jTXR8Ym2FsJv9PvDrk3vtWtP3YFzXLQ,1.4482501363280994e-12,1.4482501363280994e-12,1.4482501363280994e-12,1.4482501363280994e-12,1m,0.0
2024-11-11 12:54:00,7N57bZtQQNB92jTXR8Ym2FsJv9PvDrk3vtWtP3YFzXLQ,1.4482501363280994e-12,1.4482501363280994e-12,1.4482501363280994e-12,1.4482501363280994e-12,1m,0.0
2024-11-11 12:55:00,7N57bZtQQNB92jTXR8Ym2FsJv9PvDrk3vtWtP3YFzXLQ,1.4482501363280994e-12,1.4482501363280994e-12,1.4482501363280994e-12,1.4482501363280994e-12,1m,0.0
2024-11-11 12:56:00,7N57bZtQQNB92jTXR8Ym2FsJv9PvDrk3vtWtP3YFzXLQ,1.4482501363280994e-12,1.4482501363280994e-12,1.4482501363280994e-12,1.4482501363280994e-12,1m,0.0
2024-11-11 12:57:00,7N57bZtQQNB92jTXR8Ym2FsJv9PvDrk3vtWtP3YFzXLQ,1.4482501363280994e-12,1.4482501363280994e-12,1.4482501363280994e-12,1.4482501363280994e-12,1m,0.0
2024-11-11 12:58:00,7N57bZtQQNB92jTXR8Ym2FsJv9PvDrk3vtWtP3YFzXLQ,1.4482501363280994e-12,1.4482501363280994e-12,1.4482501363280994e-12,1.4482501363280994e-12,1m,0.0
2024-11-11 12:59:00,7N57bZtQQNB92jTXR8Ym2FsJv9PvDrk3vtWtP3YFzXLQ,1.4482501363280994e-12,1.4482501363280994e-12,1.4482501363280994e-12,1.4482501363280994e-12,1m,0.0
2024-11-11 13:00:00,7N57bZtQQNB92jTXR8Ym2FsJv9PvDrk3vtWtP3YFzXLQ,1.4482501363280994e-12,1.4482501363280994e-12,1.4482501363280994e-12,1.4482501363280994e-12,1m,0.0
2024-11-11 13:01:00,7N57bZtQQNB92jTXR8Ym2FsJv9PvDrk3vtWtP3YFzXLQ,1.4482501363280994e-12,1.4482501363280994e-12,1.4482501363280994e-12,1.4482501363280994e-12,1m,0.0
2024-11-11 13:02:00,7N57bZtQQNB92jTXR8Ym2FsJv9PvDrk3vtWtP3YFzXLQ,1.4482501363280994e-12,1.4482501363280994e-12,1.4482501363280994e-12,1.4482501363280994e-12,1m,0.0
2024-11-11 13:03:00,7N57bZtQQNB92jTXR8Ym2FsJv9PvDrk3vtWtP3YFzXLQ,1.4482501363280994e-12,1.4482501363280994e-12,1.4482501363280994e-12,1.4482501363280994e-12,1m,0.0
2024-11-11 13:04:00,7N57bZtQQNB92jTXR8Ym2FsJv9PvDrk3vtWtP3YFzXLQ,1.4351466298005825e-12,1.4482501363280994e-12,1.4351466298005825e-12,1.4482501363280994e-12,1m,3211941215591.2
2024-11-11 13:05:00,7N57bZtQQNB92jTXR8Ym2FsJv9PvDrk3vtWtP3YFzXLQ,1.4351466298005825e-12,1.4351466298005825e-12,1.4351466298005825e-12,1.4351466298005825e-12,1m,0.0
2024-11-11 13:06:00,7N57bZtQQNB92jTXR8Ym2FsJv9PvDrk3vtWtP3YFzXLQ,1.4351466298005825e-12,1.4351466298005825e-12,1.4351466298005825e-12,1.4351466298005825e-12,1m,0.0
2024-11-11 13:07:00,7N57bZtQQNB92jTXR8Ym2FsJv9PvDrk3vtWtP3YFzXLQ,1.5311942368032646e-12,1.5311942368032646e-12,1.4351466298005825e-12,1.4351466298005825e-12,1m,217846220775321.75
2024-11-11 13:08:00,7N57bZtQQNB92jTXR8Ym2FsJv9PvDrk3vtWtP3YFzXLQ,1.5311942368032646e-12,1.5311942368032646e-12,1.5311942368032646e-12,1.5311942368032646e-12,1m,0.0
2024-11-11 13:09:00,7N57bZtQQNB92jTXR8Ym2FsJv9PvDrk3vtWtP3YFzXLQ,1.5311942368032646e-12,1.5311942368032646e-12,1.5311942368032646e-12,1.5311942368032646e-12,1m,0.0
2024-11-11 13:10:00,7N57bZtQQNB92jTXR8Ym2FsJv9PvDrk3vtWtP3YFzXLQ,1.5311942368032646e-12,1.5311942368032646e-12,1.5311942368032646e-12,1.5311942368032646e-12,1m,0.0
2024-11-11 13:11:00,7N57bZtQQNB92jTXR8Ym2FsJv9PvDrk3vtWtP3YFzXLQ,1.5311942368032646e-12,1.5311942368032646e-12,1.5311942368032646e-12,1.5311942368032646e-12,1m,0.0
2024-11-11 13:12:00,7N57bZtQQNB92jTXR8Ym2FsJv9PvDrk3vtWtP3YFzXLQ,1.5311942368032646e-12,1.5311942368032646e-12,1.5311942368032646e-12,1.5311942368032646e-12,1m,0.0
2024-11-11 13:13:00,7N57bZtQQNB92jTXR8Ym2FsJv9PvDrk3vtWtP3YFzXLQ,1.5311942368032646e-12,1.5311942368032646e-12,1.5311942368032646e-12,1.5311942368032646e-12,1m,0.0
2024-11-11 13:14:00,7N57bZtQQNB92jTXR8Ym2FsJv9PvDrk3vtWtP3YFzXLQ,1.5327179949842496e-12,1.5327179949842496e-12,1.5311942368032646e-12,1.5311942368032646e-12,1m,18781065945526.17
2024-11-11 13:15:00,7N57bZtQQNB92jTXR8Ym2FsJv9PvDrk3vtWtP3YFzXLQ,1.5327179949842496e-12,1.5327179949842496e-12,1.5327179949842496e-12,1.5327179949842496e-12,1m,0.0
2024-11-11 13:16:00,7N57bZtQQNB92jTXR8Ym2FsJv9PvDrk3vtWtP3YFzXLQ,1.5327179949842496e-12,1.5327179949842496e-12,1.5327179949842496e-12,1.5327179949842496e-12,1m,0.0
2024-11-11 13:17:00,7N57bZtQQNB92jTXR8Ym2FsJv9PvDrk3vtWtP3YFzXLQ,1.5327179949842496e-12,1.5327179949842496e-12,1.5327179949842496e-12,1.5327179949842496e-12,1m,0.0
2024-11-11 13:18:00,7N57bZtQQNB92jTXR8Ym2FsJv9PvDrk3vtWtP3YFzXLQ,1.5417907283014013e-12,1.5417907283014013e-12,1.5327179949842496e-12,1.5327179949842496e-12,1m,6534760714159.6
2024-11-11 13:19:00,7N57bZtQQNB92jTXR8Ym2FsJv9PvDrk3vtWtP3YFzXLQ,1.5417907283014013e-12,1.5417907283014013e-12,1.5417907283014013e-12,1.5417907283014013e-12,1m,0.0
2024-11-11 13:20:00,7N57bZtQQNB92jTXR8Ym2FsJv9PvDrk3vtWtP3YFzXLQ,1.5417907283014013e-12,1.5417907283014013e-12,1.5417907283014013e-12,1.5417907283014013e-12,1m,0.0
2024-11-11 13:21:00,7N57bZtQQNB92jTXR8Ym2FsJv9PvDrk3vtWtP3YFzXLQ,1.5417907283014013e-12,1.5417907283014013e-12,1.5417907283014013e-12,1.5417907283014013e-12,1m,0.0
2024-11-11 13:22:00,7N57bZtQQNB92jTXR8Ym2FsJv9PvDrk3vtWtP3YFzXLQ,1.5417907283014013e-12,1.5417907283014013e-12,1.5417907283014013e-12,1.5417907283014013e-12,1m,0.0
2024-11-11 13:23:00,7N57bZtQQNB92jTXR8Ym2FsJv9PvDrk3vtWtP3YFzXLQ,1.5417907283014013e-12,1.5417907283014013e-12,1.5417907283014013e-12,1.5417907283014013e-12,1m,0.0
2024-11-11 13:24:00,7N57bZtQQNB92jTXR8Ym2FsJv9PvDrk3vtWtP3YFzXLQ,1.5417907283014013e-12,1.5417907283014013e-12,1.5417907283014013e-12,1.5417907283014013e-12,1m,0.0
2024-11-11 13:25:00,7N57bZtQQNB92jTXR8Ym2FsJv9PvDrk3vtWtP3YFzXLQ,1.5417907283014013e-12,1.5417907283014013e-12,1.5417907283014013e-12,1.5417907283014013e-12,1m,0.0
2024-11-11 13:26:00,7N57bZtQQNB92jTXR8Ym2FsJv9PvDrk3vtWtP3YFzXLQ,1.5417907283014013e-12,1.5417907283014013e-12,1.5417907283014013e-12,1.5417907283014013e-12,1m,0.0
2024-11-11 13:27:00,7N57bZtQQNB92jTXR8Ym2FsJv9PvDrk3vtWtP3YFzXLQ,1.5417907283014013e-12,1.5417907283014013e-12,1.5417907283014013e-12,1.5417907283014013e-12,1m,0.0
2024-11-11 13:28:00,7N57bZtQQNB92jTXR8Ym2FsJv9PvDrk3vtWtP3YFzXLQ,1.5417907283014013e-12,1.5417907283014013e-12,1.5417907283014013e-12,1.5417907283014013e-12,1m,0.0
2024-11-11 13:29:00,7N57bZtQQNB92jTXR8Ym2FsJv9PvDrk3vtWtP3YFzXLQ,1.5417907283014013e-12,1.5417907283014013e-12,1.5417907283014013e-12,1.5417907283014013e-12,1m,0.0
2024-11-11 13:30:00,7N57bZtQQNB92jTXR8Ym2FsJv9PvDrk3vtWtP3YFzXLQ,1.5417907283014013e-12,1.5417907283014013e-12,1.5417907283014013e-12,1.5417907283014013e-12,1m,0.0
2024-11-11 13:31:00,7N57bZtQQNB92jTXR8Ym2FsJv9PvDrk3vtWtP3YFzXLQ,1.5417907283014013e-12,1.5417907283014013e-12,1.5417907283014013e-12,1.5417907283014013e-12,1m,0.0
2024-11-11 13:32:00,7N57bZtQQNB92jTXR8Ym2FsJv9PvDrk3vtWtP3YFzXLQ,1.5154367007958226e-12,1.5417907283014013e-12,1.5154367007958226e-12,1.5417907283014013e-12,1m,102260442497395.28
2024-11-11 13:33:00,7N57bZtQQNB92jTXR8Ym2FsJv9PvDrk3vtWtP3YFzXLQ,1.5154367007958226e-12,1.5154367007958226e-12,1.5154367007958226e-12,1.5154367007958226e-12,1m,0.0
2024-11-11 13:34:00,7N57bZtQQNB92jTXR8Ym2FsJv9PvDrk3vtWtP3YFzXLQ,1.5154367007958226e-12,1.5154367007958226e-12,1.5154367007958226e-12,1.5154367007958226e-12,1m,0.0
2024-11-11 13:35:00,7N57bZtQQNB92jTXR8Ym2FsJv9PvDrk3vtWtP3YFzXLQ,1.5154367007958226e-12,1.5154367007958226e-12,1.5154367007958226e-12,1.5154367007958226e-12,1m,0.0
2024-11-11 13:36:00,7N57bZtQQNB92jTXR8Ym2FsJv9PvDrk3vtWtP3YFzXLQ,1.5154367007958226e-12,1.5154367007958226e-12,1.5154367007958226e-12,1.5154367007958226e-12,1m,0.0
2024-11-11 13:37:00,7N57bZtQQNB92jTXR8Ym2FsJv9PvDrk3vtWtP3YFzXLQ,1.4121970532902778e-12,1.5154367007958226e-12,1.4121970532902778e-12,1.5154367007958226e-12,1m,309901589211684.3
2024-11-11 13:38:00,7N57bZtQQNB92jTXR8Ym2FsJv9PvDrk3vtWtP3YFzXLQ,1.4121970532902778e-12,1.4121970532902778e-12,1.4121970532902778e-12,1.4121970532902778e-12,1m,0.0
2024-11-11 13:39:00,7N57bZtQQNB92jTXR8Ym2FsJv9PvDrk3vtWtP3YFzXLQ,1.4121970532902778e-12,1.4121970532902778e-12,1.4121970532902778e-12,1.4121970532902778e-12,1m,0.0
2024-11-11 13:40:00,7N57bZtQQNB92jTXR8Ym2FsJv9PvDrk3vtWtP3YFzXLQ,1.4121970532902778e-12,1.4121970532902778e-12,1.4121970532902778e-12,1.4121970532902778e-12,1m,0.0
2024-11-11 13:41:00,7N57bZtQQNB92jTXR8Ym2FsJv9PvDrk3vtWtP3YFzXLQ,1.3842090261903703e-12,1.4121970532902778e-12,1.3842090261903703e-12,1.4121970532902778e-12,1m,157491545724204.9
2024-11-11 13:42:00,7N57bZtQQNB92jTXR8Ym2FsJv9PvDrk3vtWtP3YFzXLQ,1.3842090261903703e-12,1.3842090261903703e-12,1.3842090261903703e-12,1.3842090261903703e-12,1m,0.0
2024-11-11 13:43:00,7N57bZtQQNB92jTXR8Ym2FsJv9PvDrk3vtWtP3YFzXLQ,1.3842090261903703e-12,1.3842090261903703e-12,1.3842090261903703e-12,1.3842090261903703e-12,1m,0.0
2024-11-11 13:44:00,7N57bZtQQNB92jTXR8Ym2FsJv9PvDrk3vtWtP3YFzXLQ,1.3842090261903703e-12,1.3842090261903703e-12,1.3842090261903703e-12,1.3842090261903703e-12,1m,0.0
2024-11-11 13:45:00,7N57bZtQQNB92jTXR8Ym2FsJv9PvDrk3vtWtP3YFzXLQ,1.3842090261903703e-12,1.3842090261903703e-12,1.3842090261903703e-12,1.3842090261903703e-12,1m,0.0
2024-11-11 13:46:00,7N57bZtQQNB92jTXR8Ym2FsJv9PvDrk3vtWtP3YFzXLQ,1.3842090261903703e-12,1.3842090261903703e-12,1.3842090261903703e-12,1.3842090261903703e-12,1m,0.0
2024-11-11 13:47:00,7N57bZtQQNB92jTXR8Ym2FsJv9PvDrk3vtWtP3YFzXLQ,1.3842090261903703e-12,1.3842090261903703e-12,1.3842090261903703e-12,1.3842090261903703e-12,1m,0.0
2024-11-11 13:48:00,7N57bZtQQNB92jTXR8Ym2FsJv9PvDrk3vtWtP3YFzXLQ,1.3842090261903703e-12,1.3842090261903703e-12,1.3842090261903703e-12,1.3842090261903703e-12,1m,0.0
2024-11-11 13:49:00,7N57bZtQQNB92jTXR8Ym2FsJv9PvDrk3vtWtP3YFzXLQ,1.3842090261903703e-12,1.3842090261903703e-12,1.3842090261903703e-12,1.3842090261903703e-12,1m,0.0
2024-11-11 13:50:00,7N57bZtQQNB92jTXR8Ym2FsJv9PvDrk3vtWtP3YFzXLQ,1.3842090261903703e-12,1.3842090261903703e-12,1.3842090261903703e-12,1.3842090261903703e-12,1m,0.0
2024-11-11 13:51:00,7N57bZtQQNB92jTXR8Ym2FsJv9PvDrk3vtWtP3YFzXLQ,1.3842090261903703e-12,1.3842090261903703e-12,1.3842090261903703e-12,1.3842090261903703e-12,1m,0.0
2024-11-11 13:52:00,7N57bZtQQNB92jTXR8Ym2FsJv9PvDrk3vtWtP3YFzXLQ,1.4305246245619203e-12,1.4305246245619203e-12,1.3842090261903703e-12,1.3842090261903703e-12,1m,3215334018504.67
2024-11-11 13:53:00,7N57bZtQQNB92jTXR8Ym2FsJv9PvDrk3vtWtP3YFzXLQ,1.4305246245619203e-12,1.4305246245619203e-12,1.4305246245619203e-12,1.4305246245619203e-12,1m,0.0
2024-11-11 13:54:00,7N57bZtQQNB92jTXR8Ym2FsJv9PvDrk3vtWtP3YFzXLQ,1.4305246245619203e-12,1.4305246245619203e-12,1.4305246245619203e-12,1.4305246245619203e-12,1m,0.0
2024-11-11 13:55:00,7N57bZtQQNB92jTXR8Ym2FsJv9PvDrk3vtWtP3YFzXLQ,1.4299297383562668e-12,1.4305246245619203e-12,1.4299297383562668e-12,1.4305246245619203e-12,1m,4078021015687.3604
2024-11-11 13:56:00,7N57bZtQQNB92jTXR8Ym2FsJv9PvDrk3vtWtP3YFzXLQ,1.431645717034627e-12,1.431645717034627e-12,1.4299297383562668e-12,1.4299297383562668e-12,1m,702797758617.41
2024-11-11 13:57:00,7N57bZtQQNB92jTXR8Ym2FsJv9PvDrk3vtWtP3YFzXLQ,1.4344360584992855e-12,1.4344360584992855e-12,1.431645717034627e-12,1.431645717034627e-12,1m,1962835275887.18
2024-11-11 13:58:00,7N57bZtQQNB92jTXR8Ym2FsJv9PvDrk3vtWtP3YFzXLQ,1.435010231441565e-12,1.435010231441565e-12,1.4344360584992855e-12,1.4344360584992855e-12,1m,680554320497.37
2024-11-11 13:59:00,7N57bZtQQNB92jTXR8Ym2FsJv9PvDrk3vtWtP3YFzXLQ,1.4520471559036151e-12,1.4520471559036151e-12,1.435010231441565e-12,1.435010231441565e-12,1m,74779416337936.77
2024-11-11 14:00:00,7N57bZtQQNB92jTXR8Ym2FsJv9PvDrk3vtWtP3YFzXLQ,1.4520471559036151e-12,1.4520471559036151e-12,1.4520471559036151e-12,1.4520471559036151e-12,1m,0.0
2024-11-11 14:01:00,7N57bZtQQNB92jTXR8Ym2FsJv9PvDrk3vtWtP3YFzXLQ,1.4520471559036151e-12,1.4520471559036151e-12,1.4520471559036151e-12,1.4520471559036151e-12,1m,0.0
2024-11-11 14:02:00,7N57bZtQQNB92jTXR8Ym2FsJv9PvDrk3vtWtP3YFzXLQ,1.4520471559036151e-12,1.4520471559036151e-12,1.4520471559036151e-12,1.4520471559036151e-12,1m,0.0
2024-11-11 14:03:00,7N57bZtQQNB92jTXR8Ym2FsJv9PvDrk3vtWtP3YFzXLQ,1.4520471559036151e-12,1.4520471559036151e-12,1.4520471559036151e-12,1.4520471559036151e-12,1m,0.0
2024-11-11 14:04:00,7N57bZtQQNB92jTXR8Ym2FsJv9PvDrk3vtWtP3YFzXLQ,1.4520471559036151e-12,1.4520471559036151e-12,1.4520471559036151e-12,1.4520471559036151e-12,1m,0.0
2024-11-11 14:05:00,7N57bZtQQNB92jTXR8Ym2FsJv9PvDrk3vtWtP3YFzXLQ,1.4520471559036151e-12,1.4520471559036151e-12,1.4520471559036151e-12,1.4520471559036151e-12,1m,0.0
2024-11-11 14:06:00,7N57bZtQQNB92jTXR8Ym2FsJv9PvDrk3vtWtP3YFzXLQ,1.4520471559036151e-12,1.4520471559036151e-12,1.4520471559036151e-12,1.4520471559036151e-12,1m,0.0
2024-11-11 14:07:00,7N57bZtQQNB92jTXR8Ym2FsJv9PvDrk3vtWtP3YFzXLQ,1.4520471559036151e-12,1.4520471559036151e-12,1.4520471559036151e-12,1.4520471559036151e-12,1m,0.0
2024-11-11 14:08:00,7N57bZtQQNB92jTXR8Ym2FsJv9PvDrk3vtWtP3YFzXLQ,1.4520471559036151e-12,1.4520471559036151e-12,1.4520471559036151e-12,1.4520471559036151e-12,1m,0.0
2024-11-11 14:09:00,7N57bZtQQNB92jTXR8Ym2FsJv9PvDrk3vtWtP3YFzXLQ,1.4520471559036151e-12,1.4520471559036151e-12,1.4520471559036151e-12,1.4520471559036151e-12,1m,0.0
2024-11-11 14:10:00,7N57bZtQQNB92jTXR8Ym2FsJv9PvDrk3vtWtP3YFzXLQ,1.4713157542938762e-12,1.4713157542938762e-12,1.4520471559036151e-12,1.4520471559036151e-12,1m,3209689993176.21
2024-11-11 14:11:00,7N57bZtQQNB92jTXR8Ym2FsJv9PvDrk3vtWtP3YFzXLQ,1.4713157542938762e-12,1.4713157542938762e-12,1.4713157542938762e-12,1.4713157542938762e-12,1m,0.0
2024-11-11 14:12:00,7N57bZtQQNB92jTXR8Ym2FsJv9PvDrk3vtWtP3YFzXLQ,1.4713157542938762e-12,1.4713157542938762e-12,1.4713157542938762e-12,1.4713157542938762e-12,1m,0.0
2024-11-11 14:13:00,7N57bZtQQNB92jTXR8Ym2FsJv9PvDrk3vtWtP3YFzXLQ,1.4713157542938762e-12,1.4713157542938762e-12,1.4713157542938762e-12,1.4713157542938762e-12,1m,0.0
2024-11-11 14:14:00,7N57bZtQQNB92jTXR8Ym2FsJv9PvDrk3vtWtP3YFzXLQ,1.4713157542938762e-12,1.4713157542938762e-12,1.4713157542938762e-12,1.4713157542938762e-12,1m,0.0
2024-11-11 14:15:00,7N57bZtQQNB92jTXR8Ym2FsJv9PvDrk3vtWtP3YFzXLQ,1.4713157542938762e-12,1.4713157542938762e-12,1.4713157542938762e-12,1.4713157542938762e-12,1m,0.0
2024-11-11 14:16:00,7N57bZtQQNB92jTXR8Ym2FsJv9PvDrk3vtWtP3YFzXLQ,1.4713157542938762e-12,1.4713157542938762e-12,1.4713157542938762e-12,1.4713157542938762e-12,1m,0.0
2024-11-11 14:17:00,7N57bZtQQNB92jTXR8Ym2FsJv9PvDrk3vtWtP3YFzXLQ,1.4713157542938762e-12,1.4713157542938762e-12,1.4713157542938762e-12,1.4713157542938762e-12,1m,0.0
2024-11-11 14:18:00,7N57bZtQQNB92jTXR8Ym2FsJv9PvDrk3vtWtP3YFzXLQ,1.4713157542938762e-12,1.4713157542938762e-12,1.4713157542938762e-12,1.4713157542938762e-12,1m,0.0
2024-11-11 14:19:00,7N57bZtQQNB92jTXR8Ym2FsJv9PvDrk3vtWtP3YFzXLQ,1.4713157542938762e-12,1.4713157542938762e-12,1.4713157542938762e-12,1.4713157542938762e-12,1m,0.0
2024-11-11 14:20:00,7N57bZtQQNB92jTXR8Ym2FsJv9PvDrk3vtWtP3YFzXLQ,1.4713157542938762e-12,1.4713157542938762e-12,1.4713157542938762e-12,1.4713157542938762e-12,1m,0.0
2024-11-11 14:21:00,7N57bZtQQNB92jTXR8Ym2FsJv9PvDrk3vtWtP3YFzXLQ,1.4713157542938762e-12,1.4713157542938762e-12,1.4713157542938762e-12,1.4713157542938762e-12,1m,0.0
2024-11-11 14:22:00,7N57bZtQQNB92jTXR8Ym2FsJv9PvDrk3vtWtP3YFzXLQ,1.4713157542938762e-12,1.4713157542938762e-12,1.4713157542938762e-12,1.4713157542938762e-12,1m,0.0
2024-11-11 14:23:00,7N57bZtQQNB92jTXR8Ym2FsJv9PvDrk3vtWtP3YFzXLQ,1.4713157542938762e-12,1.4713157542938762e-12,1.4713157542938762e-12,1.4713157542938762e-12,1m,0.0
2024-11-11 14:24:00,7N57bZtQQNB92jTXR8Ym2FsJv9PvDrk3vtWtP3YFzXLQ,1.4713157542938762e-12,1.4713157542938762e-12,1.4713157542938762e-12,1.4713157542938762e-12,1m,0.0
2024-11-11 14:25:00,7N57bZtQQNB92jTXR8Ym2FsJv9PvDrk3vtWtP3YFzXLQ,1.4713157542938762e-12,1.4713157542938762e-12,1.4713157542938762e-12,1.4713157542938762e-12,1m,0.0
2024-11-11 14:26:00,7N57bZtQQNB92jTXR8Ym2FsJv9PvDrk3vtWtP3YFzXLQ,1.4713157542938762e-12,1.4713157542938762e-12,1.4713157542938762e-12,1.4713157542938762e-12,1m,0.0
2024-11-11 14:27:00,7N57bZtQQNB92jTXR8Ym2FsJv9PvDrk3vtWtP3YFzXLQ,1.4713157542938762e-12,1.4713157542938762e-12,1.4713157542938762e-12,1.4713157542938762e-12,1m,0.0
2024-11-11 14:28:00,7N57bZtQQNB92jTXR8Ym2FsJv9PvDrk3vtWtP3YFzXLQ,1.4713157542938762e-12,1.4713157542938762e-12,1.4713157542938762e-12,1.4713157542938762e-12,1m,0.0
2024-11-11 14:29:00,7N57bZtQQNB92jTXR8Ym2FsJv9PvDrk3vtWtP3YFzXLQ,1.4713157542938762e-12,1.4713157542938762e-12,1.4713157542938762e-12,1.4713157542938762e-12,1m,0.0
2024-11-11 14:30:00,7N57bZtQQNB92jTXR8Ym2FsJv9PvDrk3vtWtP3YFzXLQ,1.4713157542938762e-12,1.4713157542938762e-12,1.4713157542938762e-12,1.4713157542938762e-12,1m,0.0
2024-11-11 14:31:00,7N57bZtQQNB92jTXR8Ym2FsJv9PvDrk3vtWtP3YFzXLQ,1.4713157542938762e-12,1.4713157542938762e-12,1.4713157542938762e-12,1.4713157542938762e-12,1m,0.0
2024-11-11 14:32:00,7N57bZtQQNB92jTXR8Ym2FsJv9PvDrk3vtWtP3YFzXLQ,1.4713157542938762e-12,1.4713157542938762e-12,1.4713157542938762e-12,1.4713157542938762e-12,1m,0.0
2024-11-11 14:33:00,7N57bZtQQNB92jTXR8Ym2FsJv9PvDrk3vtWtP3YFzXLQ,1.4713157542938762e-12,1.4713157542938762e-12,1.4713157542938762e-12,1.4713157542938762e-12,1m,0.0
2024-11-11 14:34:00,7N57bZtQQNB92jTXR8Ym2FsJv9PvDrk3vtWtP3YFzXLQ,1.4713157542938762e-12,1.4713157542938762e-12,1.4713157542938762e-12,1.4713157542938762e-12,1m,0.0
2024-11-11 14:35:00,7N57bZtQQNB92jTXR8Ym2FsJv9PvDrk3vtWtP3YFzXLQ,1.4713157542938762e-12,1.4713157542938762e-12,1.4713157542938762e-12,1.4713157542938762e-12,1m,0.0
2024-11-11 14:36:00,7N57bZtQQNB92jTXR8Ym2FsJv9PvDrk3vtWtP3YFzXLQ,1.4713157542938762e-12,1.4713157542938762e-12,1.4713157542938762e-12,1.4713157542938762e-12,1m,0.0
2024-11-11 14:37:00,7N57bZtQQNB92jTXR8Ym2FsJv9PvDrk3vtWtP3YFzXLQ,1.4713157542938762e-12,1.4713157542938762e-12,1.4713157542938762e-12,1.4713157542938762e-12,1m,0.0
2024-11-11 14:38:00,7N57bZtQQNB92jTXR8Ym2FsJv9PvDrk3vtWtP3YFzXLQ,1.4713157542938762e-12,1.4713157542938762e-12,1.4713157542938762e-12,1.4713157542938762e-12,1m,0.0
2024-11-11 14:39:00,7N57bZtQQNB92jTXR8Ym2FsJv9PvDrk3vtWtP3YFzXLQ,1.4713157542938762e-12,1.4713157542938762e-12,1.4713157542938762e-12,1.4713157542938762e-12,1m,0.0
2024-11-11 14:40:00,7N57bZtQQNB92jTXR8Ym2FsJv9PvDrk3vtWtP3YFzXLQ,1.4713157542938762e-12,1.4713157542938762e-12,1.4713157542938762e-12,1.4713157542938762e-12,1m,0.0
2024-11-11 14:41:00,7N57bZtQQNB92jTXR8Ym2FsJv9PvDrk3vtWtP3YFzXLQ,1.4713157542938762e-12,1.4713157542938762e-12,1.4713157542938762e-12,1.4713157542938762e-12,1m,0.0
2024-11-11 14:42:00,7N57bZtQQNB92jTXR8Ym2FsJv9PvDrk3vtWtP3YFzXLQ,1.4713157542938762e-12,1.4713157542938762e-12,1.4713157542938762e-12,1.4713157542938762e-12,1m,0.0
2024-11-11 14:43:00,7N57bZtQQNB92jTXR8Ym2FsJv9PvDrk3vtWtP3YFzXLQ,1.4713157542938762e-12,1.4713157542938762e-12,1.4713157542938762e-12,1.4713157542938762e-12,1m,0.0
2024-11-11 14:44:00,7N57bZtQQNB92jTXR8Ym2FsJv9PvDrk3vtWtP3YFzXLQ,1.4713157542938762e-12,1.4713157542938762e-12,1.4713157542938762e-12,1.4713157542938762e-12,1m,0.0
2024-11-11 14:45:00,7N57bZtQQNB92jTXR8Ym2FsJv9PvDrk3vtWtP3YFzXLQ,1.4713157542938762e-12,1.4713157542938762e-12,1.4713157542938762e-12,1.4713157542938762e-12,1m,0.0
2024-11-11 14:46:00,7N57bZtQQNB92jTXR8Ym2FsJv9PvDrk3vtWtP3YFzXLQ,1.4713157542938762e-12,1.4713157542938762e-12,1.4713157542938762e-12,1.4713157542938762e-12,1m,0.0
2024-11-11 14:47:00,7N57bZtQQNB92jTXR8Ym2FsJv9PvDrk3vtWtP3YFzXLQ,1.4713157542938762e-12,1.4713157542938762e-12,1.4713157542938762e-12,1.4713157542938762e-12,1m,0.0
2024-11-11 14:48:00,7N57bZtQQNB92jTXR8Ym2FsJv9PvDrk3vtWtP3YFzXLQ,1.4713157542938762e-12,1.4713157542938762e-12,1.4713157542938762e-12,1.4713157542938762e-12,1m,0.0
2024-11-11 14:49:00,7N57bZtQQNB92jTXR8Ym2FsJv9PvDrk3vtWtP3YFzXLQ,1.4713157542938762e-12,1.4713157542938762e-12,1.4713157542938762e-12,1.4713157542938762e-12,1m,0.0
2024-11-11 14:50:00,7N57bZtQQNB92jTXR8Ym2FsJv9PvDrk3vtWtP3YFzXLQ,1.4713157542938762e-12,1.4713157542938762e-12,1.4713157542938762e-12,1.4713157542938762e-12,1m,0.0
2024-11-11 14:51:00,7N57bZtQQNB92jTXR8Ym2FsJv9PvDrk3vtWtP3YFzXLQ,1.4713157542938762e-12,1.4713157542938762e-12,1.4713157542938762e-12,1.4713157542938762e-12,1m,0.0
2024-11-11 14:52:00,7N57bZtQQNB92jTXR8Ym2FsJv9PvDrk3vtWtP3YFzXLQ,1.4713157542938762e-12,1.4713157542938762e-12,1.4713157542938762e-12,1.4713157542938762e-12,1m,0.0
2024-11-11 14:53:00,7N57bZtQQNB92jTXR8Ym2FsJv9PvDrk3vtWtP3YFzXLQ,1.4713157542938762e-12,1.4713157542938762e-12,1.4713157542938762e-12,1.4713157542938762e-12,1m,0.0
2024-11-11 14:54:00,7N57bZtQQNB92jTXR8Ym2FsJv9PvDrk3vtWtP3YFzXLQ,1.4713157542938762e-12,1.4713157542938762e-12,1.4713157542938762e-12,1.4713157542938762e-12,1m,0.0
2024-11-11 14:55:00,7N57bZtQQNB92jTXR8Ym2FsJv9PvDrk3vtWtP3YFzXLQ,1.468423265722089e-12,1.4713157542938762e-12,1.468423265722089e-12,1.4713157542938762e-12,1m,1276230160648.4
2024-11-11 14:56:00,7N57bZtQQNB92jTXR8Ym2FsJv9PvDrk3vtWtP3YFzXLQ,1.468423265722089e-12,1.468423265722089e-12,1.468423265722089e-12,1.468423265722089e-12,1m,0.0
2024-11-11 14:57:00,7N57bZtQQNB92jTXR8Ym2FsJv9PvDrk3vtWtP3YFzXLQ,1.468423265722089e-12,1.468423265722089e-12,1.468423265722089e-12,1.468423265722089e-12,1m,0.0
2024-11-11 14:58:00,7N57bZtQQNB92jTXR8Ym2FsJv9PvDrk3vtWtP3YFzXLQ,1.468423265722089e-12,1.468423265722089e-12,1.468423265722089e-12,1.468423265722089e-12,1m,0.0
2024-11-11 14:59:00,7N57bZtQQNB92jTXR8Ym2FsJv9PvDrk3vtWtP3YFzXLQ,1.468423265722089e-12,1.468423265722089e-12,1.468423265722089e-12,1.468423265722089e-12,1m,0.0
2024-11-11 15:00:00,7N57bZtQQNB92jTXR8Ym2FsJv9PvDrk3vtWtP3YFzXLQ,1.468423265722089e-12,1.468423265722089e-12,1.468423265722089e-12,1.468423265722089e-12,1m,0.0
2024-11-11 15:01:00,7N57bZtQQNB92jTXR8Ym2FsJv9PvDrk3vtWtP3YFzXLQ,1.468423265722089e-12,1.468423265722089e-12,1.468423265722089e-12,1.468423265722089e-12,1m,0.0
2024-11-11 15:02:00,7N57bZtQQNB92jTXR8Ym2FsJv9PvDrk3vtWtP3YFzXLQ,1.468423265722089e-12,1.468423265722089e-12,1.468423265722089e-12,1.468423265722089e-12,1m,0.0
2024-11-11 15:03:00,7N57bZtQQNB92jTXR8Ym2FsJv9PvDrk3vtWtP3YFzXLQ,1.468423265722089e-12,1.468423265722089e-12,1.468423265722089e-12,1.468423265722089e-12,1m,0.0
2024-11-11 15:04:00,7N57bZtQQNB92jTXR8Ym2FsJv9PvDrk3vtWtP3YFzXLQ,1.468423265722089e-12,1.468423265722089e-12,1.468423265722089e-12,1.468423265722089e-12,1m,0.0
2024-11-11 15:05:00,7N57bZtQQNB92jTXR8Ym2FsJv9PvDrk3vtWtP3YFzXLQ,1.468423265722089e-12,1.468423265722089e-12,1.468423265722089e-12,1.468423265722089e-12,1m,0.0
2024-11-11 15:06:00,7N57bZtQQNB92jTXR8Ym2FsJv9PvDrk3vtWtP3YFzXLQ,1.468423265722089e-12,1.468423265722089e-12,1.468423265722089e-12,1.468423265722089e-12,1m,0.0
2024-11-11 15:07:00,7N57bZtQQNB92jTXR8Ym2FsJv9PvDrk3vtWtP3YFzXLQ,1.468423265722089e-12,1.468423265722089e-12,1.468423265722089e-12,1.468423265722089e-12,1m,0.0
2024-11-11 15:08:00,7N57bZtQQNB92jTXR8Ym2FsJv9PvDrk3vtWtP3YFzXLQ,1.468423265722089e-12,1.468423265722089e-12,1.468423265722089e-12,1.468423265722089e-12,1m,0.0
2024-11-11 15:09:00,7N57bZtQQNB92jTXR8Ym2FsJv9PvDrk3vtWtP3YFzXLQ,1.468423265722089e-12,1.468423265722089e-12,1.468423265722089e-12,1.468423265722089e-12,1m,0.0
2024-11-11 15:10:00,7N57bZtQQNB92jTXR8Ym2FsJv9PvDrk3vtWtP3YFzXLQ,1.468423265722089e-12,1.468423265722089e-12,1.468423265722089e-12,1.468423265722089e-12,1m,0.0
2024-11-11 15:11:00,7N57bZtQQNB92jTXR8Ym2FsJv9PvDrk3vtWtP3YFzXLQ,1.468423265722089e-12,1.468423265722089e-12,1.468423265722089e-12,1.468423265722089e-12,1m,0.0
2024-11-11 15:12:00,7N57bZtQQNB92jTXR8Ym2FsJv9PvDrk3vtWtP3YFzXLQ,1.468423265722089e-12,1.468423265722089e-12,1.468423265722089e-12,1.468423265722089e-12,1m,0.0
2024-11-11 15:13:00,7N57bZtQQNB92jTXR8Ym2FsJv9PvDrk3vtWtP3YFzXLQ,1.4730712554540758e-12,1.4730712554540758e-12,1.468423265722089e-12,1.468423265722089e-12,1m,12980369317778.74
2024-11-11 15:14:00,7N57bZtQQNB92jTXR8Ym2FsJv9PvDrk3vtWtP3YFzXLQ,1.4730712554540758e-12,1.4730712554540758e-12,1.4730712554540758e-12,1.4730712554540758e-12,1m,0.0
2024-11-11 15:15:00,7N57bZtQQNB92jTXR8Ym2FsJv9PvDrk3vtWtP3YFzXLQ,1.4730712554540758e-12,1.4730712554540758e-12,1.4730712554540758e-12,1.4730712554540758e-12,1m,0.0
2024-11-11 15:16:00,7N57bZtQQNB92jTXR8Ym2FsJv9PvDrk3vtWtP3YFzXLQ,1.4730712554540758e-12,1.4730712554540758e-12,1.4730712554540758e-12,1.4730712554540758e-12,1m,0.0
2024-11-11 15:17:00,7N57bZtQQNB92jTXR8Ym2FsJv9PvDrk3vtWtP3YFzXLQ,1.4730712554540758e-12,1.4730712554540758e-12,1.4730712554540758e-12,1.4730712554540758e-12,1m,0.0
2024-11-11 15:18:00,7N57bZtQQNB92jTXR8Ym2FsJv9PvDrk3vtWtP3YFzXLQ,1.4730712554540758e-12,1.4730712554540758e-12,1.4730712554540758e-12,1.4730712554540758e-12,1m,0.0
2024-11-11 15:19:00,7N57bZtQQNB92jTXR8Ym2FsJv9PvDrk3vtWtP3YFzXLQ,1.4730712554540758e-12,1.4730712554540758e-12,1.4730712554540758e-12,1.4730712554540758e-12,1m,0.0
2024-11-11 15:20:00,7N57bZtQQNB92jTXR8Ym2FsJv9PvDrk3vtWtP3YFzXLQ,1.4730712554540758e-12,1.4730712554540758e-12,1.4730712554540758e-12,1.4730712554540758e-12,1m,0.0
2024-11-11 15:21:00,7N57bZtQQNB92jTXR8Ym2FsJv9PvDrk3vtWtP3YFzXLQ,1.4730712554540758e-12,1.4730712554540758e-12,1.4730712554540758e-12,1.4730712554540758e-12,1m,0.0
2024-11-11 15:22:00,7N57bZtQQNB92jTXR8Ym2FsJv9PvDrk3vtWtP3YFzXLQ,1.4730712554540758e-12,1.4730712554540758e-12,1.4730712554540758e-12,1.4730712554540758e-12,1m,0.0
2024-11-11 15:23:00,7N57bZtQQNB92jTXR8Ym2FsJv9PvDrk3vtWtP3YFzXLQ,1.4730712554540758e-12,1.4730712554540758e-12,1.4730712554540758e-12,1.4730712554540758e-12,1m,0.0
2024-11-11 15:24:00,7N57bZtQQNB92jTXR8Ym2FsJv9PvDrk3vtWtP3YFzXLQ,1.4730712554540758e-12,1.4730712554540758e-12,1.4730712554540758e-12,1.4730712554540758e-12,1m,0.0
2024-11-11 15:25:00,7N57bZtQQNB92jTXR8Ym2FsJv9PvDrk3vtWtP3YFzXLQ,1.4730712554540758e-12,1.4730712554540758e-12,1.4730712554540758e-12,1.4730712554540758e-12,1m,0.0
2024-11-11 15:26:00,7N57bZtQQNB92jTXR8Ym2FsJv9PvDrk3vtWtP3YFzXLQ,1.4730712554540758e-12,1.4730712554540758e-12,1.4730712554540758e-12,1.4730712554540758e-12,1m,0.0
2024-11-11 15:27:00,7N57bZtQQNB92jTXR8Ym2FsJv9PvDrk3vtWtP3YFzXLQ,1.4730712554540758e-12,1.4730712554540758e-12,1.4730712554540758e-12,1.4730712554540758e-12,1m,0.0
2024-11-11 15:28:00,7N57bZtQQNB92jTXR8Ym2FsJv9PvDrk3vtWtP3YFzXLQ,1.4730712554540758e-12,1.4730712554540758e-12,1.4730712554540758e-12,1.4730712554540758e-12,1m,0.0
2024-11-11 15:29:00,7N57bZtQQNB92jTXR8Ym2FsJv9PvDrk3vtWtP3YFzXLQ,1.4730712554540758e-12,1.4730712554540758e-12,1.4730712554540758e-12,1.4730712554540758e-12,1m,0.0
2024-11-11 15:30:00,7N57bZtQQNB92jTXR8Ym2FsJv9PvDrk3vtWtP3YFzXLQ,1.4730712554540758e-12,1.4730712554540758e-12,1.4730712554540758e-12,1.4730712554540758e-12,1m,0.0
2024-11-11 15:31:00,7N57bZtQQNB92jTXR8Ym2FsJv9PvDrk3vtWtP3YFzXLQ,1.4730712554540758e-12,1.4730712554540758e-12,1.4730712554540758e-12,1.4730712554540758e-12,1m,0.0
2024-11-11 15:32:00,7N57bZtQQNB92jTXR8Ym2FsJv9PvDrk3vtWtP3YFzXLQ,1.4730712554540758e-12,1.4730712554540758e-12,1.4730712554540758e-12,1.4730712554540758e-12,1m,0.0
2024-11-11 15:33:00,7N57bZtQQNB92jTXR8Ym2FsJv9PvDrk3vtWtP3YFzXLQ,1.4730712554540758e-12,1.4730712554540758e-12,1.4730712554540758e-12,1.4730712554540758e-12,1m,0.0
2024-11-11 15:34:00,7N57bZtQQNB92jTXR8Ym2FsJv9PvDrk3vtWtP3YFzXLQ,1.4730712554540758e-12,1.4730712554540758e-12,1.4730712554540758e-12,1.4730712554540758e-12,1m,0.0
2024-11-11 15:35:00,7N57bZtQQNB92jTXR8Ym2FsJv9PvDrk3vtWtP3YFzXLQ,1.4730712554540758e-12,1.4730712554540758e-12,1.4730712554540758e-12,1.4730712554540758e-12,1m,0.0
2024-11-11 15:36:00,7N57bZtQQNB92jTXR8Ym2FsJv9PvDrk3vtWtP3YFzXLQ,1.4610059215849353e-12,1.4730712554540758e-12,1.4610059215849353e-12,1.4730712554540758e-12,1m,36955062656687.47
2024-11-11 15:37:00,7N57bZtQQNB92jTXR8Ym2FsJv9PvDrk3vtWtP3YFzXLQ,1.4610059215849353e-12,1.4610059215849353e-12,1.4610059215849353e-12,1.4610059215849353e-12,1m,0.0
2024-11-11 15:38:00,7N57bZtQQNB92jTXR8Ym2FsJv9PvDrk3vtWtP3YFzXLQ,1.4610059215849353e-12,1.4610059215849353e-12,1.4610059215849353e-12,1.4610059215849353e-12,1m,0.0
2024-11-11 15:39:00,7N57bZtQQNB92jTXR8Ym2FsJv9PvDrk3vtWtP3YFzXLQ,1.4610059215849353e-12,1.4610059215849353e-12,1.4610059215849353e-12,1.4610059215849353e-12,1m,0.0
2024-11-11 15:40:00,7N57bZtQQNB92jTXR8Ym2FsJv9PvDrk3vtWtP3YFzXLQ,1.4610059215849353e-12,1.4610059215849353e-12,1.4610059215849353e-12,1.4610059215849353e-12,1m,0.0
2024-11-11 15:41:00,7N57bZtQQNB92jTXR8Ym2FsJv9PvDrk3vtWtP3YFzXLQ,1.4610059215849353e-12,1.4610059215849353e-12,1.4610059215849353e-12,1.4610059215849353e-12,1m,0.0
2024-11-11 15:42:00,7N57bZtQQNB92jTXR8Ym2FsJv9PvDrk3vtWtP3YFzXLQ,1.4610059215849353e-12,1.4610059215849353e-12,1.4610059215849353e-12,1.4610059215849353e-12,1m,0.0
2024-11-11 15:43:00,7N57bZtQQNB92jTXR8Ym2FsJv9PvDrk3vtWtP3YFzXLQ,1.4420806925069794e-12,1.4610059215849353e-12,1.4420806925069794e-12,1.4610059215849353e-12,1m,1276230160648.4
2024-11-11 15:44:00,7N57bZtQQNB92jTXR8Ym2FsJv9PvDrk3vtWtP3YFzXLQ,1.4420806925069794e-12,1.4420806925069794e-12,1.4420806925069794e-12,1.4420806925069794e-12,1m,0.0
2024-11-11 15:45:00,7N57bZtQQNB92jTXR8Ym2FsJv9PvDrk3vtWtP3YFzXLQ,1.4420806925069794e-12,1.4420806925069794e-12,1.4420806925069794e-12,1.4420806925069794e-12,1m,0.0
2024-11-11 15:46:00,7N57bZtQQNB92jTXR8Ym2FsJv9PvDrk3vtWtP3YFzXLQ,1.4420806925069794e-12,1.4420806925069794e-12,1.4420806925069794e-12,1.4420806925069794e-12,1m,0.0
2024-11-11 15:47:00,7N57bZtQQNB92jTXR8Ym2FsJv9PvDrk3vtWtP3YFzXLQ,1.4420806925069794e-12,1.4420806925069794e-12,1.4420806925069794e-12,1.4420806925069794e-12,1m,0.0
2024-11-11 15:48:00,7N57bZtQQNB92jTXR8Ym2FsJv9PvDrk3vtWtP3YFzXLQ,1.4420806925069794e-12,1.4420806925069794e-12,1.4420806925069794e-12,1.4420806925069794e-12,1m,0.0
2024-11-11 15:49:00,7N57bZtQQNB92jTXR8Ym2FsJv9PvDrk3vtWtP3YFzXLQ,1.4420806925069794e-12,1.4420806925069794e-12,1.4420806925069794e-12,1.4420806925069794e-12,1m,0.0
2024-11-11 15:50:00,7N57bZtQQNB92jTXR8Ym2FsJv9PvDrk3vtWtP3YFzXLQ,1.4420806925069794e-12,1.4420806925069794e-12,1.4420806925069794e-12,1.4420806925069794e-12,1m,0.0
2024-11-11 15:51:00,7N57bZtQQNB92jTXR8Ym2FsJv9PvDrk3vtWtP3YFzXLQ,1.4420806925069794e-12,1.4420806925069794e-12,1.4420806925069794e-12,1.4420806925069794e-12,1m,0.0
2024-11-11 15:52:00,7N57bZtQQNB92jTXR8Ym2FsJv9PvDrk3vtWtP3YFzXLQ,1.4420806925069794e-12,1.4420806925069794e-12,1.4420806925069794e-12,1.4420806925069794e-12,1m,0.0
2024-11-11 15:53:00,7N57bZtQQNB92jTXR8Ym2FsJv9PvDrk3vtWtP3YFzXLQ,1.4420806925069794e-12,1.4420806925069794e-12,1.4420806925069794e-12,1.4420806925069794e-12,1m,0.0
2024-11-11 15:54:00,7N57bZtQQNB92jTXR8Ym2FsJv9PvDrk3vtWtP3YFzXLQ,1.4420806925069794e-12,1.4420806925069794e-12,1.4420806925069794e-12,1.4420806925069794e-12,1m,0.0
2024-11-11 15:55:00,7N57bZtQQNB92jTXR8Ym2FsJv9PvDrk3vtWtP3YFzXLQ,1.4420806925069794e-12,1.4420806925069794e-12,1.4420806925069794e-12,1.4420806925069794e-12,1m,0.0
2024-11-11 15:56:00,7N57bZtQQNB92jTXR8Ym2FsJv9PvDrk3vtWtP3YFzXLQ,1.4420806925069794e-12,1.4420806925069794e-12,1.4420806925069794e-12,1.4420806925069794e-12,1m,0.0
2024-11-11 15:57:00,7N57bZtQQNB92jTXR8Ym2FsJv9PvDrk3vtWtP3YFzXLQ,1.4420806925069794e-12,1.4420806925069794e-12,1.4420806925069794e-12,1.4420806925069794e-12,1m,0.0
2024-11-11 15:58:00,7N57bZtQQNB92jTXR8Ym2FsJv9PvDrk3vtWtP3YFzXLQ,1.4420806925069794e-12,1.4420806925069794e-12,1.4420806925069794e-12,1.4420806925069794e-12,1m,0.0
2024-11-11 15:59:00,7N57bZtQQNB92jTXR8Ym2FsJv9PvDrk3vtWtP3YFzXLQ,1.4420806925069794e-12,1.4420806925069794e-12,1.4420806925069794e-12,1.4420806925069794e-12,1m,0.0
2024-11-11 16:00:00,7N57bZtQQNB92jTXR8Ym2FsJv9PvDrk3vtWtP3YFzXLQ,1.4420806925069794e-12,1.4420806925069794e-12,1.4420806925069794e-12,1.4420806925069794e-12,1m,0.0
2024-11-11 16:01:00,7N57bZtQQNB92jTXR8Ym2FsJv9PvDrk3vtWtP3YFzXLQ,1.4420806925069794e-12,1.4420806925069794e-12,1.4420806925069794e-12,1.4420806925069794e-12,1m,0.0
2024-11-11 16:02:00,7N57bZtQQNB92jTXR8Ym2FsJv9PvDrk3vtWtP3YFzXLQ,1.4420806925069794e-12,1.4420806925069794e-12,1.4420806925069794e-12,1.4420806925069794e-12,1m,0.0
2024-11-11 16:03:00,7N57bZtQQNB92jTXR8Ym2FsJv9PvDrk3vtWtP3YFzXLQ,1.5464849434478568e-12,1.5464849434478568e-12,1.4420806925069794e-12,1.4420806925069794e-12,1m,217712238624335.72
2024-11-11 16:04:00,7N57bZtQQNB92jTXR8Ym2FsJv9PvDrk3vtWtP3YFzXLQ,2.0988990771796057e-12,2.2500664979314393e-12,1.5464849434478568e-12,1.5464849434478568e-12,1m,1345129222187221.5
2024-11-11 16:05:00,7N57bZtQQNB92jTXR8Ym2FsJv9PvDrk3vtWtP3YFzXLQ,2.233606552722954e-12,2.233606552722954e-12,2.0988990771796057e-12,2.0988990771796057e-12,1m,204564311644414.22
2024-11-11 16:06:00,7N57bZtQQNB92jTXR8Ym2FsJv9PvDrk3vtWtP3YFzXLQ,2.233606552722954e-12,2.233606552722954e-12,2.233606552722954e-12,2.233606552722954e-12,1m,0.0
2024-11-11 16:07:00,7N57bZtQQNB92jTXR8Ym2FsJv9PvDrk3vtWtP3YFzXLQ,2.2820377551391348e-12,2.2820377551391348e-12,2.233606552722954e-12,2.233606552722954e-12,1m,4809327303642.44
2024-11-11 16:08:00,7N57bZtQQNB92jTXR8Ym2FsJv9PvDrk3vtWtP3YFzXLQ,2.304672147280786e-12,2.304672147280786e-12,2.2820377551391348e-12,2.2820377551391348e-12,1m,47583448920893.88
2024-11-11 16:09:00,7N57bZtQQNB92jTXR8Ym2FsJv9PvDrk3vtWtP3YFzXLQ,2.304672147280786e-12,2.304672147280786e-12,2.304672147280786e-12,2.304672147280786e-12,1m,0.0
2024-11-11 16:10:00,7N57bZtQQNB92jTXR8Ym2FsJv9PvDrk3vtWtP3YFzXLQ,2.3230335891556845e-12,2.3230335891556845e-12,2.304672147280786e-12,2.304672147280786e-12,1m,9406644574225.96
2024-11-11 16:11:00,7N57bZtQQNB92jTXR8Ym2FsJv9PvDrk3vtWtP3YFzXLQ,2.4672024274941947e-12,2.4672024274941947e-12,2.3230335891556845e-12,2.3230335891556845e-12,1m,282024711347712.3
2024-11-11 16:12:00,7N57bZtQQNB92jTXR8Ym2FsJv9PvDrk3vtWtP3YFzXLQ,2.5994641339108725e-12,2.5994641339108725e-12,2.4672024274941947e-12,2.4672024274941947e-12,1m,10025228939952.28
2024-11-11 16:13:00,7N57bZtQQNB92jTXR8Ym2FsJv9PvDrk3vtWtP3YFzXLQ,2.5994641339108725e-12,2.5994641339108725e-12,2.5994641339108725e-12,2.5994641339108725e-12,1m,0.0
2024-11-11 16:14:00,7N57bZtQQNB92jTXR8Ym2FsJv9PvDrk3vtWtP3YFzXLQ,2.3622389231815396e-12,2.61699885327497e-12,2.3622389231815396e-12,2.5994641339108725e-12,1m,287099988849665.94
2024-11-11 16:15:00,7N57bZtQQNB92jTXR8Ym2FsJv9PvDrk3vtWtP3YFzXLQ,2.4007235226241615e-12,2.4007235226241615e-12,2.3622389231815396e-12,2.3622389231815396e-12,1m,90965194927607.08
2024-11-11 16:16:00,7N57bZtQQNB92jTXR8Ym2FsJv9PvDrk3vtWtP3YFzXLQ,2.4925286060778918e-12,2.4925286060778918e-12,2.4007235226241615e-12,2.4007235226241615e-12,1m,87612825098045.34
2024-11-11 16:17:00,7N57bZtQQNB92jTXR8Ym2FsJv9PvDrk3vtWtP3YFzXLQ,2.4925286060778918e-12,2.4925286060778918e-12,2.4925286060778918e-12,2.4925286060778918e-12,1m,0.0
2024-11-11 16:18:00,7N57bZtQQNB92jTXR8Ym2FsJv9PvDrk3vtWtP3YFzXLQ,2.5255113944572782e-12,2.5255113944572782e-12,2.4925286060778918e-12,2.4925286060778918e-12,1m,4181291688682.62
2024-11-11 16:19:00,7N57bZtQQNB92jTXR8Ym2FsJv9PvDrk3vtWtP3YFzXLQ,2.7053226867661777e-12,2.7053226867661777e-12,2.5255113944572782e-12,2.5255113944572782e-12,1m,276930914578927.53
2024-11-11 16:20:00,7N57bZtQQNB92jTXR8Ym2FsJv9PvDrk3vtWtP3YFzXLQ,2.9464681416354852e-12,2.9464681416354852e-12,2.7053226867661777e-12,2.7053226867661777e-12,1m,98654800230883.47
2024-11-11 16:21:00,7N57bZtQQNB92jTXR8Ym2FsJv9PvDrk3vtWtP3YFzXLQ,2.9351845680027078e-12,2.9464681416354852e-12,2.926640225955937e-12,2.9464681416354852e-12,1m,27477217299842.73
2024-11-11 16:22:00,7N57bZtQQNB92jTXR8Ym2FsJv9PvDrk3vtWtP3YFzXLQ,2.9351845680027078e-12,2.9351845680027078e-12,2.9351845680027078e-12,2.9351845680027078e-12,1m,0.0
2024-11-11 16:23:00,7N57bZtQQNB92jTXR8Ym2FsJv9PvDrk3vtWtP3YFzXLQ,2.9351845680027078e-12,2.9351845680027078e-12,2.9351845680027078e-12,2.9351845680027078e-12,1m,0.0
2024-11-11 16:24:00,7N57bZtQQNB92jTXR8Ym2FsJv9PvDrk3vtWtP3YFzXLQ,2.9384193695878077e-12,2.975596940372802e-12,2.9351845680027078e-12,2.9351845680027078e-12,1m,60796494510571.766
2024-11-11 16:25:00,7N57bZtQQNB92jTXR8Ym2FsJv9PvDrk3vtWtP3YFzXLQ,2.9384193695878077e-12,2.9384193695878077e-12,2.9384193695878077e-12,2.9384193695878077e-12,1m,0.0
2024-11-11 16:26:00,7N57bZtQQNB92jTXR8Ym2FsJv9PvDrk3vtWtP3YFzXLQ,2.9384193695878077e-12,2.9384193695878077e-12,2.9384193695878077e-12,2.9384193695878077e-12,1m,0.0
2024-11-11 16:27:00,7N57bZtQQNB92jTXR8Ym2FsJv9PvDrk3vtWtP3YFzXLQ,2.8657526008474492e-12,2.9384193695878077e-12,2.8657526008474492e-12,2.9384193695878077e-12,1m,4299592406594.91
2024-11-11 16:28:00,7N57bZtQQNB92jTXR8Ym2FsJv9PvDrk3vtWtP3YFzXLQ,2.8657526008474492e-12,2.8657526008474492e-12,2.8657526008474492e-12,2.8657526008474492e-12,1m,0.0
2024-11-11 16:29:00,7N57bZtQQNB92jTXR8Ym2FsJv9PvDrk3vtWtP3YFzXLQ,2.8657526008474492e-12,2.8657526008474492e-12,2.8657526008474492e-12,2.8657526008474492e-12,1m,0.0
2024-11-11 16:30:00,7N57bZtQQNB92jTXR8Ym2FsJv9PvDrk3vtWtP3YFzXLQ,2.8657526008474492e-12,2.8657526008474492e-12,2.8657526008474492e-12,2.8657526008474492e-12,1m,0.0
2024-11-11 16:31:00,7N57bZtQQNB92jTXR8Ym2FsJv9PvDrk3vtWtP3YFzXLQ,2.8657526008474492e-12,2.8657526008474492e-12,2.8657526008474492e-12,2.8657526008474492e-12,1m,0.0
2024-11-11 16:32:00,7N57bZtQQNB92jTXR8Ym2FsJv9PvDrk3vtWtP3YFzXLQ,2.8657526008474492e-12,2.8657526008474492e-12,2.8657526008474492e-12,2.8657526008474492e-12,1m,0.0
2024-11-11 16:33:00,7N57bZtQQNB92jTXR8Ym2FsJv9PvDrk3vtWtP3YFzXLQ,3.2632821641781926e-12,3.2632821641781926e-12,2.8657526008474492e-12,2.8657526008474492e-12,1m,516125009446484.6
2024-11-11 16:34:00,7N57bZtQQNB92jTXR8Ym2FsJv9PvDrk3vtWtP3YFzXLQ,3.866759384027781e-12,4.7472301617897886e-12,3.2632821641781926e-12,3.2632821641781926e-12,1m,1041411188202800.4
2024-11-11 16:35:00,7N57bZtQQNB92jTXR8Ym2FsJv9PvDrk3vtWtP3YFzXLQ,3.969966288353629e-12,3.969966288353629e-12,3.837231442836807e-12,3.866759384027781e-12,1m,74204717953717.34
2024-11-11 16:36:00,7N57bZtQQNB92jTXR8Ym2FsJv9PvDrk3vtWtP3YFzXLQ,4.000609604579649e-12,4.000609604579649e-12,3.969966288353629e-12,3.969966288353629e-12,1m,1097825431349.12
2024-11-11 16:37:00,7N57bZtQQNB92jTXR8Ym2FsJv9PvDrk3vtWtP3YFzXLQ,4.123074848380865e-12,4.123074848380865e-12,4.000609604579649e-12,4.000609604579649e-12,1m,55327362929013.336
2024-11-11 16:38:00,7N57bZtQQNB92jTXR8Ym2FsJv9PvDrk3vtWtP3YFzXLQ,4.123074848380865e-12,4.123074848380865e-12,4.123074848380865e-12,4.123074848380865e-12,1m,0.0
2024-11-11 16:39:00,7N57bZtQQNB92jTXR8Ym2FsJv9PvDrk3vtWtP3YFzXLQ,4.053128766580185e-12,4.123074848380865e-12,4.053128766580185e-12,4.123074848380865e-12,1m,49589708517906.97
2024-11-11 16:40:00,7N57bZtQQNB92jTXR8Ym2FsJv9PvDrk3vtWtP3YFzXLQ,3.5727894233642764e-12,4.053128766580185e-12,3.4237713702478377e-12,4.053128766580185e-12,1m,399006314271323.6
2024-11-11 16:41:00,7N57bZtQQNB92jTXR8Ym2FsJv9PvDrk3vtWtP3YFzXLQ,3.5604212290900452e-12,3.5727894233642764e-12,3.5604212290900452e-12,3.5727894233642764e-12,1m,30771878059173.01
2024-11-11 16:42:00,7N57bZtQQNB92jTXR8Ym2FsJv9PvDrk3vtWtP3YFzXLQ,3.758286827297197e-12,3.758286827297197e-12,3.5604212290900452e-12,3.5604212290900452e-12,1m,121107081343283.44
2024-11-11 16:43:00,7N57bZtQQNB92jTXR8Ym2FsJv9PvDrk3vtWtP3YFzXLQ,4.227827403120629e-12,4.227827403120629e-12,3.758286827297197e-12,3.758286827297197e-12,1m,225206778576289.47
2024-11-11 16:44:00,7N57bZtQQNB92jTXR8Ym2FsJv9PvDrk3vtWtP3YFzXLQ,3.2280274771603208e-12,4.227827403120629e-12,2.9891125038499977e-12,4.227827403120629e-12,1m,1040024360329498.0
2024-11-11 16:45:00,7N57bZtQQNB92jTXR8Ym2FsJv9PvDrk3vtWtP3YFzXLQ,3.438941023396699e-12,3.4816836331824216e-12,3.2081888826503544e-12,3.2280274771603208e-12,1m,872723820903708.0
2024-11-11 16:46:00,7N57bZtQQNB92jTXR8Ym2FsJv9PvDrk3vtWtP3YFzXLQ,2.858085480278856e-12,3.438941023396699e-12,2.858085480278856e-12,3.438941023396699e-12,1m,457806235473305.5
2024-11-11 16:47:00,7N57bZtQQNB92jTXR8Ym2FsJv9PvDrk3vtWtP3YFzXLQ,2.724472296888968e-12,2.858085480278856e-12,2.4771453970083094e-12,2.858085480278856e-12,1m,725614256059724.9
2024-11-11 16:48:00,7N57bZtQQNB92jTXR8Ym2FsJv9PvDrk3vtWtP3YFzXLQ,2.646789838737166e-12,2.891534411085209e-12,2.5461951045734144e-12,2.724472296888968e-12,1m,715903420188806.1
2024-11-11 16:49:00,7N57bZtQQNB92jTXR8Ym2FsJv9PvDrk3vtWtP3YFzXLQ,2.9920625422074747e-12,2.9920625422074747e-12,2.646789838737166e-12,2.646789838737166e-12,1m,203578204352692.56
2024-11-11 16:50:00,7N57bZtQQNB92jTXR8Ym2FsJv9PvDrk3vtWtP3YFzXLQ,2.941590961730745e-12,3.0260234450900037e-12,2.941590961730745e-12,2.9920625422074747e-12,1m,140271166674947.38
2024-11-11 16:51:00,7N57bZtQQNB92jTXR8Ym2FsJv9PvDrk3vtWtP3YFzXLQ,3.0742435230339775e-12,3.0742435230339775e-12,2.941590961730745e-12,2.941590961730745e-12,1m,109123267612287.6
2024-11-11 16:52:00,7N57bZtQQNB92jTXR8Ym2FsJv9PvDrk3vtWtP3YFzXLQ,3.0742435230339775e-12,3.0742435230339775e-12,3.0742435230339775e-12,3.0742435230339775e-12,1m,0.0
2024-11-11 16:53:00,7N57bZtQQNB92jTXR8Ym2FsJv9PvDrk3vtWtP3YFzXLQ,3.0742435230339775e-12,3.0742435230339775e-12,3.0742435230339775e-12,3.0742435230339775e-12,1m,0.0
2024-11-11 16:54:00,7N57bZtQQNB92jTXR8Ym2FsJv9PvDrk3vtWtP3YFzXLQ,3.5196085354525747e-12,3.5196085354525747e-12,3.0742435230339775e-12,3.0742435230339775e-12,1m,273836645925986.4
2024-11-11 16:55:00,7N57bZtQQNB92jTXR8Ym2FsJv9PvDrk3vtWtP3YFzXLQ,3.23341527084298e-12,3.5196085354525747e-12,3.23341527084298e-12,3.5196085354525747e-12,1m,195557297024876.94
2024-11-11 16:56:00,7N57bZtQQNB92jTXR8Ym2FsJv9PvDrk3vtWtP3YFzXLQ,3.2108742256752868e-12,3.23341527084298e-12,3.2108742256752868e-12,3.23341527084298e-12,1m,3413175370989.74
2024-11-11 16:57:00,7N57bZtQQNB92jTXR8Ym2FsJv9PvDrk3vtWtP3YFzXLQ,3.2070799888026755e-12,3.2108742256752868e-12,3.2070799888026755e-12,3.2108742256752868e-12,1m,34103499680.39
2024-11-11 16:58:00,7N57bZtQQNB92jTXR8Ym2FsJv9PvDrk3vtWtP3YFzXLQ,3.1739933899728837e-12,3.2070799888026755e-12,3.1739933899728837e-12,3.2070799888026755e-12,1m,9427675916595.852
2024-11-11 16:59:00,7N57bZtQQNB92jTXR8Ym2FsJv9PvDrk3vtWtP3YFzXLQ,3.1739933899728837e-12,3.1739933899728837e-12,3.1739933899728837e-12,3.1739933899728837e-12,1m,0.0
2024-11-11 17:00:00,7N57bZtQQNB92jTXR8Ym2FsJv9PvDrk3vtWtP3YFzXLQ,3.1739933899728837e-12,3.1739933899728837e-12,3.1739933899728837e-12,3.1739933899728837e-12,1m,0.0
2024-11-11 17:01:00,7N57bZtQQNB92jTXR8Ym2FsJv9PvDrk3vtWtP3YFzXLQ,3.1739933899728837e-12,3.1739933899728837e-12,3.1739933899728837e-12,3.1739933899728837e-12,1m,0.0
2024-11-11 17:02:00,7N57bZtQQNB92jTXR8Ym2FsJv9PvDrk3vtWtP3YFzXLQ,3.226875839896727e-12,3.226875839896727e-12,3.1739933899728837e-12,3.1739933899728837e-12,1m,37056729594079.97
2024-11-11 17:03:00,7N57bZtQQNB92jTXR8Ym2FsJv9PvDrk3vtWtP3YFzXLQ,3.226875839896727e-12,3.226875839896727e-12,3.226875839896727e-12,3.226875839896727e-12,1m,0.0
2024-11-11 17:04:00,7N57bZtQQNB92jTXR8Ym2FsJv9PvDrk3vtWtP3YFzXLQ,3.226875839896727e-12,3.226875839896727e-12,3.226875839896727e-12,3.226875839896727e-12,1m,0.0
2024-11-11 17:05:00,7N57bZtQQNB92jTXR8Ym2FsJv9PvDrk3vtWtP3YFzXLQ,3.2780380253471777e-12,3.2780380253471777e-12,3.226875839896727e-12,3.226875839896727e-12,1m,33380909122879.26
2024-11-11 17:06:00,7N57bZtQQNB92jTXR8Ym2FsJv9PvDrk3vtWtP3YFzXLQ,3.2780380253471777e-12,3.2780380253471777e-12,3.2780380253471777e-12,3.2780380253471777e-12,1m,0.0
2024-11-11 17:07:00,7N57bZtQQNB92jTXR8Ym2FsJv9PvDrk3vtWtP3YFzXLQ,3.2780380253471777e-12,3.2780380253471777e-12,3.2780380253471777e-12,3.2780380253471777e-12,1m,0.0
2024-11-11 17:08:00,7N57bZtQQNB92jTXR8Ym2FsJv9PvDrk3vtWtP3YFzXLQ,3.2780380253471777e-12,3.2780380253471777e-12,3.2780380253471777e-12,3.2780380253471777e-12,1m,0.0
2024-11-11 17:09:00,7N57bZtQQNB92jTXR8Ym2FsJv9PvDrk3vtWtP3YFzXLQ,3.2780380253471777e-12,3.2780380253471777e-12,3.2780380253471777e-12,3.2780380253471777e-12,1m,0.0
2024-11-11 17:10:00,7N57bZtQQNB92jTXR8Ym2FsJv9PvDrk3vtWtP3YFzXLQ,3.2780380253471777e-12,3.2780380253471777e-12,3.2780380253471777e-12,3.2780380253471777e-12,1m,0.0
2024-11-11 17:11:00,7N57bZtQQNB92jTXR8Ym2FsJv9PvDrk3vtWtP3YFzXLQ,3.2780380253471777e-12,3.2780380253471777e-12,3.2780380253471777e-12,3.2780380253471777e-12,1m,0.0
2024-11-11 17:12:00,7N57bZtQQNB92jTXR8Ym2FsJv9PvDrk3vtWtP3YFzXLQ,3.2780380253471777e-12,3.2780380253471777e-12,3.2780380253471777e-12,3.2780380253471777e-12,1m,0.0
2024-11-11 17:13:00,7N57bZtQQNB92jTXR8Ym2FsJv9PvDrk3vtWtP3YFzXLQ,3.342689703603932e-12,3.342689703603932e-12,3.2780380253471777e-12,3.2780380253471777e-12,1m,26319339527700.883
2024-11-11 17:14:00,7N57bZtQQNB92jTXR8Ym2FsJv9PvDrk3vtWtP3YFzXLQ,3.2725546062803652e-12,3.342689703603932e-12,3.2725546062803652e-12,3.342689703603932e-12,1m,40223603848429.9
2024-11-11 17:15:00,7N57bZtQQNB92jTXR8Ym2FsJv9PvDrk3vtWtP3YFzXLQ,3.2725546062803652e-12,3.2725546062803652e-12,3.2725546062803652e-12,3.2725546062803652e-12,1m,0.0
2024-11-11 17:16:00,7N57bZtQQNB92jTXR8Ym2FsJv9PvDrk3vtWtP3YFzXLQ,3.2725546062803652e-12,3.2725546062803652e-12,3.2725546062803652e-12,3.2725546062803652e-12,1m,0.0
2024-11-11 17:17:00,7N57bZtQQNB92jTXR8Ym2FsJv9PvDrk3vtWtP3YFzXLQ,3.2725546062803652e-12,3.2725546062803652e-12,3.2725546062803652e-12,3.2725546062803652e-12,1m,0.0
2024-11-11 17:18:00,7N57bZtQQNB92jTXR8Ym2FsJv9PvDrk3vtWtP3YFzXLQ,3.2725546062803652e-12,3.2725546062803652e-12,3.2725546062803652e-12,3.2725546062803652e-12,1m,0.0
2024-11-11 17:19:00,7N57bZtQQNB92jTXR8Ym2FsJv9PvDrk3vtWtP3YFzXLQ,3.2725546062803652e-12,3.2725546062803652e-12,3.2725546062803652e-12,3.2725546062803652e-12,1m,0.0
2024-11-11 17:20:00,7N57bZtQQNB92jTXR8Ym2FsJv9PvDrk3vtWtP3YFzXLQ,3.2725546062803652e-12,3.2725546062803652e-12,3.2725546062803652e-12,3.2725546062803652e-12,1m,0.0
2024-11-11 17:21:00,7N57bZtQQNB92jTXR8Ym2FsJv9PvDrk3vtWtP3YFzXLQ,3.2895712723803404e-12,3.2895712723803404e-12,3.2725546062803652e-12,3.2725546062803652e-12,1m,16600100457695.55
2024-11-11 17:22:00,7N57bZtQQNB92jTXR8Ym2FsJv9PvDrk3vtWtP3YFzXLQ,3.2895712723803404e-12,3.2895712723803404e-12,3.2895712723803404e-12,3.2895712723803404e-12,1m,0.0
2024-11-11 17:23:00,7N57bZtQQNB92jTXR8Ym2FsJv9PvDrk3vtWtP3YFzXLQ,3.4190187523488644e-12,3.4225783203354663e-12,3.104226598925533e-12,3.2895712723803404e-12,1m,602093462887350.2
2024-11-11 17:24:00,7N57bZtQQNB92jTXR8Ym2FsJv9PvDrk3vtWtP3YFzXLQ,3.53515685101805e-12,3.53515685101805e-12,3.4190187523488644e-12,3.4190187523488644e-12,1m,123846340957007.08
2024-11-11 17:25:00,7N57bZtQQNB92jTXR8Ym2FsJv9PvDrk3vtWtP3YFzXLQ,3.666764662651686e-12,3.666764662651686e-12,3.53515685101805e-12,3.53515685101805e-12,1m,20357506104656.23
2024-11-11 17:26:00,7N57bZtQQNB92jTXR8Ym2FsJv9PvDrk3vtWtP3YFzXLQ,4.017906090917462e-12,4.017906090917462e-12,3.666764662651686e-12,3.666764662651686e-12,1m,172014659500294.16
2024-11-11 17:27:00,7N57bZtQQNB92jTXR8Ym2FsJv9PvDrk3vtWtP3YFzXLQ,4.226647685565792e-12,4.226647685565792e-12,4.017906090917462e-12,4.017906090917462e-12,1m,94345927081352.64
2024-11-11 17:28:00,7N57bZtQQNB92jTXR8Ym2FsJv9PvDrk3vtWtP3YFzXLQ,4.334195553001147e-12,4.334195553001147e-12,4.226647685565792e-12,4.226647685565792e-12,1m,58767404774802.875
2024-11-11 17:29:00,7N57bZtQQNB92jTXR8Ym2FsJv9PvDrk3vtWtP3YFzXLQ,3.828885787751129e-12,4.5112420038777965e-12,3.828885787751129e-12,4.334195553001147e-12,1m,400357985456530.8
2024-11-11 17:30:00,7N57bZtQQNB92jTXR8Ym2FsJv9PvDrk3vtWtP3YFzXLQ,3.874393674746056e-12,3.895390448215059e-12,3.828885787751129e-12,3.828885787751129e-12,1m,33929741040854.438
2024-11-11 17:31:00,7N57bZtQQNB92jTXR8Ym2FsJv9PvDrk3vtWtP3YFzXLQ,3.898755727358863e-12,3.914813926726925e-12,3.874393674746056e-12,3.874393674746056e-12,1m,32967881530145.85
2024-11-11 17:32:00,7N57bZtQQNB92jTXR8Ym2FsJv9PvDrk3vtWtP3YFzXLQ,3.914866104541748e-12,3.914866104541748e-12,3.898755727358863e-12,3.898755727358863e-12,1m,1172683393109.54
2024-11-11 17:33:00,7N57bZtQQNB92jTXR8Ym2FsJv9PvDrk3vtWtP3YFzXLQ,3.8867171426931726e-12,3.914866104541748e-12,3.874884690870764e-12,3.914866104541748e-12,1m,21987332642440.63
2024-11-11 17:34:00,7N57bZtQQNB92jTXR8Ym2FsJv9PvDrk3vtWtP3YFzXLQ,3.8867171426931726e-12,3.8867171426931726e-12,3.8867171426931726e-12,3.8867171426931726e-12,1m,0.0
2024-11-11 17:35:00,7N57bZtQQNB92jTXR8Ym2FsJv9PvDrk3vtWtP3YFzXLQ,3.818640767561547e-12,3.891137334193978e-12,3.818640767561547e-12,3.8867171426931726e-12,1m,75675991767820.39
2024-11-11 17:36:00,7N57bZtQQNB92jTXR8Ym2FsJv9PvDrk3vtWtP3YFzXLQ,3.110784662878615e-12,3.818640767561547e-12,3.103241968877538e-12,3.818640767561547e-12,1m,445093941112345.2
2024-11-11 17:37:00,7N57bZtQQNB92jTXR8Ym2FsJv9PvDrk3vtWtP3YFzXLQ,3.3214668016592594e-12,3.3214668016592594e-12,3.0589951322738933e-12,3.110784662878615e-12,1m,229685320063969.12
2024-11-11 17:38:00,7N57bZtQQNB92jTXR8Ym2FsJv9PvDrk3vtWtP3YFzXLQ,3.4339779422630573e-12,3.4339779422630573e-12,3.3214668016592594e-12,3.3214668016592594e-12,1m,71076087387827.77
2024-11-11 17:39:00,7N57bZtQQNB92jTXR8Ym2FsJv9PvDrk3vtWtP3YFzXLQ,3.5694851544324655e-12,3.5694851544324655e-12,3.4339779422630573e-12,3.4339779422630573e-12,1m,87281577650364.86
2024-11-11 17:40:00,7N57bZtQQNB92jTXR8Ym2FsJv9PvDrk3vtWtP3YFzXLQ,3.6084805865662346e-12,3.6281770579575214e-12,3.5694851544324655e-12,3.5694851544324655e-12,1m,25299328564603.79
2024-11-11 17:41:00,7N57bZtQQNB92jTXR8Ym2FsJv9PvDrk3vtWtP3YFzXLQ,3.683527458333434e-12,3.683527458333434e-12,3.6084805865662346e-12,3.6084805865662346e-12,1m,34561558991281.098
2024-11-11 17:42:00,7N57bZtQQNB92jTXR8Ym2FsJv9PvDrk3vtWtP3YFzXLQ,3.5308068584227454e-12,3.71583217949734e-12,3.2624966293742474e-12,3.683527458333434e-12,1m,958707511805706.8
2024-11-11 17:43:00,7N57bZtQQNB92jTXR8Ym2FsJv9PvDrk3vtWtP3YFzXLQ,3.488598929356794e-12,3.5308068584227454e-12,3.488598929356794e-12,3.5308068584227454e-12,1m,48765607536290.8
2024-11-11 17:44:00,7N57bZtQQNB92jTXR8Ym2FsJv9PvDrk3vtWtP3YFzXLQ,3.4636663030628024e-12,3.488598929356794e-12,3.4636663030628024e-12,3.488598929356794e-12,1m,1961320293070.42
2024-11-11 17:45:00,7N57bZtQQNB92jTXR8Ym2FsJv9PvDrk3vtWtP3YFzXLQ,3.4354085575380922e-12,3.470798419942206e-12,3.4354085575380922e-12,3.4636663030628024e-12,1m,22801402302982.18
2024-11-11 17:46:00,7N57bZtQQNB92jTXR8Ym2FsJv9PvDrk3vtWtP3YFzXLQ,3.4581658997997093e-12,3.4581658997997093e-12,3.4321655028258272e-12,3.4354085575380922e-12,1m,19390867585283.35
2024-11-11 17:47:00,7N57bZtQQNB92jTXR8Ym2FsJv9PvDrk3vtWtP3YFzXLQ,3.619688899001346e-12,3.619688899001346e-12,3.4581658997997093e-12,3.4581658997997093e-12,1m,80622647488936.17
2024-11-11 17:48:00,7N57bZtQQNB92jTXR8Ym2FsJv9PvDrk3vtWtP3YFzXLQ,3.6225204808882865e-12,3.6225204808882865e-12,3.619688899001346e-12,3.619688899001346e-12,1m,6691226940455.3
2024-11-11 17:49:00,7N57bZtQQNB92jTXR8Ym2FsJv9PvDrk3vtWtP3YFzXLQ,3.636539251997642e-12,3.636539251997642e-12,3.6225204808882865e-12,3.6225204808882865e-12,1m,4133179010961.9297
2024-11-11 17:50:00,7N57bZtQQNB92jTXR8Ym2FsJv9PvDrk3vtWtP3YFzXLQ,3.740543047960839e-12,3.740543047960839e-12,3.619217735080499e-12,3.636539251997642e-12,1m,60705394034815.055
2024-11-11 17:51:00,7N57bZtQQNB92jTXR8Ym2FsJv9PvDrk3vtWtP3YFzXLQ,3.740543047960839e-12,3.740543047960839e-12,3.740543047960839e-12,3.740543047960839e-12,1m,0.0
2024-11-11 17:52:00,7N57bZtQQNB92jTXR8Ym2FsJv9PvDrk3vtWtP3YFzXLQ,3.8665979207009535e-12,3.8665979207009535e-12,3.740543047960839e-12,3.740543047960839e-12,1m,66661651915195.22
2024-11-11 17:53:00,7N57bZtQQNB92jTXR8Ym2FsJv9PvDrk3vtWtP3YFzXLQ,3.938629528808739e-12,3.938629528808739e-12,3.8665979207009535e-12,3.8665979207009535e-12,1m,29378989404172.33
2024-11-11 17:54:00,7N57bZtQQNB92jTXR8Ym2FsJv9PvDrk3vtWtP3YFzXLQ,3.981308276862684e-12,3.981308276862684e-12,3.919730901632593e-12,3.938629528808739e-12,1m,31394854257120.47
2024-11-11 17:55:00,7N57bZtQQNB92jTXR8Ym2FsJv9PvDrk3vtWtP3YFzXLQ,4.0055819259381e-12,4.0055819259381e-12,3.970650316073057e-12,3.981308276862684e-12,1m,19030111074448.168
2024-11-11 17:56:00,7N57bZtQQNB92jTXR8Ym2FsJv9PvDrk3vtWtP3YFzXLQ,4.24771482308979e-12,4.24771482308979e-12,4.0055819259381e-12,4.0055819259381e-12,1m,118883697057045.47
2024-11-11 17:57:00,7N57bZtQQNB92jTXR8Ym2FsJv9PvDrk3vtWtP3YFzXLQ,4.3967767798136244e-12,4.3967767798136244e-12,4.24771482308979e-12,4.24771482308979e-12,1m,58347418950988.96
2024-11-11 17:58:00,7N57bZtQQNB92jTXR8Ym2FsJv9PvDrk3vtWtP3YFzXLQ,4.4781707059842956e-12,4.4781707059842956e-12,4.376832816308403e-12,4.3967767798136244e-12,1m,59722355084053.375
2024-11-11 17:59:00,7N57bZtQQNB92jTXR8Ym2FsJv9PvDrk3vtWtP3YFzXLQ,4.49599345721397e-12,4.49599345721397e-12,4.4781707059842956e-12,4.4781707059842956e-12,1m,1952906972137.97
2024-11-11 18:00:00,7N57bZtQQNB92jTXR8Ym2FsJv9PvDrk3vtWtP3YFzXLQ,4.2524725422850785e-12,4.49599345721397e-12,4.2524725422850785e-12,4.49599345721397e-12,1m,101333810693569.8
2024-11-11 18:01:00,7N57bZtQQNB92jTXR8Ym2FsJv9PvDrk3vtWtP3YFzXLQ,4.602541484670815e-12,4.602541484670815e-12,4.2524725422850785e-12,4.2524725422850785e-12,1m,227513174728856.5
2024-11-11 18:02:00,7N57bZtQQNB92jTXR8Ym2FsJv9PvDrk3vtWtP3YFzXLQ,4.657554852855507e-12,4.657554852855507e-12,4.602541484670815e-12,4.602541484670815e-12,1m,13403512075109.15
2024-11-11 18:03:00,7N57bZtQQNB92jTXR8Ym2FsJv9PvDrk3vtWtP3YFzXLQ,4.334757884300732e-12,4.662966447282809e-12,4.334757884300732e-12,4.657554852855507e-12,1m,165722518576785.53
2024-11-11 18:04:00,7N57bZtQQNB92jTXR8Ym2FsJv9PvDrk3vtWtP3YFzXLQ,4.420910558973061e-12,4.420910558973061e-12,4.334757884300732e-12,4.334757884300732e-12,1m,23560291459834.79
2024-11-11 18:05:00,7N57bZtQQNB92jTXR8Ym2FsJv9PvDrk3vtWtP3YFzXLQ,4.4222142640929665e-12,4.430698512481985e-12,4.402684036377694e-12,4.420910558973061e-12,1m,10684122366920.65
2024-11-11 18:06:00,7N57bZtQQNB92jTXR8Ym2FsJv9PvDrk3vtWtP3YFzXLQ,4.4222142640929665e-12,4.4222142640929665e-12,4.4222142640929665e-12,4.4222142640929665e-12,1m,0.0
2024-11-11 18:07:00,7N57bZtQQNB92jTXR8Ym2FsJv9PvDrk3vtWtP3YFzXLQ,4.3949791132994355e-12,4.4222142640929665e-12,4.3949791132994355e-12,4.4222142640929665e-12,1m,8078418230462.6
2024-11-11 18:08:00,7N57bZtQQNB92jTXR8Ym2FsJv9PvDrk3vtWtP3YFzXLQ,4.306898799029416e-12,4.428186640091741e-12,4.306898799029416e-12,4.3949791132994355e-12,1m,87056115807404.47
2024-11-11 18:09:00,7N57bZtQQNB92jTXR8Ym2FsJv9PvDrk3vtWtP3YFzXLQ,4.142523013943973e-12,4.306898799029416e-12,4.142523013943973e-12,4.306898799029416e-12,1m,134165864882868.84
2024-11-11 18:10:00,7N57bZtQQNB92jTXR8Ym2FsJv9PvDrk3vtWtP3YFzXLQ,2.8262391606649747e-12,4.142523013943973e-12,2.8262391606649747e-12,4.142523013943973e-12,1m,935838823507195.5
2024-11-11 18:11:00,7N57bZtQQNB92jTXR8Ym2FsJv9PvDrk3vtWtP3YFzXLQ,2.7057900127403205e-12,4.663310015206919e-12,2.5606450847748377e-12,2.8262391606649747e-12,1m,4685184789106008.0
2024-11-11 18:12:00,7N57bZtQQNB92jTXR8Ym2FsJv9PvDrk3vtWtP3YFzXLQ,2.420543903400659e-12,2.7057900127403205e-12,2.420543903400659e-12,2.7057900127403205e-12,1m,366517714890036.56
2024-11-11 18:13:00,7N57bZtQQNB92jTXR8Ym2FsJv9PvDrk3vtWtP3YFzXLQ,2.3570236610229237e-12,2.4742996149882407e-12,2.3570236610229237e-12,2.420543903400659e-12,1m,306672764531691.5
2024-11-11 18:14:00,7N57bZtQQNB92jTXR8Ym2FsJv9PvDrk3vtWtP3YFzXLQ,1.934777805708304e-12,2.3570236610229237e-12,1.934777805708304e-12,2.3570236610229237e-12,1m,436184130795489.7
2024-11-11 18:15:00,7N57bZtQQNB92jTXR8Ym2FsJv9PvDrk3vtWtP3YFzXLQ,2.9057906712451023e-12,2.9057906712451023e-12,1.934777805708304e-12,1.934777805708304e-12,1m,1028389918788904.8
2024-11-11 18:16:00,7N57bZtQQNB92jTXR8Ym2FsJv9PvDrk3vtWtP3YFzXLQ,3.4922844938835223e-12,3.4922844938835223e-12,2.9057906712451023e-12,2.9057906712451023e-12,1m,612981506421841.4
2024-11-11 18:17:00,7N57bZtQQNB92jTXR8Ym2FsJv9PvDrk3vtWtP3YFzXLQ,4.207400146155426e-12,4.2493443905593e-12,3.3168107230435473e-12,3.4922844938835223e-12,1m,777886666040814.5
2024-11-11 18:18:00,7N57bZtQQNB92jTXR8Ym2FsJv9PvDrk3vtWtP3YFzXLQ,3.776257737073966e-12,4.207400146155426e-12,3.73942188688611e-12,4.207400146155426e-12,1m,319344339693578.75
2024-11-11 18:19:00,7N57bZtQQNB92jTXR8Ym2FsJv9PvDrk3vtWtP3YFzXLQ,3.907566210874422e-12,3.907566210874422e-12,3.727301409980038e-12,3.776257737073966e-12,1m,186574988048367.94
2024-11-11 18:20:00,7N57bZtQQNB92jTXR8Ym2FsJv9PvDrk3vtWtP3YFzXLQ,3.851575643607994e-12,3.976814672268686e-12,3.851575643607994e-12,3.907566210874422e-12,1m,110299685907228.06
2024-11-11 18:21:00,7N57bZtQQNB92jTXR8Ym2FsJv9PvDrk3vtWtP3YFzXLQ,3.853248746630292e-12,3.853248746630292e-12,3.8406052972003105e-12,3.851575643607994e-12,1m,12918079605474.191
2024-11-11 18:22:00,7N57bZtQQNB92jTXR8Ym2FsJv9PvDrk3vtWtP3YFzXLQ,3.919146627076648e-12,3.919146627076648e-12,3.853248746630292e-12,3.853248746630292e-12,1m,38194606217433.53
2024-11-11 18:23:00,7N57bZtQQNB92jTXR8Ym2FsJv9PvDrk3vtWtP3YFzXLQ,3.961850177816269e-12,3.961850177816269e-12,3.919146627076648e-12,3.919146627076648e-12,1m,24253178489050.75
2024-11-11 18:24:00,7N57bZtQQNB92jTXR8Ym2FsJv9PvDrk3vtWtP3YFzXLQ,4.002727469775676e-12,4.002727469775676e-12,3.961850177816269e-12,3.961850177816269e-12,1m,13295532325819.87
2024-11-11 18:25:00,7N57bZtQQNB92jTXR8Ym2FsJv9PvDrk3vtWtP3YFzXLQ,2.325596993552374e-12,4.002727469775676e-12,2.3138892451579956e-12,4.002727469775676e-12,1m,1303191106451400.8
2024-11-11 18:26:00,7N57bZtQQNB92jTXR8Ym2FsJv9PvDrk3vtWtP3YFzXLQ,2.5186498114146803e-12,2.6192824410836808e-12,2.325596993552374e-12,2.325596993552374e-12,1m,492645416942020.94
2024-11-11 18:27:00,7N57bZtQQNB92jTXR8Ym2FsJv9PvDrk3vtWtP3YFzXLQ,3.0457445283704626e-12,3.3372802404627237e-12,2.4393327258530367e-12,2.5186498114146803e-12,1m,2207037782311069.2
2024-11-11 18:28:00,7N57bZtQQNB92jTXR8Ym2FsJv9PvDrk3vtWtP3YFzXLQ,3.732246644803732e-12,4.419562336232894e-12,2.7941976517148963e-12,3.0457445283704626e-12,1m,1359389569014024.0
2024-11-11 18:29:00,7N57bZtQQNB92jTXR8Ym2FsJv9PvDrk3vtWtP3YFzXLQ,3.4909842283213238e-12,3.732246644803732e-12,3.4909842283213238e-12,3.732246644803732e-12,1m,362548603514841.2
2024-11-11 18:30:00,7N57bZtQQNB92jTXR8Ym2FsJv9PvDrk3vtWtP3YFzXLQ,5.111250559057969e-12,5.111250559057969e-12,3.4909842283213238e-12,3.4909842283213238e-12,1m,876187623751266.1
2024-11-11 18:31:00,7N57bZtQQNB92jTXR8Ym2FsJv9PvDrk3vtWtP3YFzXLQ,4.756981320964407e-12,5.111250559057969e-12,4.756981320964407e-12,5.111250559057969e-12,1m,69697955260881.234
2024-11-11 18:32:00,7N57bZtQQNB92jTXR8Ym2FsJv9PvDrk3vtWtP3YFzXLQ,4.750925670476585e-12,4.756981320964407e-12,4.6685875392580094e-12,4.756981320964407e-12,1m,114536335089892.9
2024-11-11 18:33:00,7N57bZtQQNB92jTXR8Ym2FsJv9PvDrk3vtWtP3YFzXLQ,4.7839786208743e-12,4.824523148476677e-12,4.750925670476585e-12,4.750925670476585e-12,1m,14690547302755.121
2024-11-11 18:34:00,7N57bZtQQNB92jTXR8Ym2FsJv9PvDrk3vtWtP3YFzXLQ,4.7165348609053536e-12,4.7839786208743e-12,4.691381077615671e-12,4.7839786208743e-12,1m,36083947720741.35
2024-11-11 18:35:00,7N57bZtQQNB92jTXR8Ym2FsJv9PvDrk3vtWtP3YFzXLQ,4.969626623182608e-12,4.969626623182608e-12,4.685015408501766e-12,4.7165348609053536e-12,1m,96192258794252.83
2024-11-11 18:36:00,7N57bZtQQNB92jTXR8Ym2FsJv9PvDrk3vtWtP3YFzXLQ,5.266198413290143e-12,5.266198413290143e-12,4.945215736252442e-12,4.969626623182608e-12,1m,137308259905740.2
2024-11-11 18:37:00,7N57bZtQQNB92jTXR8Ym2FsJv9PvDrk3vtWtP3YFzXLQ,5.541465674121723e-12,5.541465674121723e-12,5.266198413290143e-12,5.266198413290143e-12,1m,82210014917692.6
2024-11-11 18:38:00,7N57bZtQQNB92jTXR8Ym2FsJv9PvDrk3vtWtP3YFzXLQ,5.415727782203338e-12,5.619043807261721e-12,5.415727782203338e-12,5.541465674121723e-12,1m,73240527659770.4
2024-11-11 18:39:00,7N57bZtQQNB92jTXR8Ym2FsJv9PvDrk3vtWtP3YFzXLQ,5.580035537927506e-12,5.580035537927506e-12,5.35684860430497e-12,5.415727782203338e-12,1m,230192030733499.0
2024-11-11 18:40:00,7N57bZtQQNB92jTXR8Ym2FsJv9PvDrk3vtWtP3YFzXLQ,5.924033988406512e-12,6.002781618313355e-12,5.580035537927506e-12,5.580035537927506e-12,1m,245463556829085.97
2024-11-11 18:41:00,7N57bZtQQNB92jTXR8Ym2FsJv9PvDrk3vtWtP3YFzXLQ,6.238894433559364e-12,6.238894433559364e-12,5.61500730845225e-12,5.924033988406512e-12,1m,347458052666061.9
2024-11-11 18:42:00,7N57bZtQQNB92jTXR8Ym2FsJv9PvDrk3vtWtP3YFzXLQ,6.336320802192177e-12,6.476539082707021e-12,6.238894433559364e-12,6.238894433559364e-12,1m,42512520982670.34
2024-11-11 18:43:00,7N57bZtQQNB92jTXR8Ym2FsJv9PvDrk3vtWtP3YFzXLQ,6.417092139154331e-12,6.417092139154331e-12,6.226350777510637e-12,6.336320802192177e-12,1m,115293280192850.16
2024-11-11 18:44:00,7N57bZtQQNB92jTXR8Ym2FsJv9PvDrk3vtWtP3YFzXLQ,6.527979624502127e-12,6.527979624502127e-12,6.417092139154331e-12,6.417092139154331e-12,1m,45972722465627.57
2024-11-11 18:45:00,7N57bZtQQNB92jTXR8Ym2FsJv9PvDrk3vtWtP3YFzXLQ,7.184928554687655e-12,7.184928554687655e-12,6.527979624502127e-12,6.527979624502127e-12,1m,127476195437289.16
2024-11-11 18:46:00,7N57bZtQQNB92jTXR8Ym2FsJv9PvDrk3vtWtP3YFzXLQ,6.862935210242602e-12,7.210716737002061e-12,6.862935210242602e-12,7.184928554687655e-12,1m,172411508805354.94
2024-11-11 18:47:00,7N57bZtQQNB92jTXR8Ym2FsJv9PvDrk3vtWtP3YFzXLQ,6.7151561227804095e-12,6.862935210242602e-12,6.6938664689421775e-12,6.862935210242602e-12,1m,77490182744259.98
2024-11-11 18:48:00,7N57bZtQQNB92jTXR8Ym2FsJv9PvDrk3vtWtP3YFzXLQ,6.3593495694085165e-12,6.731185506191151e-12,6.3593495694085165e-12,6.7151561227804095e-12,1m,89873752092225.56
2024-11-11 18:49:00,7N57bZtQQNB92jTXR8Ym2FsJv9PvDrk3vtWtP3YFzXLQ,6.567169832660754e-12,6.567169832660754e-12,6.3593495694085165e-12,6.3593495694085165e-12,1m,63318026332335.445
2024-11-11 18:50:00,7N57bZtQQNB92jTXR8Ym2FsJv9PvDrk3vtWtP3YFzXLQ,6.901105855145558e-12,7.08880537870683e-12,6.567169832660754e-12,6.567169832660754e-12,1m,180809276723715.6
2024-11-11 18:51:00,7N57bZtQQNB92jTXR8Ym2FsJv9PvDrk3vtWtP3YFzXLQ,6.5189958845790334e-12,6.906649689918875e-12,6.513180524902496e-12,6.901105855145558e-12,1m,110528357975091.5
2024-11-11 18:52:00,7N57bZtQQNB92jTXR8Ym2FsJv9PvDrk3vtWtP3YFzXLQ,6.600313897050825e-12,6.600313897050825e-12,6.5189958845790334e-12,6.5189958845790334e-12,1m,15089983654429.41
2024-11-11 18:53:00,7N57bZtQQNB92jTXR8Ym2FsJv9PvDrk3vtWtP3YFzXLQ,6.638782772971162e-12,6.646767474625023e-12,6.600313897050825e-12,6.600313897050825e-12,1m,16337414605056.42
2024-11-11 18:54:00,7N57bZtQQNB92jTXR8Ym2FsJv9PvDrk3vtWtP3YFzXLQ,6.65997026190843e-12,6.65997026190843e-12,6.600941746688557e-12,6.638782772971162e-12,1m,12900306937938.04
2024-11-11 18:55:00,7N57bZtQQNB92jTXR8Ym2FsJv9PvDrk3vtWtP3YFzXLQ,6.6904888110345815e-12,6.6904888110345815e-12,6.647769789213772e-12,6.65997026190843e-12,1m,5868835471925.47
2024-11-11 18:56:00,7N57bZtQQNB92jTXR8Ym2FsJv9PvDrk3vtWtP3YFzXLQ,6.596807756087531e-12,6.693257172971474e-12,6.596807756087531e-12,6.6904888110345815e-12,1m,16847005095504.473
2024-11-11 18:57:00,7N57bZtQQNB92jTXR8Ym2FsJv9PvDrk3vtWtP3YFzXLQ,6.814815707915432e-12,6.814815707915432e-12,6.514390015349087e-12,6.596807756087531e-12,1m,115002423571048.06
2024-11-11 18:58:00,7N57bZtQQNB92jTXR8Ym2FsJv9PvDrk3vtWtP3YFzXLQ,6.999536903223616e-12,7.026545604964178e-12,6.814815707915432e-12,6.814815707915432e-12,1m,45040386189608.3
2024-11-11 18:59:00,7N57bZtQQNB92jTXR8Ym2FsJv9PvDrk3vtWtP3YFzXLQ,7.287923853690565e-12,7.287923853690565e-12,6.999536903223616e-12,6.999536903223616e-12,1m,56153871343518.164
2024-11-11 19:00:00,7N57bZtQQNB92jTXR8Ym2FsJv9PvDrk3vtWtP3YFzXLQ,7.396832520995365e-12,7.396832520995365e-12,7.287923853690565e-12,7.287923853690565e-12,1m,20247829913118.2
2024-11-11 19:01:00,7N57bZtQQNB92jTXR8Ym2FsJv9PvDrk3vtWtP3YFzXLQ,6.2392185535612255e-12,7.403778307997437e-12,6.2392185535612255e-12,7.396832520995365e-12,1m,278996861461316.62
2024-11-11 19:02:00,7N57bZtQQNB92jTXR8Ym2FsJv9PvDrk3vtWtP3YFzXLQ,6.340388838001408e-12,6.340388838001408e-12,6.180495252855824e-12,6.2392185535612255e-12,1m,38811470765177.164
2024-11-11 19:03:00,7N57bZtQQNB92jTXR8Ym2FsJv9PvDrk3vtWtP3YFzXLQ,6.493954522750741e-12,6.493954522750741e-12,6.3136391399291294e-12,6.340388838001408e-12,1m,42719564472425.5
2024-11-11 19:04:00,7N57bZtQQNB92jTXR8Ym2FsJv9PvDrk3vtWtP3YFzXLQ,6.600675120474614e-12,7.682227739544002e-12,6.3500034476290675e-12,6.493954522750741e-12,1m,718022337726560.9
2024-11-11 19:05:00,7N57bZtQQNB92jTXR8Ym2FsJv9PvDrk3vtWtP3YFzXLQ,6.722174522899815e-12,6.722174522899815e-12,6.600675120474614e-12,6.600675120474614e-12,1m,12182888549817.59
2024-11-11 19:06:00,7N57bZtQQNB92jTXR8Ym2FsJv9PvDrk3vtWtP3YFzXLQ,8.068730756514813e-12,8.196116088447614e-12,6.722174522899815e-12,6.722174522899815e-12,1m,339637427447656.6
2024-11-11 19:07:00,7N57bZtQQNB92jTXR8Ym2FsJv9PvDrk3vtWtP3YFzXLQ,7.550186070518118e-12,8.068730756514813e-12,7.527325953324159e-12,8.068730756514813e-12,1m,162863846696380.34
2024-11-11 19:08:00,7N57bZtQQNB92jTXR8Ym2FsJv9PvDrk3vtWtP3YFzXLQ,8.51877835388369e-12,8.51877835388369e-12,7.550186070518118e-12,7.550186070518118e-12,1m,277276274414983.1
2024-11-11 19:09:00,7N57bZtQQNB92jTXR8Ym2FsJv9PvDrk3vtWtP3YFzXLQ,8.902859595704329e-12,9.052088058012358e-12,8.282342472817374e-12,8.51877835388369e-12,1m,318738294955040.8
2024-11-11 19:10:00,7N57bZtQQNB92jTXR8Ym2FsJv9PvDrk3vtWtP3YFzXLQ,9.096983584599758e-12,9.096983584599758e-12,8.902859595704329e-12,8.902859595704329e-12,1m,30750748027697.31
2024-11-11 19:11:00,7N57bZtQQNB92jTXR8Ym2FsJv9PvDrk3vtWtP3YFzXLQ,9.908894471098437e-12,9.908894471098437e-12,9.096983584599758e-12,9.096983584599758e-12,1m,109799806548887.05
2024-11-11 19:12:00,7N57bZtQQNB92jTXR8Ym2FsJv9PvDrk3vtWtP3YFzXLQ,9.903839565857829e-12,1.0094691629278523e-11,9.894850289728292e-12,9.908894471098437e-12,1m,96409993436864.81
2024-11-11 19:13:00,7N57bZtQQNB92jTXR8Ym2FsJv9PvDrk3vtWtP3YFzXLQ,1.0485310752501443e-11,1.0485310752501443e-11,9.903839565857829e-12,9.903839565857829e-12,1m,66135397154808.22
2024-11-11 19:14:00,7N57bZtQQNB92jTXR8Ym2FsJv9PvDrk3vtWtP3YFzXLQ,1.0747617450552928e-11,1.0747617450552928e-11,1.0485310752501443e-11,1.0485310752501443e-11,1m,28734867038787.2
2024-11-11 19:15:00,7N57bZtQQNB92jTXR8Ym2FsJv9PvDrk3vtWtP3YFzXLQ,1.1056802186454096e-11,1.1056802186454096e-11,1.0747617450552928e-11,1.0747617450552928e-11,1m,33347942595628.86
2024-11-11 19:16:00,7N57bZtQQNB92jTXR8Ym2FsJv9PvDrk3vtWtP3YFzXLQ,1.0697219164535266e-11,1.130670808708036e-11,1.0697219164535266e-11,1.1056802186454096e-11,1m,120079085274140.25
2024-11-11 19:17:00,7N57bZtQQNB92jTXR8Ym2FsJv9PvDrk3vtWtP3YFzXLQ,1.0741917168340084e-11,1.0757212949487888e-11,1.063481727098692e-11,1.0697219164535266e-11,1m,24026743632602.07
2024-11-11 19:18:00,7N57bZtQQNB92jTXR8Ym2FsJv9PvDrk3vtWtP3YFzXLQ,1.0673264966683433e-11,1.0756433035578818e-11,1.061835748911014e-11,1.0741917168340084e-11,1m,26109932406691.79
2024-11-11 19:19:00,7N57bZtQQNB92jTXR8Ym2FsJv9PvDrk3vtWtP3YFzXLQ,1.1923358154862054e-11,1.1923358154862054e-11,1.0673264966683433e-11,1.0673264966683433e-11,1m,130440629771804.06
2024-11-11 19:20:00,7N57bZtQQNB92jTXR8Ym2FsJv9PvDrk3vtWtP3YFzXLQ,1.221295748469235e-11,1.2570457969741684e-11,1.1786761685039697e-11,1.1923358154862054e-11,1m,306010137171055.25
2024-11-11 19:21:00,7N57bZtQQNB92jTXR8Ym2FsJv9PvDrk3vtWtP3YFzXLQ,1.2497542690915662e-11,1.2497542690915662e-11,1.221295748469235e-11,1.221295748469235e-11,1m,35654441146905.11
2024-11-11 19:22:00,7N57bZtQQNB92jTXR8Ym2FsJv9PvDrk3vtWtP3YFzXLQ,1.3577132024858448e-11,1.3577799589037472e-11,1.2472702825615895e-11,1.2497542690915662e-11,1m,100495694926136.17
2024-11-11 19:23:00,7N57bZtQQNB92jTXR8Ym2FsJv9PvDrk3vtWtP3YFzXLQ,1.3762430489918827e-11,1.3762430489918827e-11,1.3577132024858448e-11,1.3577132024858448e-11,1m,17012521919787.842
2024-11-11 19:24:00,7N57bZtQQNB92jTXR8Ym2FsJv9PvDrk3vtWtP3YFzXLQ,1.3854299873708315e-11,1.3854299873708315e-11,1.3611112011423813e-11,1.3762430489918827e-11,1m,48667184398619.8
2024-11-11 19:25:00,7N57bZtQQNB92jTXR8Ym2FsJv9PvDrk3vtWtP3YFzXLQ,1.4039373966770227e-11,1.4039373966770227e-11,1.3854299873708315e-11,1.3854299873708315e-11,1m,9623536199557.4
2024-11-11 19:26:00,7N57bZtQQNB92jTXR8Ym2FsJv9PvDrk3vtWtP3YFzXLQ,1.378839650147123e-11,1.42573687644021e-11,1.3616044754309204e-11,1.4039373966770227e-11,1m,100783751322465.0
2024-11-11 19:27:00,7N57bZtQQNB92jTXR8Ym2FsJv9PvDrk3vtWtP3YFzXLQ,1.4383096712925814e-11,1.539458231717148e-11,1.378839650147123e-11,1.378839650147123e-11,1m,241979998338899.12
2024-11-11 19:28:00,7N57bZtQQNB92jTXR8Ym2FsJv9PvDrk3vtWtP3YFzXLQ,1.4593308076021092e-11,1.4593308076021092e-11,1.4246102367836448e-11,1.4383096712925814e-11,1m,54526919111165.73
2024-11-11 19:29:00,7N57bZtQQNB92jTXR8Ym2FsJv9PvDrk3vtWtP3YFzXLQ,1.2302088667450302e-11,1.4668403218585778e-11,1.2302088667450302e-11,1.4593308076021092e-11,1m,254903404407117.53
2024-11-11 19:30:00,7N57bZtQQNB92jTXR8Ym2FsJv9PvDrk3vtWtP3YFzXLQ,1.1905456465380008e-11,1.235691647831002e-11,1.1649369729053247e-11,1.2302088667450302e-11,1m,123254626011397.44
2024-11-11 19:31:00,7N57bZtQQNB92jTXR8Ym2FsJv9PvDrk3vtWtP3YFzXLQ,1.187774419592236e-11,1.1941748484376635e-11,1.1646647657606701e-11,1.1905456465380008e-11,1m,90733081937036.97
2024-11-11 19:32:00,7N57bZtQQNB92jTXR8Ym2FsJv9PvDrk3vtWtP3YFzXLQ,1.047752650213189e-11,1.187774419592236e-11,1.047752650213189e-11,1.187774419592236e-11,1m,336382140017802.0
2024-11-11 19:33:00,7N57bZtQQNB92jTXR8Ym2FsJv9PvDrk3vtWtP3YFzXLQ,9.806722236701194e-12,1.4808478814033968e-11,9.778635361812239e-12,1.047752650213189e-11,1m,1381996852153787.5
2024-11-11 19:34:00,7N57bZtQQNB92jTXR8Ym2FsJv9PvDrk3vtWtP3YFzXLQ,1.172375831206194e-11,1.1784059299381016e-11,9.759306682547322e-12,9.806722236701194e-12,1m,533272916698967.0
2024-11-11 19:35:00,7N57bZtQQNB92jTXR8Ym2FsJv9PvDrk3vtWtP3YFzXLQ,1.1812936487964854e-11,1.2322237070793945e-11,1.172375831206194e-11,1.172375831206194e-11,1m,119030645150397.19
2024-11-11 19:36:00,7N57bZtQQNB92jTXR8Ym2FsJv9PvDrk3vtWtP3YFzXLQ,1.2392950871005036e-11,1.2407030874655408e-11,1.1766760582762707e-11,1.1812936487964854e-11,1m,81762548864990.14
2024-11-11 19:37:00,7N57bZtQQNB92jTXR8Ym2FsJv9PvDrk3vtWtP3YFzXLQ,1.23320796290916e-11,1.2489142517691911e-11,1.2320575261386917e-11,1.2392950871005036e-11,1m,19770889261276.6
2024-11-11 19:38:00,7N57bZtQQNB92jTXR8Ym2FsJv9PvDrk3vtWtP3YFzXLQ,1.1901586609977049e-11,1.23320796290916e-11,1.1784457743517457e-11,1.23320796290916e-11,1m,66056818966350.53
2024-11-11 19:39:00,7N57bZtQQNB92jTXR8Ym2FsJv9PvDrk3vtWtP3YFzXLQ,1.0239035985376113e-11,1.1991311988452883e-11,1.0239035985376113e-11,1.1901586609977049e-11,1m,280173578356270.3
2024-11-11 19:40:00,7N57bZtQQNB92jTXR8Ym2FsJv9PvDrk3vtWtP3YFzXLQ,1.0245348890236046e-11,1.0348667386488841e-11,1.0117230822406818e-11,1.0239035985376113e-11,1m,62985677063871.46
2024-11-11 19:41:00,7N57bZtQQNB92jTXR8Ym2FsJv9PvDrk3vtWtP3YFzXLQ,1.0245831787612636e-11,1.028218376213149e-11,1.005224911161534e-11,1.0245348890236046e-11,1m,85843373564864.97
2024-11-11 19:42:00,7N57bZtQQNB92jTXR8Ym2FsJv9PvDrk3vtWtP3YFzXLQ,1.0173119476589218e-11,1.2157881038615497e-11,1.0173119476589218e-11,1.0245831787612636e-11,1m,562095804582404.0
2024-11-11 19:43:00,7N57bZtQQNB92jTXR8Ym2FsJv9PvDrk3vtWtP3YFzXLQ,1.0438348090963294e-11,1.0438348090963294e-11,1.0136218914828584e-11,1.0173119476589218e-11,1m,35764864607014.28
2024-11-11 19:44:00,7N57bZtQQNB92jTXR8Ym2FsJv9PvDrk3vtWtP3YFzXLQ,1.065019431294287e-11,1.065019431294287e-11,1.039528573723947e-11,1.0438348090963294e-11,1m,28540255451742.62
2024-11-11 19:45:00,7N57bZtQQNB92jTXR8Ym2FsJv9PvDrk3vtWtP3YFzXLQ,1.0616396120047916e-11,1.0679441926157152e-11,1.0609356101573869e-11,1.065019431294287e-11,1m,15323413024908.738
2024-11-11 19:46:00,7N57bZtQQNB92jTXR8Ym2FsJv9PvDrk3vtWtP3YFzXLQ,1.0668505415355426e-11,1.0699722402306602e-11,1.0616396120047916e-11,1.0616396120047916e-11,1m,6181984066443.431
2024-11-11 19:47:00,7N57bZtQQNB92jTXR8Ym2FsJv9PvDrk3vtWtP3YFzXLQ,1.0813083648430535e-11,1.0885129898907649e-11,1.0640576538964732e-11,1.0668505415355426e-11,1m,54537267394460.23
2024-11-11 19:48:00,7N57bZtQQNB92jTXR8Ym2FsJv9PvDrk3vtWtP3YFzXLQ,1.0969309636033013e-11,1.0969309636033013e-11,1.0787933572880082e-11,1.0813083648430535e-11,1m,25446474091805.516
2024-11-11 19:49:00,7N57bZtQQNB92jTXR8Ym2FsJv9PvDrk3vtWtP3YFzXLQ,1.086679733147288e-11,1.1021151260728657e-11,1.086679733147288e-11,1.0969309636033013e-11,1m,37757220412388.92
2024-11-11 19:50:00,7N57bZtQQNB92jTXR8Ym2FsJv9PvDrk3vtWtP3YFzXLQ,1.0853903964534665e-11,1.086679733147288e-11,1.0735670782257417e-11,1.086679733147288e-11,1m,19957179171065.64
2024-11-11 19:51:00,7N57bZtQQNB92jTXR8Ym2FsJv9PvDrk3vtWtP3YFzXLQ,1.0939032160338793e-11,1.0939032160338793e-11,1.08152022147376e-11,1.0853903964534665e-11,1m,13165194129375.053
2024-11-11 19:52:00,7N57bZtQQNB92jTXR8Ym2FsJv9PvDrk3vtWtP3YFzXLQ,1.0439117952697554e-11,1.0939032160338793e-11,1.0218822991064904e-11,1.0939032160338793e-11,1m,106185028618927.48
2024-11-11 19:53:00,7N57bZtQQNB92jTXR8Ym2FsJv9PvDrk3vtWtP3YFzXLQ,1.0332590952369659e-11,1.0447193439519506e-11,1.0332590952369659e-11,1.0439117952697554e-11,1m,20426655736334.52
2024-11-11 19:54:00,7N57bZtQQNB92jTXR8Ym2FsJv9PvDrk3vtWtP3YFzXLQ,1.0439978421466347e-11,1.0461640829663631e-11,1.0332590952369659e-11,1.0332590952369659e-11,1m,15717147897527.75
2024-11-11 19:55:00,7N57bZtQQNB92jTXR8Ym2FsJv9PvDrk3vtWtP3YFzXLQ,1.0521827787331658e-11,1.0521827787331658e-11,1.0405113157041883e-11,1.0439978421466347e-11,1m,19161386988304.12
2024-11-11 19:56:00,7N57bZtQQNB92jTXR8Ym2FsJv9PvDrk3vtWtP3YFzXLQ,1.049287236153145e-11,1.0732500781301814e-11,1.0295150342605147e-11,1.0521827787331658e-11,1m,134251730267301.05
2024-11-11 19:57:00,7N57bZtQQNB92jTXR8Ym2FsJv9PvDrk3vtWtP3YFzXLQ,1.0644836816405966e-11,1.0644836816405966e-11,1.049287236153145e-11,1.049287236153145e-11,1m,17777946866645.16
2024-11-11 19:58:00,7N57bZtQQNB92jTXR8Ym2FsJv9PvDrk3vtWtP3YFzXLQ,1.0665011597544165e-11,1.0665011597544165e-11,1.0644836816405966e-11,1.0644836816405966e-11,1m,1840682179666.87
2024-11-11 19:59:00,7N57bZtQQNB92jTXR8Ym2FsJv9PvDrk3vtWtP3YFzXLQ,1.145077646998043e-11,1.145077646998043e-11,1.0459385590092625e-11,1.0665011597544165e-11,1m,216037184807550.4
2024-11-11 20:00:00,7N57bZtQQNB92jTXR8Ym2FsJv9PvDrk3vtWtP3YFzXLQ,1.2427143141438359e-11,1.2502995408322936e-11,1.145077646998043e-11,1.145077646998043e-11,1m,6669954968570.091
2024-11-11 20:01:00,7N57bZtQQNB92jTXR8Ym2FsJv9PvDrk3vtWtP3YFzXLQ,1.1544608281928151e-11,1.2497458249690265e-11,1.14821253446506e-11,1.2427143141438359e-11,1m,88708879037697.5
2024-11-11 20:02:00,7N57bZtQQNB92jTXR8Ym2FsJv9PvDrk3vtWtP3YFzXLQ,1.1278439251310643e-11,1.1586324189536882e-11,1.1278439251310643e-11,1.1544608281928151e-11,1m,57903848305944.91
2024-11-11 20:03:00,7N57bZtQQNB92jTXR8Ym2FsJv9PvDrk3vtWtP3YFzXLQ,1.1022562855807521e-11,1.1278439251310643e-11,1.1022562855807521e-11,1.1278439251310643e-11,1m,11670069621937.68
2024-11-11 20:04:00,7N57bZtQQNB92jTXR8Ym2FsJv9PvDrk3vtWtP3YFzXLQ,1.1369279523410941e-11,1.1369279523410941e-11,1.1022562855807521e-11,1.1022562855807521e-11,1m,36565835653528.01
2024-11-11 20:05:00,7N57bZtQQNB92jTXR8Ym2FsJv9PvDrk3vtWtP3YFzXLQ,1.1485505326615233e-11,1.1485505326615233e-11,1.1369279523410941e-11,1.1369279523410941e-11,1m,7957098771308.04
2024-11-11 20:06:00,7N57bZtQQNB92jTXR8Ym2FsJv9PvDrk3vtWtP3YFzXLQ,1.1668214831901712e-11,1.1668214831901712e-11,1.143888867280302e-11,1.1485505326615233e-11,1m,26065041275361.477
2024-11-11 20:07:00,7N57bZtQQNB92jTXR8Ym2FsJv9PvDrk3vtWtP3YFzXLQ,1.1893530414634965e-11,1.1893530414634965e-11,1.1668214831901712e-11,1.1668214831901712e-11,1m,15953870131417.71
2024-11-11 20:08:00,7N57bZtQQNB92jTXR8Ym2FsJv9PvDrk3vtWtP3YFzXLQ,1.2244435202270707e-11,1.2244435202270707e-11,1.1879133626059536e-11,1.1893530414634965e-11,1m,61156420189502.47
2024-11-11 20:09:00,7N57bZtQQNB92jTXR8Ym2FsJv9PvDrk3vtWtP3YFzXLQ,1.2829984879719994e-11,1.2829984879719994e-11,1.2244435202270707e-11,1.2244435202270707e-11,1m,87783488197470.11
2024-11-11 20:10:00,7N57bZtQQNB92jTXR8Ym2FsJv9PvDrk3vtWtP3YFzXLQ,1.2498713167893347e-11,1.3345837312339044e-11,1.2397243695822469e-11,1.2829984879719994e-11,1m,97866827247513.44
2024-11-11 20:11:00,7N57bZtQQNB92jTXR8Ym2FsJv9PvDrk3vtWtP3YFzXLQ,1.2850145583088812e-11,1.2850145583088812e-11,1.2498713167893347e-11,1.2498713167893347e-11,1m,43737193886675.56
2024-11-11 20:12:00,7N57bZtQQNB92jTXR8Ym2FsJv9PvDrk3vtWtP3YFzXLQ,1.2583348732935486e-11,1.295932532290145e-11,1.2583348732935486e-11,1.2850145583088812e-11,1m,61971918797889.03
2024-11-11 20:13:00,7N57bZtQQNB92jTXR8Ym2FsJv9PvDrk3vtWtP3YFzXLQ,1.1712708774527016e-11,1.2904865218942048e-11,1.1375292174068413e-11,1.2583348732935486e-11,1m,268691604298447.1
2024-11-11 20:14:00,7N57bZtQQNB92jTXR8Ym2FsJv9PvDrk3vtWtP3YFzXLQ,1.1959613865511189e-11,1.1959613865511189e-11,1.1712708774527016e-11,1.1712708774527016e-11,1m,31738142163088.84
2024-11-11 20:15:00,7N57bZtQQNB92jTXR8Ym2FsJv9PvDrk3vtWtP3YFzXLQ,1.2327032475282125e-11,1.2327032475282125e-11,1.1959613865511189e-11,1.1959613865511189e-11,1m,23467266981629.57
2024-11-11 20:16:00,7N57bZtQQNB92jTXR8Ym2FsJv9PvDrk3vtWtP3YFzXLQ,1.2344719930320656e-11,1.2344719930320656e-11,1.2247586326956301e-11,1.2327032475282125e-11,1m,11917114926303.66
2024-11-11 20:17:00,7N57bZtQQNB92jTXR8Ym2FsJv9PvDrk3vtWtP3YFzXLQ,1.4831220774239314e-11,1.4872565220391667e-11,1.2344719930320656e-11,1.2344719930320656e-11,1m,195439931255367.75
2024-11-11 20:18:00,7N57bZtQQNB92jTXR8Ym2FsJv9PvDrk3vtWtP3YFzXLQ,1.453002371032537e-11,1.498389159479951e-11,1.4385659540217622e-11,1.4831220774239314e-11,1m,72152914973818.6
2024-11-11 20:19:00,7N57bZtQQNB92jTXR8Ym2FsJv9PvDrk3vtWtP3YFzXLQ,1.512200648518775e-11,1.5302928723132722e-11,1.453002371032537e-11,1.453002371032537e-11,1m,73319126382709.52
2024-11-11 20:20:00,7N57bZtQQNB92jTXR8Ym2FsJv9PvDrk3vtWtP3YFzXLQ,1.5187381477643413e-11,1.5193904658433547e-11,1.5087278606722286e-11,1.512200648518775e-11,1m,20111486146365.926
2024-11-11 20:21:00,7N57bZtQQNB92jTXR8Ym2FsJv9PvDrk3vtWtP3YFzXLQ,1.467290266219279e-11,1.5187381477643413e-11,1.467290266219279e-11,1.5187381477643413e-11,1m,40571977656784.36
2024-11-11 20:22:00,7N57bZtQQNB92jTXR8Ym2FsJv9PvDrk3vtWtP3YFzXLQ,1.4707048408102825e-11,1.4707048408102825e-11,1.467290266219279e-11,1.467290266219279e-11,1m,3828277101219.5303
2024-11-11 20:23:00,7N57bZtQQNB92jTXR8Ym2FsJv9PvDrk3vtWtP3YFzXLQ,1.5142920615749708e-11,1.5142920615749708e-11,1.4707048408102825e-11,1.4707048408102825e-11,1m,28080150376581.133
2024-11-11 20:24:00,7N57bZtQQNB92jTXR8Ym2FsJv9PvDrk3vtWtP3YFzXLQ,1.547208755067475e-11,1.547208755067475e-11,1.5142920615749708e-11,1.5142920615749708e-11,1m,21300684543623.68
2024-11-11 20:25:00,7N57bZtQQNB92jTXR8Ym2FsJv9PvDrk3vtWtP3YFzXLQ,1.5586973532200854e-11,1.5586973532200854e-11,1.5407217838179915e-11,1.547208755067475e-11,1m,11940742409658.223
2024-11-11 20:26:00,7N57bZtQQNB92jTXR8Ym2FsJv9PvDrk3vtWtP3YFzXLQ,1.655229866533305e-11,1.655229866533305e-11,1.5586973532200854e-11,1.5586973532200854e-11,1m,111894896628510.25
2024-11-11 20:27:00,7N57bZtQQNB92jTXR8Ym2FsJv9PvDrk3vtWtP3YFzXLQ,1.713937959534792e-11,1.713937959534792e-11,1.655229866533305e-11,1.655229866533305e-11,1m,24224642083209.816
2024-11-11 20:28:00,7N57bZtQQNB92jTXR8Ym2FsJv9PvDrk3vtWtP3YFzXLQ,1.6291110063973823e-11,1.7153352857269365e-11,1.6291110063973823e-11,1.713937959534792e-11,1m,61147871658333.09
2024-11-11 20:29:00,7N57bZtQQNB92jTXR8Ym2FsJv9PvDrk3vtWtP3YFzXLQ,1.634966303496775e-11,1.6427675755698556e-11,1.6218993271974827e-11,1.6291110063973823e-11,1m,19524844648497.66
2024-11-11 20:30:00,7N57bZtQQNB92jTXR8Ym2FsJv9PvDrk3vtWtP3YFzXLQ,1.686573666583341e-11,1.686573666583341e-11,1.5961138296106073e-11,1.634966303496775e-11,1m,127734094829219.55
2024-11-11 20:31:00,7N57bZtQQNB92jTXR8Ym2FsJv9PvDrk3vtWtP3YFzXLQ,1.7012654275195188e-11,1.7012654275195188e-11,1.680125892300946e-11,1.686573666583341e-11,1m,14034211807829.898
2024-11-11 20:32:00,7N57bZtQQNB92jTXR8Ym2FsJv9PvDrk3vtWtP3YFzXLQ,1.7515860342845655e-11,1.7689680960780823e-11,1.7012654275195188e-11,1.7012654275195188e-11,1m,49748953944492.375
2024-11-11 20:33:00,7N57bZtQQNB92jTXR8Ym2FsJv9PvDrk3vtWtP3YFzXLQ,1.8661803919491714e-11,1.8795479155461465e-11,1.7515860342845655e-11,1.7515860342845655e-11,1m,67924496820647.82
2024-11-11 20:34:00,7N57bZtQQNB92jTXR8Ym2FsJv9PvDrk3vtWtP3YFzXLQ,1.9158102480285732e-11,1.9158102480285732e-11,1.8661803919491714e-11,1.8661803919491714e-11,1m,26025859084176.414
2024-11-11 20:35:00,7N57bZtQQNB92jTXR8Ym2FsJv9PvDrk3vtWtP3YFzXLQ,1.9671229010880695e-11,1.9671229010880695e-11,1.9158102480285732e-11,1.9158102480285732e-11,1m,19650342062578.812
2024-11-11 20:36:00,7N57bZtQQNB92jTXR8Ym2FsJv9PvDrk3vtWtP3YFzXLQ,1.9781491183234306e-11,1.981207991583527e-11,1.9630203856980264e-11,1.9671229010880695e-11,1m,27744907437234.23
2024-11-11 20:37:00,7N57bZtQQNB92jTXR8Ym2FsJv9PvDrk3vtWtP3YFzXLQ,2.0086776853443583e-11,2.0086776853443583e-11,1.9461754836574787e-11,1.9781491183234306e-11,1m,64969630310483.93
2024-11-11 20:38:00,7N57bZtQQNB92jTXR8Ym2FsJv9PvDrk3vtWtP3YFzXLQ,2.1124004401820216e-11,2.1124004401820216e-11,2.0086776853443583e-11,2.0086776853443583e-11,1m,41909080418748.31
2024-11-11 20:39:00,7N57bZtQQNB92jTXR8Ym2FsJv9PvDrk3vtWtP3YFzXLQ,2.1660663233956544e-11,2.1843727880939864e-11,2.1124004401820216e-11,2.1124004401820216e-11,1m,48380347470951.8
2024-11-11 20:40:00,7N57bZtQQNB92jTXR8Ym2FsJv9PvDrk3vtWtP3YFzXLQ,2.201697969471934e-11,2.2400293680207283e-11,2.1631188712321448e-11,2.1660663233956544e-11,1m,101350000363017.52
2024-11-11 20:41:00,7N57bZtQQNB92jTXR8Ym2FsJv9PvDrk3vtWtP3YFzXLQ,2.2426933656121653e-11,2.3136779047194036e-11,2.1906639798475116e-11,2.201697969471934e-11,1m,38258048123663.09
2024-11-11 20:42:00,7N57bZtQQNB92jTXR8Ym2FsJv9PvDrk3vtWtP3YFzXLQ,2.18225600622498e-11,2.25371032172324e-11,2.1581181305878286e-11,2.2426933656121653e-11,1m,66798381327708.86
2024-11-11 20:43:00,7N57bZtQQNB92jTXR8Ym2FsJv9PvDrk3vtWtP3YFzXLQ,2.0276270495242127e-11,2.1826026600764794e-11,2.0276270495242127e-11,2.18225600622498e-11,1m,72446851972520.27
2024-11-11 20:44:00,7N57bZtQQNB92jTXR8Ym2FsJv9PvDrk3vtWtP3YFzXLQ,1.896579875569472e-11,2.1162551289567027e-11,1.896579875569472e-11,2.0276270495242127e-11,1m,288772610108479.5
2024-11-11 20:45:00,7N57bZtQQNB92jTXR8Ym2FsJv9PvDrk3vtWtP3YFzXLQ,1.855956570976911e-11,1.9000386685832502e-11,1.8411216588942998e-11,1.896579875569472e-11,1m,74180693761603.81
2024-11-11 20:46:00,7N57bZtQQNB92jTXR8Ym2FsJv9PvDrk3vtWtP3YFzXLQ,1.9291826973701844e-11,1.9291826973701844e-11,1.8533139400938154e-11,1.855956570976911e-11,1m,37501428521985.72
2024-11-11 20:47:00,7N57bZtQQNB92jTXR8Ym2FsJv9PvDrk3vtWtP3YFzXLQ,1.9526668100231128e-11,1.9677601651943035e-11,1.9291826973701844e-11,1.9291826973701844e-11,1m,21334015063061.11
2024-11-11 20:48:00,7N57bZtQQNB92jTXR8Ym2FsJv9PvDrk3vtWtP3YFzXLQ,1.970359556252926e-11,1.980361324550369e-11,1.9186990391399052e-11,1.9526668100231128e-11,1m,76569509404475.36
2024-11-11 20:49:00,7N57bZtQQNB92jTXR8Ym2FsJv9PvDrk3vtWtP3YFzXLQ,2.006253897200678e-11,2.0086822741000722e-11,1.970359556252926e-11,1.970359556252926e-11,1m,17752590818959.36
2024-11-11 20:50:00,7N57bZtQQNB92jTXR8Ym2FsJv9PvDrk3vtWtP3YFzXLQ,1.7880001777415573e-11,2.2406519393046064e-11,1.7880001777415573e-11,2.006253897200678e-11,1m,316316485774243.3
2024-11-11 20:51:00,7N57bZtQQNB92jTXR8Ym2FsJv9PvDrk3vtWtP3YFzXLQ,1.754453289788325e-11,1.8041073763501275e-11,1.750836759803911e-11,1.7880001777415573e-11,1m,50989150920307.14
2024-11-11 20:52:00,7N57bZtQQNB92jTXR8Ym2FsJv9PvDrk3vtWtP3YFzXLQ,1.6506772635482737e-11,1.754453289788325e-11,1.5961659783501628e-11,1.754453289788325e-11,1m,318216119404862.3
2024-11-11 20:53:00,7N57bZtQQNB92jTXR8Ym2FsJv9PvDrk3vtWtP3YFzXLQ,1.6536278528629874e-11,1.6825881490012785e-11,1.6506772635482737e-11,1.6506772635482737e-11,1m,41287856248839.65
2024-11-11 20:54:00,7N57bZtQQNB92jTXR8Ym2FsJv9PvDrk3vtWtP3YFzXLQ,1.9021764152231803e-11,1.9067759964792396e-11,1.6536278528629874e-11,1.6536278528629874e-11,1m,146052651497769.5
2024-11-11 20:55:00,7N57bZtQQNB92jTXR8Ym2FsJv9PvDrk3vtWtP3YFzXLQ,1.8563006324753114e-11,1.9021764152231803e-11,1.8563006324753114e-11,1.9021764152231803e-11,1m,30761656150339.727
2024-11-11 20:56:00,7N57bZtQQNB92jTXR8Ym2FsJv9PvDrk3vtWtP3YFzXLQ,1.83885057730624e-11,1.8563006324753114e-11,1.833781062819864e-11,1.8563006324753114e-11,1m,19171467483820.03
2024-11-11 20:57:00,7N57bZtQQNB92jTXR8Ym2FsJv9PvDrk3vtWtP3YFzXLQ,1.821978811274726e-11,1.843927430967552e-11,1.8173277464982775e-11,1.83885057730624e-11,1m,16499181456858.23
2024-11-11 20:58:00,7N57bZtQQNB92jTXR8Ym2FsJv9PvDrk3vtWtP3YFzXLQ,1.8338605952624973e-11,1.843737752038997e-11,1.818336637291763e-11,1.821978811274726e-11,1m,13802413053613.77
2024-11-11 20:59:00,7N57bZtQQNB92jTXR8Ym2FsJv9PvDrk3vtWtP3YFzXLQ,1.8596039439166166e-11,1.8596039439166166e-11,1.8338605952624973e-11,1.8338605952624973e-11,1m,11670546358252.21
2024-11-11 21:00:00,7N57bZtQQNB92jTXR8Ym2FsJv9PvDrk3vtWtP3YFzXLQ,1.8792762903431422e-11,1.8792762903431422e-11,1.8596039439166166e-11,1.8596039439166166e-11,1m,13568630521277.318
2024-11-11 21:01:00,7N57bZtQQNB92jTXR8Ym2FsJv9PvDrk3vtWtP3YFzXLQ,1.8792762903431422e-11,1.8792762903431422e-11,1.8792762903431422e-11,1.8792762903431422e-11,1m,0.0
