datetime,address,c,h,l,o,type,v
2024-10-23 02:30:00,Ez4ErYrcJekCXoE3CN8GDA2rKANfgwHujgRkQNeepump,8.307507091434376e-05,9.346910205343956e-05,6.312358506575916e-05,6.999644429524807e-05,5m,161602431.88892695
2024-10-23 02:35:00,Ez4ErYrcJekCXoE3CN8GDA2rKANfgwHujgRkQNeepump,2.4424284930601074e-05,8.350062587805417e-05,2.4424284930601074e-05,8.307507091434376e-05,5m,498961135.706366
2024-10-23 02:40:00,Ez4ErYrcJekCXoE3CN8GDA2rKANfgwHujgRkQNeepump,1.5722624452922544e-05,2.4424284930601074e-05,1.5722624452922544e-05,2.4424284930601074e-05,5m,106669209.046303
2024-10-23 02:45:00,Ez4ErYrcJekCXoE3CN8GDA2rKANfgwHujgRkQNeepump,1.867943672139173e-05,1.8698761739970254e-05,1.3615081008049989e-05,1.5722624452922544e-05,5m,130195415.30945298
2024-10-23 02:50:00,Ez4ErYrcJekCXoE3CN8GDA2rKANfgwHujgRkQNeepump,1.8831869706710952e-05,1.8831869706710952e-05,1.840299632538303e-05,1.867943672139173e-05,5m,13031352.394498
2024-10-23 02:55:00,Ez4ErYrcJekCXoE3CN8GDA2rKANfgwHujgRkQNeepump,1.8328520342740034e-05,2.022829877271904e-05,1.7543376842093505e-05,1.8831869706710952e-05,5m,78654919.124128
2024-10-23 03:00:00,Ez4ErYrcJekCXoE3CN8GDA2rKANfgwHujgRkQNeepump,1.659455789278848e-05,1.8328520342740034e-05,1.6578376835051258e-05,1.8328520342740034e-05,5m,11916919.427125001
2024-10-23 03:05:00,Ez4ErYrcJekCXoE3CN8GDA2rKANfgwHujgRkQNeepump,1.698692210031404e-05,1.698692210031404e-05,1.656042672900578e-05,1.659455789278848e-05,5m,5919853.97243
2024-10-23 03:10:00,Ez4ErYrcJekCXoE3CN8GDA2rKANfgwHujgRkQNeepump,1.8712411929172647e-05,1.8712411929172647e-05,1.698692210031404e-05,1.698692210031404e-05,5m,18713016.533844996
2024-10-23 03:15:00,Ez4ErYrcJekCXoE3CN8GDA2rKANfgwHujgRkQNeepump,1.8712411929172647e-05,1.8712411929172647e-05,1.8712411929172647e-05,1.8712411929172647e-05,5m,0.0
2024-10-23 03:20:00,Ez4ErYrcJekCXoE3CN8GDA2rKANfgwHujgRkQNeepump,2.1428147067194085e-05,2.1428147067194085e-05,1.8655457109957657e-05,1.8712411929172647e-05,5m,26961866.658127002
2024-10-23 03:25:00,Ez4ErYrcJekCXoE3CN8GDA2rKANfgwHujgRkQNeepump,2.1687435200774978e-05,2.1687435200774978e-05,2.1428147067194085e-05,2.1428147067194085e-05,5m,2281793.178732
2024-10-23 03:30:00,Ez4ErYrcJekCXoE3CN8GDA2rKANfgwHujgRkQNeepump,2.3825020771987988e-05,2.3825020771987988e-05,2.1687435200774978e-05,2.1687435200774978e-05,5m,16255218.478546
2024-10-23 03:35:00,Ez4ErYrcJekCXoE3CN8GDA2rKANfgwHujgRkQNeepump,2.4491889642705044e-05,2.4491889642705044e-05,2.3825020771987988e-05,2.3825020771987988e-05,5m,5080371.8981139995
2024-10-23 03:40:00,Ez4ErYrcJekCXoE3CN8GDA2rKANfgwHujgRkQNeepump,2.4491889642705044e-05,2.4491889642705044e-05,2.4491889642705044e-05,2.4491889642705044e-05,5m,0.0
2024-10-23 03:45:00,Ez4ErYrcJekCXoE3CN8GDA2rKANfgwHujgRkQNeepump,2.5108051062395656e-05,2.5108051062395656e-05,2.4491889642705044e-05,2.4491889642705044e-05,5m,3271729.690377
2024-10-23 03:50:00,Ez4ErYrcJekCXoE3CN8GDA2rKANfgwHujgRkQNeepump,2.8736906295923045e-05,2.9159008922694377e-05,2.5108051062395656e-05,2.5108051062395656e-05,5m,33487235.185954005
2024-10-23 03:55:00,Ez4ErYrcJekCXoE3CN8GDA2rKANfgwHujgRkQNeepump,2.9236911257763396e-05,2.9236911257763396e-05,2.8736906295923045e-05,2.8736906295923045e-05,5m,3525786.603744
2024-10-23 04:00:00,Ez4ErYrcJekCXoE3CN8GDA2rKANfgwHujgRkQNeepump,3.320100514378562e-05,3.325766038822594e-05,2.9236911257763396e-05,2.9236911257763396e-05,5m,33983960.036044
2024-10-23 04:05:00,Ez4ErYrcJekCXoE3CN8GDA2rKANfgwHujgRkQNeepump,3.932767186515828e-05,4.3214554937571444e-05,3.320100514378562e-05,3.320100514378562e-05,5m,56848528.435921
2024-10-23 04:10:00,Ez4ErYrcJekCXoE3CN8GDA2rKANfgwHujgRkQNeepump,5.177403695943363e-05,5.197772731271587e-05,3.932767186515828e-05,3.932767186515828e-05,5m,43233573.63283999
2024-10-23 04:15:00,Ez4ErYrcJekCXoE3CN8GDA2rKANfgwHujgRkQNeepump,5.588853966779496e-05,5.588853966779496e-05,5.008485912996953e-05,5.177403695943363e-05,5m,32208072.793504003
2024-10-23 04:20:00,Ez4ErYrcJekCXoE3CN8GDA2rKANfgwHujgRkQNeepump,6.465357933173481e-05,6.465357933173481e-05,5.588853966779496e-05,5.588853966779496e-05,5m,15749440.235415999
2024-10-23 04:25:00,Ez4ErYrcJekCXoE3CN8GDA2rKANfgwHujgRkQNeepump,7.410380800202953e-05,7.422375037258735e-05,6.465357933173481e-05,6.465357933173481e-05,5m,14310242.532196
2024-10-23 04:30:00,Ez4ErYrcJekCXoE3CN8GDA2rKANfgwHujgRkQNeepump,5.9050736278361595e-05,7.666569931656528e-05,5.9050736278361595e-05,7.410380800202953e-05,5m,33706561.85627
2024-10-23 04:35:00,Ez4ErYrcJekCXoE3CN8GDA2rKANfgwHujgRkQNeepump,5.178412717010536e-05,5.9050736278361595e-05,4.724910233095426e-05,5.9050736278361595e-05,5m,39258409.43574099
2024-10-23 04:40:00,Ez4ErYrcJekCXoE3CN8GDA2rKANfgwHujgRkQNeepump,5.4214242646085306e-05,5.4214242646085306e-05,5.178412717010536e-05,5.178412717010536e-05,5m,4068996.5131900003
2024-10-23 04:45:00,Ez4ErYrcJekCXoE3CN8GDA2rKANfgwHujgRkQNeepump,5.613260864757042e-05,5.613260864757042e-05,5.4214242646085306e-05,5.4214242646085306e-05,5m,5644867.287127
2024-10-23 04:50:00,Ez4ErYrcJekCXoE3CN8GDA2rKANfgwHujgRkQNeepump,6.2088832262389e-05,6.370373086255206e-05,5.613260864757042e-05,5.613260864757042e-05,5m,46255756.847127005
2024-10-23 04:55:00,Ez4ErYrcJekCXoE3CN8GDA2rKANfgwHujgRkQNeepump,7.432731815526497e-05,7.432731815526497e-05,6.2088832262389e-05,6.2088832262389e-05,5m,23042208.505308
2024-10-23 05:00:00,Ez4ErYrcJekCXoE3CN8GDA2rKANfgwHujgRkQNeepump,7.645125207105274e-05,8.043263531660653e-05,7.432731815526497e-05,7.432731815526497e-05,5m,20827395.430720996
2024-10-23 05:05:00,Ez4ErYrcJekCXoE3CN8GDA2rKANfgwHujgRkQNeepump,7.748781965031993e-05,7.965481716434537e-05,7.480642072949894e-05,7.645125207105274e-05,5m,11508387.974131
2024-10-23 05:10:00,Ez4ErYrcJekCXoE3CN8GDA2rKANfgwHujgRkQNeepump,7.842771818549716e-05,8.038189366080192e-05,7.748781965031993e-05,7.748781965031993e-05,5m,7682621.902659
2024-10-23 05:15:00,Ez4ErYrcJekCXoE3CN8GDA2rKANfgwHujgRkQNeepump,7.900938527925997e-05,8.18589942675783e-05,7.842771818549716e-05,7.842771818549716e-05,5m,20697873.491757
2024-10-23 05:20:00,Ez4ErYrcJekCXoE3CN8GDA2rKANfgwHujgRkQNeepump,7.868632560122838e-05,8.066338486813546e-05,7.831467664699108e-05,7.900938527925997e-05,5m,8074371.005121999
2024-10-23 05:25:00,Ez4ErYrcJekCXoE3CN8GDA2rKANfgwHujgRkQNeepump,8.451745976732792e-05,8.483372264533477e-05,7.868632560122838e-05,7.868632560122838e-05,5m,11584232.714544
2024-10-23 05:30:00,Ez4ErYrcJekCXoE3CN8GDA2rKANfgwHujgRkQNeepump,9.049175030270272e-05,9.049175030270272e-05,8.451745976732792e-05,8.451745976732792e-05,5m,5671869.926105
2024-10-23 05:35:00,Ez4ErYrcJekCXoE3CN8GDA2rKANfgwHujgRkQNeepump,0.00010305582530452247,0.00010305582530452247,9.043488078263427e-05,9.049175030270272e-05,5m,15685461.164363999
2024-10-23 05:40:00,Ez4ErYrcJekCXoE3CN8GDA2rKANfgwHujgRkQNeepump,0.00016572987170111273,0.00016572987170111273,0.00010305582530452247,0.00010305582530452247,5m,51090170.43089002
2024-10-23 05:45:00,Ez4ErYrcJekCXoE3CN8GDA2rKANfgwHujgRkQNeepump,0.000211951624778833,0.00022290133929772467,0.00016212768536147507,0.00016572987170111273,5m,68052912.85101001
2024-10-23 05:50:00,Ez4ErYrcJekCXoE3CN8GDA2rKANfgwHujgRkQNeepump,0.00021670333457405233,0.000235452191293246,0.0001765592648239581,0.000211951624778833,5m,48191493.52146
2024-10-23 05:55:00,Ez4ErYrcJekCXoE3CN8GDA2rKANfgwHujgRkQNeepump,0.00023720233743355752,0.00023907091741151446,0.0002015068686588159,0.00021670333457405233,5m,19704607.974781998
2024-10-23 06:00:00,Ez4ErYrcJekCXoE3CN8GDA2rKANfgwHujgRkQNeepump,0.00020995213727011754,0.0002446345552005968,0.00020995213727011754,0.00023720233743355752,5m,36857431.791812
2024-10-23 06:05:00,Ez4ErYrcJekCXoE3CN8GDA2rKANfgwHujgRkQNeepump,0.0001763473217872672,0.0002540124703140441,0.0001471526865200833,0.00020995213727011754,5m,177360786.503924
2024-10-23 06:10:00,Ez4ErYrcJekCXoE3CN8GDA2rKANfgwHujgRkQNeepump,0.00021287008473352078,0.00021999870999307933,0.0001676537360926888,0.0001763473217872672,5m,34165459.09128299
2024-10-23 06:15:00,Ez4ErYrcJekCXoE3CN8GDA2rKANfgwHujgRkQNeepump,0.00026614414750444226,0.0004829088563164706,0.00021287008473352078,0.00021287008473352078,5m,85777197.92023098
2024-10-23 06:20:00,Ez4ErYrcJekCXoE3CN8GDA2rKANfgwHujgRkQNeepump,0.00024372868801037667,0.00026614414750444226,0.00021961658220617816,0.00026614414750444226,5m,34095339.683464006
2024-10-23 06:25:00,Ez4ErYrcJekCXoE3CN8GDA2rKANfgwHujgRkQNeepump,0.00021795598469919706,0.0002509269014855085,0.00021795598469919706,0.00024372868801037667,5m,16013789.732778998
2024-10-23 06:30:00,Ez4ErYrcJekCXoE3CN8GDA2rKANfgwHujgRkQNeepump,0.0001890486489946083,0.00022287960897508235,0.0001890486489946083,0.00021795598469919706,5m,27932312.92135
2024-10-23 06:35:00,Ez4ErYrcJekCXoE3CN8GDA2rKANfgwHujgRkQNeepump,0.00017818130484011555,0.0001890486489946083,0.00017053937076909987,0.0001890486489946083,5m,14776850.401848998
2024-10-23 06:40:00,Ez4ErYrcJekCXoE3CN8GDA2rKANfgwHujgRkQNeepump,0.00016934601324395936,0.000179098862253504,0.00016934601324395936,0.00017818130484011555,5m,4168659.711477999
2024-10-23 06:45:00,Ez4ErYrcJekCXoE3CN8GDA2rKANfgwHujgRkQNeepump,0.00017456993311161571,0.00017456993311161571,0.00016602252017157722,0.00016934601324395936,5m,8580859.46811
2024-10-23 06:50:00,Ez4ErYrcJekCXoE3CN8GDA2rKANfgwHujgRkQNeepump,0.00022671393917803395,0.0002588028736955388,0.00017456993311161571,0.00017456993311161571,5m,49227608.064979985
2024-10-23 06:55:00,Ez4ErYrcJekCXoE3CN8GDA2rKANfgwHujgRkQNeepump,0.00022936312808610713,0.00025400210236212753,0.00022315967151339958,0.00022671393917803395,5m,17045756.096241
2024-10-23 07:00:00,Ez4ErYrcJekCXoE3CN8GDA2rKANfgwHujgRkQNeepump,0.00022923440675193978,0.00023081597829316023,0.00019776695697931346,0.00022936312808610713,5m,17662697.576621994
2024-10-23 07:05:00,Ez4ErYrcJekCXoE3CN8GDA2rKANfgwHujgRkQNeepump,0.0002045056385399283,0.00023398102802339664,0.0002045056385399283,0.00022923440675193978,5m,16337245.827373998
2024-10-23 07:10:00,Ez4ErYrcJekCXoE3CN8GDA2rKANfgwHujgRkQNeepump,0.00020342163267839355,0.00020546425396455288,0.00020191388023915044,0.0002045056385399283,5m,1944922.328177
2024-10-23 07:15:00,Ez4ErYrcJekCXoE3CN8GDA2rKANfgwHujgRkQNeepump,0.00021538897700598065,0.00021538897700598065,0.00020334178440397984,0.00020342163267839355,5m,7272451.576945
2024-10-23 07:20:00,Ez4ErYrcJekCXoE3CN8GDA2rKANfgwHujgRkQNeepump,0.0002110919566889052,0.0002214967969537774,0.0002079033888639372,0.00021538897700598065,5m,12271432.875632998
2024-10-23 07:25:00,Ez4ErYrcJekCXoE3CN8GDA2rKANfgwHujgRkQNeepump,0.0001872230954626188,0.0002110919566889052,0.00018566411579394907,0.0002110919566889052,5m,11830386.795265999
2024-10-23 07:30:00,Ez4ErYrcJekCXoE3CN8GDA2rKANfgwHujgRkQNeepump,0.00017862150762793715,0.0001872230954626188,0.00016230815616269587,0.0001872230954626188,5m,15556841.200603
2024-10-23 07:35:00,Ez4ErYrcJekCXoE3CN8GDA2rKANfgwHujgRkQNeepump,0.0001780784294231356,0.00018189972775986343,0.00016484471301915306,0.00017862150762793715,5m,16638473.739234999
2024-10-23 07:40:00,Ez4ErYrcJekCXoE3CN8GDA2rKANfgwHujgRkQNeepump,0.00020247441178783055,0.00020247441178783055,0.0001780784294231356,0.0001780784294231356,5m,8654655.879360002
2024-10-23 07:45:00,Ez4ErYrcJekCXoE3CN8GDA2rKANfgwHujgRkQNeepump,0.00026411940158508116,0.0002702283723180288,0.00020164393515089527,0.00020247441178783055,5m,20070904.800499998
2024-10-23 07:50:00,Ez4ErYrcJekCXoE3CN8GDA2rKANfgwHujgRkQNeepump,0.00024958439411196454,0.00026527561659914597,0.00024864421971316315,0.00026411940158508116,5m,4830138.718335
2024-10-23 07:55:00,Ez4ErYrcJekCXoE3CN8GDA2rKANfgwHujgRkQNeepump,0.00031793983451731993,0.000319949821935132,0.00024958439411196454,0.00024958439411196454,5m,21136709.023900997
2024-10-23 08:00:00,Ez4ErYrcJekCXoE3CN8GDA2rKANfgwHujgRkQNeepump,0.0003019719809999286,0.0003306989230213895,0.00028895629732974247,0.00031793983451731993,5m,24869435.88428
2024-10-23 08:05:00,Ez4ErYrcJekCXoE3CN8GDA2rKANfgwHujgRkQNeepump,0.0003385105924458428,0.0003385105924458428,0.0003019719809999286,0.0003019719809999286,5m,13895577.601172999
2024-10-23 08:10:00,Ez4ErYrcJekCXoE3CN8GDA2rKANfgwHujgRkQNeepump,0.0003247919271571994,0.0003679204010134442,0.0003235157117857597,0.0003385105924458428,5m,11431647.960941998
2024-10-23 08:15:00,Ez4ErYrcJekCXoE3CN8GDA2rKANfgwHujgRkQNeepump,0.0003538929481394695,0.00035476775550676053,0.0003247919271571994,0.0003247919271571994,5m,5556819.36444
2024-10-23 08:20:00,Ez4ErYrcJekCXoE3CN8GDA2rKANfgwHujgRkQNeepump,0.0003420193236908588,0.00045164716612520404,0.0003281987364936924,0.0003538929481394695,5m,38064293.193225995
2024-10-23 08:25:00,Ez4ErYrcJekCXoE3CN8GDA2rKANfgwHujgRkQNeepump,0.00039433870531440323,0.00040372034703978796,0.00034192714315054503,0.0003420193236908588,5m,22857198.759696998
2024-10-23 08:30:00,Ez4ErYrcJekCXoE3CN8GDA2rKANfgwHujgRkQNeepump,0.000397961176419302,0.0004734605336050712,0.0003856353258412735,0.00039433870531440323,5m,26666984.128562007
2024-10-23 08:35:00,Ez4ErYrcJekCXoE3CN8GDA2rKANfgwHujgRkQNeepump,0.0003826244352359639,0.000397961176419302,0.00037557788417895524,0.000397961176419302,5m,8185244.939736999
2024-10-23 08:40:00,Ez4ErYrcJekCXoE3CN8GDA2rKANfgwHujgRkQNeepump,0.00029851946823854046,0.00039765035814767774,0.000296874084094865,0.0003826244352359639,5m,26247859.36819099
2024-10-23 08:45:00,Ez4ErYrcJekCXoE3CN8GDA2rKANfgwHujgRkQNeepump,0.0003184892666153904,0.0003260661355187066,0.0002969598069624814,0.00029851946823854046,5m,17385623.962294
2024-10-23 08:50:00,Ez4ErYrcJekCXoE3CN8GDA2rKANfgwHujgRkQNeepump,0.0003644757218783953,0.0003644757218783953,0.0003184892666153904,0.0003184892666153904,5m,9071144.393887999
2024-10-23 08:55:00,Ez4ErYrcJekCXoE3CN8GDA2rKANfgwHujgRkQNeepump,0.0003370622088360136,0.00036687125654132833,0.00033484755598125934,0.0003644757218783953,5m,4626481.671085999
2024-10-23 09:00:00,Ez4ErYrcJekCXoE3CN8GDA2rKANfgwHujgRkQNeepump,0.00032150185032965605,0.0003370622088360136,0.0003040196494038092,0.0003370622088360136,5m,13443191.031798998
2024-10-23 09:05:00,Ez4ErYrcJekCXoE3CN8GDA2rKANfgwHujgRkQNeepump,0.00037088826176397713,0.00037088826176397713,0.0003207370040698171,0.00032150185032965605,5m,7519431.73909
2024-10-23 09:10:00,Ez4ErYrcJekCXoE3CN8GDA2rKANfgwHujgRkQNeepump,0.00039152154958398713,0.00039152154958398713,0.00037088826176397713,0.00037088826176397713,5m,3068252.3298899997
2024-10-23 09:15:00,Ez4ErYrcJekCXoE3CN8GDA2rKANfgwHujgRkQNeepump,0.0004213373204237142,0.00043247126112198225,0.00039152154958398713,0.00039152154958398713,5m,5460984.404083
2024-10-23 09:20:00,Ez4ErYrcJekCXoE3CN8GDA2rKANfgwHujgRkQNeepump,0.0003881123945182333,0.0004213373204237142,0.0003772792859974357,0.0004213373204237142,5m,5691843.229013001
2024-10-23 09:25:00,Ez4ErYrcJekCXoE3CN8GDA2rKANfgwHujgRkQNeepump,0.0003956546213812845,0.0003956546213812845,0.00038688364921223473,0.0003881123945182333,5m,1348869.9988159998
2024-10-23 09:30:00,Ez4ErYrcJekCXoE3CN8GDA2rKANfgwHujgRkQNeepump,0.0003996665499064059,0.00039984068655621633,0.0003956546213812845,0.0003956546213812845,5m,111835.534026
2024-10-23 09:35:00,Ez4ErYrcJekCXoE3CN8GDA2rKANfgwHujgRkQNeepump,0.0003727361331260938,0.0003996665499064059,0.0003727361331260938,0.0003996665499064059,5m,3954724.8679859997
2024-10-23 09:40:00,Ez4ErYrcJekCXoE3CN8GDA2rKANfgwHujgRkQNeepump,0.00033317245611999715,0.00040018096602075913,0.00033317245611999715,0.0003727361331260938,5m,26309289.755971998
2024-10-23 09:45:00,Ez4ErYrcJekCXoE3CN8GDA2rKANfgwHujgRkQNeepump,0.00028956340396441753,0.00033317245611999715,0.00028785901232358005,0.00033317245611999715,5m,24610876.094903007
2024-10-23 09:50:00,Ez4ErYrcJekCXoE3CN8GDA2rKANfgwHujgRkQNeepump,0.0002938586966543875,0.0003006767927471596,0.0002868370501535468,0.00028956340396441753,5m,4633842.887776999
2024-10-23 09:55:00,Ez4ErYrcJekCXoE3CN8GDA2rKANfgwHujgRkQNeepump,0.0003053597416847761,0.0003053597416847761,0.00029302453068998704,0.0002938586966543875,5m,2888705.5394749995
2024-10-23 10:00:00,Ez4ErYrcJekCXoE3CN8GDA2rKANfgwHujgRkQNeepump,0.00029895284437360056,0.0003053597416847761,0.00029726245150900007,0.0003053597416847761,5m,1627509.6736760004
2024-10-23 10:05:00,Ez4ErYrcJekCXoE3CN8GDA2rKANfgwHujgRkQNeepump,0.00030256900320105795,0.00031214283399101574,0.00029895284437360056,0.00029895284437360056,5m,6107891.847149
2024-10-23 10:10:00,Ez4ErYrcJekCXoE3CN8GDA2rKANfgwHujgRkQNeepump,0.00031573460374263664,0.00031573460374263664,0.00029307177237475004,0.00030256900320105795,5m,5679664.534
2024-10-23 10:15:00,Ez4ErYrcJekCXoE3CN8GDA2rKANfgwHujgRkQNeepump,0.0003528365596729027,0.0003528365596729027,0.00031573460374263664,0.00031573460374263664,5m,6056863.809623
2024-10-23 10:20:00,Ez4ErYrcJekCXoE3CN8GDA2rKANfgwHujgRkQNeepump,0.00034821246245058936,0.0003594153039857754,0.00034547920169864785,0.0003528365596729027,5m,2989707.2812320003
2024-10-23 10:25:00,Ez4ErYrcJekCXoE3CN8GDA2rKANfgwHujgRkQNeepump,0.0003885652643525895,0.0003885652643525895,0.0003473755578188708,0.00034821246245058936,5m,5725828.924622
2024-10-23 10:30:00,Ez4ErYrcJekCXoE3CN8GDA2rKANfgwHujgRkQNeepump,0.000389495727932161,0.000389495727932161,0.0003885652643525895,0.0003885652643525895,5m,287652.477982
2024-10-23 10:35:00,Ez4ErYrcJekCXoE3CN8GDA2rKANfgwHujgRkQNeepump,0.0003680320339907919,0.000392347609662454,0.0003654862806158662,0.000389495727932161,5m,4952753.716783001
2024-10-23 10:40:00,Ez4ErYrcJekCXoE3CN8GDA2rKANfgwHujgRkQNeepump,0.00035931816716245897,0.00036950932371120266,0.0003587928095730038,0.0003680320339907919,5m,1415548.1038839999
2024-10-23 10:45:00,Ez4ErYrcJekCXoE3CN8GDA2rKANfgwHujgRkQNeepump,0.0003477370291069885,0.0003685435802592132,0.0003477370291069885,0.00035931816716245897,5m,5797460.9259049995
2024-10-23 10:50:00,Ez4ErYrcJekCXoE3CN8GDA2rKANfgwHujgRkQNeepump,0.0003444597102382077,0.0003477370291069885,0.0003399096136224319,0.0003477370291069885,5m,989004.2720329999
2024-10-23 10:55:00,Ez4ErYrcJekCXoE3CN8GDA2rKANfgwHujgRkQNeepump,0.00034339773675039567,0.00034503004744599404,0.00033778879395859857,0.0003444597102382077,5m,2183957.360127
2024-10-23 11:00:00,Ez4ErYrcJekCXoE3CN8GDA2rKANfgwHujgRkQNeepump,0.0003585147981854874,0.00036048305090196476,0.0003432059257820223,0.00034339773675039567,5m,2681067.313939
2024-10-23 11:05:00,Ez4ErYrcJekCXoE3CN8GDA2rKANfgwHujgRkQNeepump,0.00036358701318954946,0.00036358701318954946,0.0003585147981854874,0.0003585147981854874,5m,352367.189956
2024-10-23 11:10:00,Ez4ErYrcJekCXoE3CN8GDA2rKANfgwHujgRkQNeepump,0.0003650938394110133,0.0003650938394110133,0.00036358701318954946,0.00036358701318954946,5m,226753.80557
2024-10-23 11:15:00,Ez4ErYrcJekCXoE3CN8GDA2rKANfgwHujgRkQNeepump,0.0003321212037742401,0.0003650938394110133,0.0003321212037742401,0.0003650938394110133,5m,4174472.6932650004
2024-10-23 11:20:00,Ez4ErYrcJekCXoE3CN8GDA2rKANfgwHujgRkQNeepump,0.0003327055000792032,0.00033391206132602375,0.0003321212037742401,0.0003321212037742401,5m,141475.683273
2024-10-23 11:25:00,Ez4ErYrcJekCXoE3CN8GDA2rKANfgwHujgRkQNeepump,0.00032604171620151357,0.00033389470556030755,0.00032604171620151357,0.0003327055000792032,5m,1530547.406493
2024-10-23 11:30:00,Ez4ErYrcJekCXoE3CN8GDA2rKANfgwHujgRkQNeepump,0.0003177154150872659,0.00032604171620151357,0.00031714255469969093,0.00032604171620151357,5m,1699793.7896029998
2024-10-23 11:35:00,Ez4ErYrcJekCXoE3CN8GDA2rKANfgwHujgRkQNeepump,0.00029473665032142993,0.00032232430160643907,0.0002796052743904156,0.0003177154150872659,5m,12982132.588949997
2024-10-23 11:40:00,Ez4ErYrcJekCXoE3CN8GDA2rKANfgwHujgRkQNeepump,0.00030955862972590974,0.00030955862972590974,0.00029473665032142993,0.00029473665032142993,5m,3910184.884048
2024-10-23 11:45:00,Ez4ErYrcJekCXoE3CN8GDA2rKANfgwHujgRkQNeepump,0.0003409502847998171,0.0003415300704716967,0.00030955862972590974,0.00030955862972590974,5m,8118040.949782
2024-10-23 11:50:00,Ez4ErYrcJekCXoE3CN8GDA2rKANfgwHujgRkQNeepump,0.00033891238727778604,0.0003498660795627932,0.00033223952264346135,0.0003409502847998171,5m,5775430.648
2024-10-23 11:55:00,Ez4ErYrcJekCXoE3CN8GDA2rKANfgwHujgRkQNeepump,0.00034088966955224593,0.0003430577778256013,0.00033891238727778604,0.00033891238727778604,5m,572527.042948
2024-10-23 12:00:00,Ez4ErYrcJekCXoE3CN8GDA2rKANfgwHujgRkQNeepump,0.0003404334086330333,0.00034190088160535964,0.0003388275420602677,0.00034088966955224593,5m,522428.753843
2024-10-23 12:05:00,Ez4ErYrcJekCXoE3CN8GDA2rKANfgwHujgRkQNeepump,0.0003545042518245022,0.0003779162254231591,0.0003404334086330333,0.0003404334086330333,5m,9473086.461868
2024-10-23 12:10:00,Ez4ErYrcJekCXoE3CN8GDA2rKANfgwHujgRkQNeepump,0.00034901449924041103,0.0003545042518245022,0.00034901449924041103,0.0003545042518245022,5m,906147.15907
2024-10-23 12:15:00,Ez4ErYrcJekCXoE3CN8GDA2rKANfgwHujgRkQNeepump,0.000366268025931475,0.000366268025931475,0.00034901449924041103,0.00034901449924041103,5m,2093309.934002
2024-10-23 12:20:00,Ez4ErYrcJekCXoE3CN8GDA2rKANfgwHujgRkQNeepump,0.0003885531699497741,0.0003967381864101446,0.000366268025931475,0.000366268025931475,5m,6767229.977577001
2024-10-23 12:25:00,Ez4ErYrcJekCXoE3CN8GDA2rKANfgwHujgRkQNeepump,0.0003733497844733936,0.00039716582435844435,0.0003733497844733936,0.0003885531699497741,5m,7307491.1637470005
2024-10-23 12:30:00,Ez4ErYrcJekCXoE3CN8GDA2rKANfgwHujgRkQNeepump,0.0003708686316960066,0.00037885315890331185,0.00036526482678102924,0.0003733497844733936,5m,4990817.346137
2024-10-23 12:35:00,Ez4ErYrcJekCXoE3CN8GDA2rKANfgwHujgRkQNeepump,0.0003698645987578561,0.00037105930334536757,0.0003698645987578561,0.0003708686316960066,5m,219198.530255
2024-10-23 12:40:00,Ez4ErYrcJekCXoE3CN8GDA2rKANfgwHujgRkQNeepump,0.0003952203120730385,0.0003952203120730385,0.0003696396513141463,0.0003698645987578561,5m,2755702.4042309998
2024-10-23 12:45:00,Ez4ErYrcJekCXoE3CN8GDA2rKANfgwHujgRkQNeepump,0.0003817843399623904,0.000405736920849862,0.0003817843399623904,0.0003952203120730385,5m,4744184.736916
2024-10-23 12:50:00,Ez4ErYrcJekCXoE3CN8GDA2rKANfgwHujgRkQNeepump,0.00039472601530300076,0.00039472601530300076,0.0003817843399623904,0.0003817843399623904,5m,3355468.2753700004
2024-10-23 12:55:00,Ez4ErYrcJekCXoE3CN8GDA2rKANfgwHujgRkQNeepump,0.0004040027294562644,0.0004123393678091231,0.00039472601530300076,0.00039472601530300076,5m,4381193.752513
2024-10-23 13:00:00,Ez4ErYrcJekCXoE3CN8GDA2rKANfgwHujgRkQNeepump,0.0003939325235174376,0.0004040027294562644,0.0003939325235174376,0.0004040027294562644,5m,1524721.83912
2024-10-23 13:05:00,Ez4ErYrcJekCXoE3CN8GDA2rKANfgwHujgRkQNeepump,0.0003934759217711043,0.00039632496579958097,0.0003934759217711043,0.0003939325235174376,5m,201742.932037
2024-10-23 13:10:00,Ez4ErYrcJekCXoE3CN8GDA2rKANfgwHujgRkQNeepump,0.0003930041700513505,0.0003934759217711043,0.00039082001492679315,0.0003934759217711043,5m,364219.165086
2024-10-23 13:15:00,Ez4ErYrcJekCXoE3CN8GDA2rKANfgwHujgRkQNeepump,0.00039673546046544036,0.0003983604462311921,0.0003930041700513505,0.0003930041700513505,5m,721578.8105609999
2024-10-23 13:20:00,Ez4ErYrcJekCXoE3CN8GDA2rKANfgwHujgRkQNeepump,0.0003563960544141102,0.00039673546046544036,0.0003563960544141102,0.00039673546046544036,5m,4813550.589077
2024-10-23 13:25:00,Ez4ErYrcJekCXoE3CN8GDA2rKANfgwHujgRkQNeepump,0.00034490222792378874,0.0003563960544141102,0.00033965729037587384,0.0003563960544141102,5m,3124903.8715960006
2024-10-23 13:30:00,Ez4ErYrcJekCXoE3CN8GDA2rKANfgwHujgRkQNeepump,0.000336792715492755,0.00035103938807999434,0.000336792715492755,0.00034490222792378874,5m,2580717.667917
2024-10-23 13:35:00,Ez4ErYrcJekCXoE3CN8GDA2rKANfgwHujgRkQNeepump,0.0003545474386606067,0.0003545474386606067,0.000336792715492755,0.000336792715492755,5m,2725897.5982879996
2024-10-23 13:40:00,Ez4ErYrcJekCXoE3CN8GDA2rKANfgwHujgRkQNeepump,0.0003647717902941919,0.0003647717902941919,0.0003545474386606067,0.0003545474386606067,5m,684229.4741790001
2024-10-23 13:45:00,Ez4ErYrcJekCXoE3CN8GDA2rKANfgwHujgRkQNeepump,0.0003630853291716998,0.0003659144447645009,0.0003630853291716998,0.0003647717902941919,5m,723063.667379
2024-10-23 13:50:00,Ez4ErYrcJekCXoE3CN8GDA2rKANfgwHujgRkQNeepump,0.00042182858060404923,0.00042670998424431436,0.0003605772989219023,0.0003630853291716998,5m,10223608.528673999
2024-10-23 13:55:00,Ez4ErYrcJekCXoE3CN8GDA2rKANfgwHujgRkQNeepump,0.00044617313725984055,0.00045604625097965654,0.000420570868661798,0.00042182858060404923,5m,4378755.090999001
2024-10-23 14:00:00,Ez4ErYrcJekCXoE3CN8GDA2rKANfgwHujgRkQNeepump,0.00046339168414118886,0.00048154792128426207,0.0004376094072995027,0.00044617313725984055,5m,8884738.557452995
2024-10-23 14:05:00,Ez4ErYrcJekCXoE3CN8GDA2rKANfgwHujgRkQNeepump,0.00047570967233313014,0.00047570967233313014,0.00046339168414118886,0.00046339168414118886,5m,1417980.9746899998
2024-10-23 14:10:00,Ez4ErYrcJekCXoE3CN8GDA2rKANfgwHujgRkQNeepump,0.0005345432399245155,0.0005437973761085316,0.000451410839359132,0.00047570967233313014,5m,12063614.302592002
2024-10-23 14:15:00,Ez4ErYrcJekCXoE3CN8GDA2rKANfgwHujgRkQNeepump,0.0004944442578381534,0.0005359481639400078,0.0004873276383729095,0.0005345432399245155,5m,10212226.942805
2024-10-23 14:20:00,Ez4ErYrcJekCXoE3CN8GDA2rKANfgwHujgRkQNeepump,0.0004689943282394496,0.0004944442578381534,0.00046787597300066596,0.0004944442578381534,5m,7459292.049175
2024-10-23 14:25:00,Ez4ErYrcJekCXoE3CN8GDA2rKANfgwHujgRkQNeepump,0.000540894632066472,0.000540894632066472,0.00046341802071277167,0.0004689943282394496,5m,7568022.7909820005
2024-10-23 14:30:00,Ez4ErYrcJekCXoE3CN8GDA2rKANfgwHujgRkQNeepump,0.0005224103350794643,0.0005945149593948477,0.0004999054439476786,0.000540894632066472,5m,14978979.258742006
2024-10-23 14:35:00,Ez4ErYrcJekCXoE3CN8GDA2rKANfgwHujgRkQNeepump,0.0005180093241344296,0.0005289542598749247,0.0004984588064386017,0.0005224103350794643,5m,8148174.409751998
2024-10-23 14:40:00,Ez4ErYrcJekCXoE3CN8GDA2rKANfgwHujgRkQNeepump,0.00048677333154109224,0.0005180093241344296,0.00048439500730820286,0.0005180093241344296,5m,2984781.593465
2024-10-23 14:45:00,Ez4ErYrcJekCXoE3CN8GDA2rKANfgwHujgRkQNeepump,0.000490392675654585,0.0005181762680251875,0.0004829112158402142,0.00048677333154109224,5m,7002258.466437
2024-10-23 14:50:00,Ez4ErYrcJekCXoE3CN8GDA2rKANfgwHujgRkQNeepump,0.000641909529401502,0.0006890061323888011,0.0004837674551724587,0.000490392675654585,5m,19421687.991626002
2024-10-23 14:55:00,Ez4ErYrcJekCXoE3CN8GDA2rKANfgwHujgRkQNeepump,0.0007990522710698789,0.0007991603562280893,0.000635782476242525,0.000641909529401502,5m,18319894.265013997
2024-10-23 15:00:00,Ez4ErYrcJekCXoE3CN8GDA2rKANfgwHujgRkQNeepump,0.0007757295423918705,0.0008372644682800394,0.0006476393802100109,0.0007990522710698789,5m,30678766.287864007
2024-10-23 15:05:00,Ez4ErYrcJekCXoE3CN8GDA2rKANfgwHujgRkQNeepump,0.0007747203156594388,0.0008733940585986629,0.0007132319839897518,0.0007757295423918705,5m,26576293.72008899
2024-10-23 15:10:00,Ez4ErYrcJekCXoE3CN8GDA2rKANfgwHujgRkQNeepump,0.0007291269900667727,0.0008009391530292714,0.0007233917879419858,0.0007747203156594388,5m,18909121.355701
2024-10-23 15:15:00,Ez4ErYrcJekCXoE3CN8GDA2rKANfgwHujgRkQNeepump,0.0006970344645086229,0.0007498307900266038,0.0006788214151376168,0.0007291269900667727,5m,6920653.746465
2024-10-23 15:20:00,Ez4ErYrcJekCXoE3CN8GDA2rKANfgwHujgRkQNeepump,0.0006803327482644691,0.0007297750808980681,0.000670334970013926,0.0006970344645086229,5m,14498157.549825
2024-10-23 15:25:00,Ez4ErYrcJekCXoE3CN8GDA2rKANfgwHujgRkQNeepump,0.0006880295641116155,0.0007717238369465938,0.0006803327482644691,0.0006803327482644691,5m,9023227.748155998
2024-10-23 15:30:00,Ez4ErYrcJekCXoE3CN8GDA2rKANfgwHujgRkQNeepump,0.0007718969416547881,0.0008162435312776869,0.0006880295641116155,0.0006880295641116155,5m,19217591.239540998
2024-10-23 15:35:00,Ez4ErYrcJekCXoE3CN8GDA2rKANfgwHujgRkQNeepump,0.0007307380128421555,0.0007894775967767889,0.0007307380128421555,0.0007718969416547881,5m,6691948.924639001
2024-10-23 15:40:00,Ez4ErYrcJekCXoE3CN8GDA2rKANfgwHujgRkQNeepump,0.0007975919075377186,0.0011410147195632166,0.0007199969379765285,0.0007307380128421555,5m,32431359.525728002
2024-10-23 15:45:00,Ez4ErYrcJekCXoE3CN8GDA2rKANfgwHujgRkQNeepump,0.000811577776167455,0.0009102931842448198,0.0007412951703901469,0.0007975919075377186,5m,23988498.358983994
2024-10-23 15:50:00,Ez4ErYrcJekCXoE3CN8GDA2rKANfgwHujgRkQNeepump,0.0007426345807373932,0.0008784723384004243,0.000672258978841839,0.000811577776167455,5m,42444758.326475
2024-10-23 15:55:00,Ez4ErYrcJekCXoE3CN8GDA2rKANfgwHujgRkQNeepump,0.0007438060491591347,0.0007464853501157928,0.0007153788001665469,0.0007426345807373932,5m,10006796.933085999
2024-10-23 16:00:00,Ez4ErYrcJekCXoE3CN8GDA2rKANfgwHujgRkQNeepump,0.0007389878357645064,0.0007906327294844508,0.0007204721048190164,0.0007438060491591347,5m,8488879.364304
2024-10-23 16:05:00,Ez4ErYrcJekCXoE3CN8GDA2rKANfgwHujgRkQNeepump,0.0008332826007274539,0.0009012914682224297,0.0007328161424816462,0.0007389878357645064,5m,13264414.970571999
2024-10-23 16:10:00,Ez4ErYrcJekCXoE3CN8GDA2rKANfgwHujgRkQNeepump,0.0006686302310262875,0.0008490103509806868,0.000629049665965804,0.0008332826007274539,5m,47403739.38507502
2024-10-23 16:15:00,Ez4ErYrcJekCXoE3CN8GDA2rKANfgwHujgRkQNeepump,0.0006794960350715868,0.0007698836623760792,0.0006686302310262875,0.0006686302310262875,5m,16461094.784791
2024-10-23 16:20:00,Ez4ErYrcJekCXoE3CN8GDA2rKANfgwHujgRkQNeepump,0.0006941299496955216,0.0007107935385890074,0.0006744428369588973,0.0006794960350715868,5m,5987837.879459
2024-10-23 16:25:00,Ez4ErYrcJekCXoE3CN8GDA2rKANfgwHujgRkQNeepump,0.000713351065829797,0.0007309213145889237,0.0006687287914231368,0.0006941299496955216,5m,9589091.458207
2024-10-23 16:30:00,Ez4ErYrcJekCXoE3CN8GDA2rKANfgwHujgRkQNeepump,0.0007223338119572354,0.0007393423553140872,0.0007072799189876494,0.000713351065829797,5m,5554410.838084001
2024-10-23 16:35:00,Ez4ErYrcJekCXoE3CN8GDA2rKANfgwHujgRkQNeepump,0.0007299217993649539,0.0007715326342517786,0.0007161027366688188,0.0007223338119572354,5m,11190082.975347998
2024-10-23 16:40:00,Ez4ErYrcJekCXoE3CN8GDA2rKANfgwHujgRkQNeepump,0.0007900585185788965,0.0007928107306062698,0.0007299217993649539,0.0007299217993649539,5m,4813497.05082
2024-10-23 16:45:00,Ez4ErYrcJekCXoE3CN8GDA2rKANfgwHujgRkQNeepump,0.0008418022421658907,0.0009712124062073663,0.0007358112605329854,0.0007900585185788965,5m,26624823.350576
2024-10-23 16:50:00,Ez4ErYrcJekCXoE3CN8GDA2rKANfgwHujgRkQNeepump,0.0007865632888984911,0.0008988585818098674,0.0007796891144624249,0.0008418022421658907,5m,17548772.756019
2024-10-23 16:55:00,Ez4ErYrcJekCXoE3CN8GDA2rKANfgwHujgRkQNeepump,0.0007832098494533414,0.0008198842134662382,0.0007586607193460774,0.0007865632888984911,5m,6749663.823792001
2024-10-23 17:00:00,Ez4ErYrcJekCXoE3CN8GDA2rKANfgwHujgRkQNeepump,0.0007426782609348195,0.0008172965721800403,0.0007426782609348195,0.0007832098494533414,5m,7909329.444751
2024-10-23 17:05:00,Ez4ErYrcJekCXoE3CN8GDA2rKANfgwHujgRkQNeepump,0.0007561223652322106,0.0008881118166214633,0.0007296020193401179,0.0007426782609348195,5m,13796195.883103002
2024-10-23 17:10:00,Ez4ErYrcJekCXoE3CN8GDA2rKANfgwHujgRkQNeepump,0.0007412748030274307,0.0007672248827013508,0.0007295986690358997,0.0007561223652322106,5m,4239755.279317
2024-10-23 17:15:00,Ez4ErYrcJekCXoE3CN8GDA2rKANfgwHujgRkQNeepump,0.0008300996712669102,0.0008377537533402951,0.0007362646512875965,0.0007412748030274307,5m,7085528.391851998
2024-10-23 17:20:00,Ez4ErYrcJekCXoE3CN8GDA2rKANfgwHujgRkQNeepump,0.000815342998774377,0.0008381615235200349,0.0008100805207135618,0.0008300996712669102,5m,2738065.337291
2024-10-23 17:25:00,Ez4ErYrcJekCXoE3CN8GDA2rKANfgwHujgRkQNeepump,0.0008101439336606402,0.0008401332069339757,0.0008061879314702294,0.000815342998774377,5m,3305387.464438
2024-10-23 17:30:00,Ez4ErYrcJekCXoE3CN8GDA2rKANfgwHujgRkQNeepump,0.0008219320666443921,0.000845387575386533,0.0008031256610893866,0.0008101439336606402,5m,2991923.168701
2024-10-23 17:35:00,Ez4ErYrcJekCXoE3CN8GDA2rKANfgwHujgRkQNeepump,0.0007828994689526277,0.0008392413087003694,0.0007828994689526277,0.0008219320666443921,5m,3719129.6743489993
2024-10-23 17:40:00,Ez4ErYrcJekCXoE3CN8GDA2rKANfgwHujgRkQNeepump,0.0007978347149369825,0.0007978347149369825,0.0007663867994977529,0.0007828994689526277,5m,2443788.692308
2024-10-23 17:45:00,Ez4ErYrcJekCXoE3CN8GDA2rKANfgwHujgRkQNeepump,0.000826855371757146,0.000839199200594555,0.0007922479613125507,0.0007978347149369825,5m,5582534.50584
2024-10-23 17:50:00,Ez4ErYrcJekCXoE3CN8GDA2rKANfgwHujgRkQNeepump,0.0008223653662524605,0.0008652838521934148,0.0007710191711719826,0.000826855371757146,5m,13716853.135631004
2024-10-23 17:55:00,Ez4ErYrcJekCXoE3CN8GDA2rKANfgwHujgRkQNeepump,0.0008165608074568101,0.0008416320549242145,0.0008088989647019633,0.0008223653662524605,5m,3155807.557987999
2024-10-23 18:00:00,Ez4ErYrcJekCXoE3CN8GDA2rKANfgwHujgRkQNeepump,0.0008295971581181989,0.0008295971581181989,0.000804903107152651,0.0008165608074568101,5m,1375034.426444
2024-10-23 18:05:00,Ez4ErYrcJekCXoE3CN8GDA2rKANfgwHujgRkQNeepump,0.0008811303313389756,0.0009011580932178803,0.000821728700572785,0.0008295971581181989,5m,8079443.401599003
2024-10-23 18:10:00,Ez4ErYrcJekCXoE3CN8GDA2rKANfgwHujgRkQNeepump,0.0009654819808483596,0.0009654819808483596,0.0008717148772670383,0.0008811303313389756,5m,5268194.5589580005
2024-10-23 18:15:00,Ez4ErYrcJekCXoE3CN8GDA2rKANfgwHujgRkQNeepump,0.0009584031437849035,0.0009729031062313793,0.0009007993856293004,0.0009654819808483596,5m,5965070.1927310005
2024-10-23 18:20:00,Ez4ErYrcJekCXoE3CN8GDA2rKANfgwHujgRkQNeepump,0.0009634987110709167,0.0010548127084229148,0.0009584031437849035,0.0009584031437849035,5m,7608258.06585
2024-10-23 18:25:00,Ez4ErYrcJekCXoE3CN8GDA2rKANfgwHujgRkQNeepump,0.0009172192712417844,0.0009674403882683316,0.0008955713580217599,0.0009634987110709167,5m,5395754.435073001
2024-10-23 18:30:00,Ez4ErYrcJekCXoE3CN8GDA2rKANfgwHujgRkQNeepump,0.0010563653946441451,0.0010563653946441451,0.0009094976485816693,0.0009172192712417844,5m,10399434.404488998
2024-10-23 18:35:00,Ez4ErYrcJekCXoE3CN8GDA2rKANfgwHujgRkQNeepump,0.0011552292960598247,0.001215705335641244,0.0010183630602772936,0.0010563653946441451,5m,17848611.831185
2024-10-23 18:40:00,Ez4ErYrcJekCXoE3CN8GDA2rKANfgwHujgRkQNeepump,0.0010321535253686178,0.001161206628994912,0.0009825358558775126,0.0011552292960598247,5m,15842890.363426995
2024-10-23 18:45:00,Ez4ErYrcJekCXoE3CN8GDA2rKANfgwHujgRkQNeepump,0.001094301439610001,0.0010980261862807495,0.0010273913488451577,0.0010321535253686178,5m,5127257.3716
2024-10-23 18:50:00,Ez4ErYrcJekCXoE3CN8GDA2rKANfgwHujgRkQNeepump,0.0010338601993208256,0.0011542993493335648,0.0010338601993208256,0.001094301439610001,5m,6526841.799377999
2024-10-23 18:55:00,Ez4ErYrcJekCXoE3CN8GDA2rKANfgwHujgRkQNeepump,0.0010130858722012398,0.0010338601993208256,0.0009299184988399932,0.0010338601993208256,5m,7352139.242669001
2024-10-23 19:00:00,Ez4ErYrcJekCXoE3CN8GDA2rKANfgwHujgRkQNeepump,0.000894521116640437,0.0010276868955608716,0.0008903243942061024,0.0010130858722012398,5m,7486934.400539
2024-10-23 19:05:00,Ez4ErYrcJekCXoE3CN8GDA2rKANfgwHujgRkQNeepump,0.0008571397263174308,0.0009376070346073818,0.0008320828960721967,0.000894521116640437,5m,19306827.205763
2024-10-23 19:10:00,Ez4ErYrcJekCXoE3CN8GDA2rKANfgwHujgRkQNeepump,0.0007276859532557465,0.0008597762402550384,0.0007224388807003529,0.0008571397263174308,5m,32502221.790502995
2024-10-23 19:15:00,Ez4ErYrcJekCXoE3CN8GDA2rKANfgwHujgRkQNeepump,0.000757956092578772,0.000775149411053783,0.0006102978262872158,0.0007276859532557465,5m,51975083.316667035
2024-10-23 19:20:00,Ez4ErYrcJekCXoE3CN8GDA2rKANfgwHujgRkQNeepump,0.0008376981483366932,0.0009795057145034018,0.0007451560947101008,0.000757956092578772,5m,22171411.427763004
2024-10-23 19:25:00,Ez4ErYrcJekCXoE3CN8GDA2rKANfgwHujgRkQNeepump,0.000745621743079053,0.0008462438087126872,0.0007171576668166866,0.0008376981483366932,5m,31568334.600099
2024-10-23 19:30:00,Ez4ErYrcJekCXoE3CN8GDA2rKANfgwHujgRkQNeepump,0.0006413510405178684,0.0007922911698229655,0.0006187512693448094,0.000745621743079053,5m,36425495.99572103
2024-10-23 19:35:00,Ez4ErYrcJekCXoE3CN8GDA2rKANfgwHujgRkQNeepump,0.0005995821621696545,0.000662563727393136,0.0004904571271039504,0.0006413510405178684,5m,66848490.52208202
2024-10-23 19:40:00,Ez4ErYrcJekCXoE3CN8GDA2rKANfgwHujgRkQNeepump,0.0006544632603284498,0.0006651188279785389,0.0005766828646076368,0.0005995821621696545,5m,16479274.635197997
2024-10-23 19:45:00,Ez4ErYrcJekCXoE3CN8GDA2rKANfgwHujgRkQNeepump,0.0005881990913183359,0.0006544632603284498,0.0005839532492954104,0.0006544632603284498,5m,10028184.285839995
2024-10-23 19:50:00,Ez4ErYrcJekCXoE3CN8GDA2rKANfgwHujgRkQNeepump,0.0005882250833575976,0.0006369548656552674,0.0005790842394747359,0.0005881990913183359,5m,12219589.415352996
2024-10-23 19:55:00,Ez4ErYrcJekCXoE3CN8GDA2rKANfgwHujgRkQNeepump,0.0005671074015466668,0.000611484919662755,0.0005569694745654647,0.0005882250833575976,5m,11535545.65107
2024-10-23 20:00:00,Ez4ErYrcJekCXoE3CN8GDA2rKANfgwHujgRkQNeepump,0.0005959269237604135,0.0006212738740567457,0.0005559264478473155,0.0005671074015466668,5m,12418267.720928002
2024-10-23 20:05:00,Ez4ErYrcJekCXoE3CN8GDA2rKANfgwHujgRkQNeepump,0.0005391928676674158,0.0006044077690025672,0.0005313917910113549,0.0005959269237604135,5m,13954483.651575
2024-10-23 20:10:00,Ez4ErYrcJekCXoE3CN8GDA2rKANfgwHujgRkQNeepump,0.0005679709263409761,0.0005832459798084562,0.0005210925437755311,0.0005391928676674158,5m,14597276.82172
2024-10-23 20:15:00,Ez4ErYrcJekCXoE3CN8GDA2rKANfgwHujgRkQNeepump,0.0005061600966568129,0.0005912401655576348,0.0005029672514975156,0.0005679709263409761,5m,20629253.413362995
2024-10-23 20:20:00,Ez4ErYrcJekCXoE3CN8GDA2rKANfgwHujgRkQNeepump,0.00045471047620965617,0.0005318330879442351,0.0004478802245265336,0.0005061600966568129,5m,29150688.910599995
2024-10-23 20:25:00,Ez4ErYrcJekCXoE3CN8GDA2rKANfgwHujgRkQNeepump,0.0003735822166280339,0.0004616831148450815,0.00035722186927447197,0.00045471047620965617,5m,52871663.59005302
2024-10-23 20:30:00,Ez4ErYrcJekCXoE3CN8GDA2rKANfgwHujgRkQNeepump,0.0005267066180009121,0.0005279715618117736,0.0003640972468437373,0.0003735822166280339,5m,42174878.222083
2024-10-23 20:35:00,Ez4ErYrcJekCXoE3CN8GDA2rKANfgwHujgRkQNeepump,0.0005081432549581505,0.0005276957393134636,0.00045479122244447177,0.0005267066180009121,5m,25079032.497851
2024-10-23 20:40:00,Ez4ErYrcJekCXoE3CN8GDA2rKANfgwHujgRkQNeepump,0.0004751605576544019,0.0005132528660010012,0.0004500038340352913,0.0005081432549581505,5m,20649016.877089996
2024-10-23 20:45:00,Ez4ErYrcJekCXoE3CN8GDA2rKANfgwHujgRkQNeepump,0.0005359619951073283,0.0005393885564306441,0.0004732790204582289,0.0004751605576544019,5m,15742731.227510003
2024-10-23 20:50:00,Ez4ErYrcJekCXoE3CN8GDA2rKANfgwHujgRkQNeepump,0.0005236995832827115,0.0005392247652860206,0.00046386461890685895,0.0005359619951073283,5m,17806890.97488701
2024-10-23 20:55:00,Ez4ErYrcJekCXoE3CN8GDA2rKANfgwHujgRkQNeepump,0.0005362300527639346,0.0006131339587159056,0.0005228451826606576,0.0005236995832827115,5m,19909736.257349
2024-10-23 21:00:00,Ez4ErYrcJekCXoE3CN8GDA2rKANfgwHujgRkQNeepump,0.0004942411942452913,0.0005362300527639346,0.0004907057192865479,0.0005362300527639346,5m,7230492.826654
2024-10-23 21:05:00,Ez4ErYrcJekCXoE3CN8GDA2rKANfgwHujgRkQNeepump,0.0005395032533827011,0.0005441556203964569,0.00047902601550801107,0.0004942411942452913,5m,9737773.391212998
2024-10-23 21:10:00,Ez4ErYrcJekCXoE3CN8GDA2rKANfgwHujgRkQNeepump,0.0005172476923916523,0.0005572735958920771,0.0005141401429341938,0.0005395032533827011,5m,8650439.835966999
2024-10-23 21:15:00,Ez4ErYrcJekCXoE3CN8GDA2rKANfgwHujgRkQNeepump,0.0005205849185630315,0.000528722137321793,0.0005098672300530882,0.0005172476923916523,5m,3841050.519122
2024-10-23 21:20:00,Ez4ErYrcJekCXoE3CN8GDA2rKANfgwHujgRkQNeepump,0.0004986982967256932,0.0005205849185630315,0.0004812299904831405,0.0005205849185630315,5m,7019286.041351
2024-10-23 21:25:00,Ez4ErYrcJekCXoE3CN8GDA2rKANfgwHujgRkQNeepump,0.00046401910311625325,0.0005202339792471368,0.00045920678911681826,0.0004986982967256932,5m,12391065.698307004
2024-10-23 21:30:00,Ez4ErYrcJekCXoE3CN8GDA2rKANfgwHujgRkQNeepump,0.0004186321753453641,0.0004873035100507128,0.0004133419348674007,0.00046401910311625325,5m,17305265.526843
2024-10-23 21:35:00,Ez4ErYrcJekCXoE3CN8GDA2rKANfgwHujgRkQNeepump,0.00037652420614081583,0.0004221620162963297,0.00035547216974593233,0.0004186321753453641,5m,27211336.803710997
2024-10-23 21:40:00,Ez4ErYrcJekCXoE3CN8GDA2rKANfgwHujgRkQNeepump,0.00034692618768074096,0.0003782294373369205,0.00033033296147249095,0.00037652420614081583,5m,24455883.069705002
2024-10-23 21:45:00,Ez4ErYrcJekCXoE3CN8GDA2rKANfgwHujgRkQNeepump,0.0002967912103593191,0.00034952779157514585,0.000288904745045047,0.00034692618768074096,5m,19237762.944089998
2024-10-23 21:50:00,Ez4ErYrcJekCXoE3CN8GDA2rKANfgwHujgRkQNeepump,0.00027683798661814953,0.00032158833380151327,0.00027683798661814953,0.0002967912103593191,5m,27127784.126702994
2024-10-23 21:55:00,Ez4ErYrcJekCXoE3CN8GDA2rKANfgwHujgRkQNeepump,0.0002874241906494038,0.00031351573848421534,0.00027636368306684165,0.00027683798661814953,5m,23052506.15777401
2024-10-23 22:00:00,Ez4ErYrcJekCXoE3CN8GDA2rKANfgwHujgRkQNeepump,0.000252860677458595,0.00031741917555768465,0.0002281873291128514,0.0002874241906494038,5m,83247858.26346597
2024-10-23 22:05:00,Ez4ErYrcJekCXoE3CN8GDA2rKANfgwHujgRkQNeepump,0.0002858309973587243,0.00029772836036463454,0.000252860677458595,0.000252860677458595,5m,17425848.388560995
2024-10-23 22:10:00,Ez4ErYrcJekCXoE3CN8GDA2rKANfgwHujgRkQNeepump,0.0002750074876610013,0.0002895161388826291,0.0002732731957340098,0.0002858309973587243,5m,14072336.590976
2024-10-23 22:15:00,Ez4ErYrcJekCXoE3CN8GDA2rKANfgwHujgRkQNeepump,0.0002839107987938617,0.0002839107987938617,0.00026577505997949706,0.0002750074876610013,5m,17572438.338136
2024-10-23 22:20:00,Ez4ErYrcJekCXoE3CN8GDA2rKANfgwHujgRkQNeepump,0.0002843491560435205,0.00030164932511583256,0.00028291265619442374,0.0002839107987938617,5m,15843198.858869
2024-10-23 22:25:00,Ez4ErYrcJekCXoE3CN8GDA2rKANfgwHujgRkQNeepump,0.0003130479579993209,0.0003384038023096109,0.00028328621784307745,0.0002843491560435205,5m,24229105.720630992
2024-10-23 22:30:00,Ez4ErYrcJekCXoE3CN8GDA2rKANfgwHujgRkQNeepump,0.00032751213510973397,0.0003603314863617451,0.00031251879768786126,0.0003130479579993209,5m,19339862.516589005
2024-10-23 22:35:00,Ez4ErYrcJekCXoE3CN8GDA2rKANfgwHujgRkQNeepump,0.00034205237004805814,0.00034414176705354775,0.0003087888706297756,0.00032751213510973397,5m,14529930.376089001
2024-10-23 22:40:00,Ez4ErYrcJekCXoE3CN8GDA2rKANfgwHujgRkQNeepump,0.0003389365832359455,0.0004210107049334168,0.0003389365832359455,0.00034205237004805814,5m,24090454.641927
2024-10-23 22:45:00,Ez4ErYrcJekCXoE3CN8GDA2rKANfgwHujgRkQNeepump,0.00031604551699403784,0.0003389365832359455,0.00031264337025206364,0.0003389365832359455,5m,4109809.244223
2024-10-23 22:50:00,Ez4ErYrcJekCXoE3CN8GDA2rKANfgwHujgRkQNeepump,0.0003042776896874442,0.00031604551699403784,0.0003042776896874442,0.00031604551699403784,5m,3790557.5613939995
2024-10-23 22:55:00,Ez4ErYrcJekCXoE3CN8GDA2rKANfgwHujgRkQNeepump,0.00031584528749431284,0.00031584528749431284,0.00030093381805926223,0.0003042776896874442,5m,5796925.9019289985
2024-10-23 23:00:00,Ez4ErYrcJekCXoE3CN8GDA2rKANfgwHujgRkQNeepump,0.0003385954643385472,0.00034036139798343545,0.00031584528749431284,0.00031584528749431284,5m,12791531.416788999
2024-10-23 23:05:00,Ez4ErYrcJekCXoE3CN8GDA2rKANfgwHujgRkQNeepump,0.00036815690148878045,0.0003725879903908795,0.0003224735222421651,0.0003385954643385472,5m,31814980.791732997
2024-10-23 23:10:00,Ez4ErYrcJekCXoE3CN8GDA2rKANfgwHujgRkQNeepump,0.00035378310762709364,0.0003856555320080748,0.00035378310762709364,0.00036815690148878045,5m,7743561.154712005
2024-10-23 23:15:00,Ez4ErYrcJekCXoE3CN8GDA2rKANfgwHujgRkQNeepump,0.00038148649177834895,0.0003863987376887687,0.00035378310762709364,0.00035378310762709364,5m,7783369.312600999
2024-10-23 23:20:00,Ez4ErYrcJekCXoE3CN8GDA2rKANfgwHujgRkQNeepump,0.00035148352024899334,0.0003857107436539076,0.00035148352024899334,0.00038148649177834895,5m,8063049.951347998
2024-10-23 23:25:00,Ez4ErYrcJekCXoE3CN8GDA2rKANfgwHujgRkQNeepump,0.0003213495578275523,0.00035148352024899334,0.00030380779024494366,0.00035148352024899334,5m,15160443.259335004
2024-10-23 23:30:00,Ez4ErYrcJekCXoE3CN8GDA2rKANfgwHujgRkQNeepump,0.0004111094168664092,0.0004924019691678591,0.0003213495578275523,0.0003213495578275523,5m,29450557.362951998
2024-10-23 23:35:00,Ez4ErYrcJekCXoE3CN8GDA2rKANfgwHujgRkQNeepump,0.00043305902516752135,0.00044332439174310257,0.0003965218905475882,0.0004111094168664092,5m,10628810.12186
2024-10-23 23:40:00,Ez4ErYrcJekCXoE3CN8GDA2rKANfgwHujgRkQNeepump,0.0004457761728203484,0.0004457761728203484,0.00043305902516752135,0.00043305902516752135,5m,1909464.567444
2024-10-23 23:45:00,Ez4ErYrcJekCXoE3CN8GDA2rKANfgwHujgRkQNeepump,0.0003857944383553972,0.0004457761728203484,0.00038210342345065644,0.0004457761728203484,5m,8798954.058558
2024-10-23 23:50:00,Ez4ErYrcJekCXoE3CN8GDA2rKANfgwHujgRkQNeepump,0.0003748475864034711,0.00038593123336491366,0.0003748475864034711,0.0003857944383553972,5m,1529654.13474
2024-10-23 23:55:00,Ez4ErYrcJekCXoE3CN8GDA2rKANfgwHujgRkQNeepump,0.00037815326514928376,0.0004136630271363557,0.0003703899110600857,0.0003748475864034711,5m,11224026.528801
2024-10-24 00:00:00,Ez4ErYrcJekCXoE3CN8GDA2rKANfgwHujgRkQNeepump,0.00042136102215033233,0.00042606339501340004,0.00037815326514928376,0.00037815326514928376,5m,7444980.506516
2024-10-24 00:05:00,Ez4ErYrcJekCXoE3CN8GDA2rKANfgwHujgRkQNeepump,0.000423700854245603,0.000423700854245603,0.0003956881744056617,0.00042136102215033233,5m,5999189.452069001
2024-10-24 00:10:00,Ez4ErYrcJekCXoE3CN8GDA2rKANfgwHujgRkQNeepump,0.00047528529115120204,0.00048272646888715485,0.000423700854245603,0.000423700854245603,5m,6185016.916976999
2024-10-24 00:15:00,Ez4ErYrcJekCXoE3CN8GDA2rKANfgwHujgRkQNeepump,0.0004535081129595616,0.00047528529115120204,0.000451695691520973,0.00047528529115120204,5m,2584361.72965
2024-10-24 00:20:00,Ez4ErYrcJekCXoE3CN8GDA2rKANfgwHujgRkQNeepump,0.0005100191430839066,0.0007567657604952452,0.0004512949315432566,0.0004535081129595616,5m,44155637.45939101
2024-10-24 00:25:00,Ez4ErYrcJekCXoE3CN8GDA2rKANfgwHujgRkQNeepump,0.0005282016367933484,0.0005353312080385217,0.000502707046091503,0.0005100191430839066,5m,6395333.831735
2024-10-24 00:30:00,Ez4ErYrcJekCXoE3CN8GDA2rKANfgwHujgRkQNeepump,0.00048456812818649766,0.0005329517896556964,0.00048456812818649766,0.0005282016367933484,5m,5846736.330088001
2024-10-24 00:35:00,Ez4ErYrcJekCXoE3CN8GDA2rKANfgwHujgRkQNeepump,0.0004526878377358933,0.0004965633714510768,0.00044367575052089823,0.00048456812818649766,5m,14609290.743731001
2024-10-24 00:40:00,Ez4ErYrcJekCXoE3CN8GDA2rKANfgwHujgRkQNeepump,0.0004626897072923462,0.00046833502148729416,0.0004315956028449874,0.0004526878377358933,5m,6872014.598995999
2024-10-24 00:45:00,Ez4ErYrcJekCXoE3CN8GDA2rKANfgwHujgRkQNeepump,0.0005766273826253822,0.0005847757494650524,0.00045881650955151515,0.0004626897072923462,5m,18287356.6185
2024-10-24 00:50:00,Ez4ErYrcJekCXoE3CN8GDA2rKANfgwHujgRkQNeepump,0.0006355864867778199,0.0006355864867778199,0.0005751188962470319,0.0005766273826253822,5m,10815418.799254999
2024-10-24 00:55:00,Ez4ErYrcJekCXoE3CN8GDA2rKANfgwHujgRkQNeepump,0.0005747104232292033,0.0006406692415771375,0.0005747104232292033,0.0006355864867778199,5m,5306565.679927001
2024-10-24 01:00:00,Ez4ErYrcJekCXoE3CN8GDA2rKANfgwHujgRkQNeepump,0.0005432121835867318,0.000597243844869377,0.0005432121835867318,0.0005747104232292033,5m,8968657.500479
2024-10-24 01:05:00,Ez4ErYrcJekCXoE3CN8GDA2rKANfgwHujgRkQNeepump,0.0005391740260696049,0.0005432121835867318,0.0005379963336471406,0.0005432121835867318,5m,256557.61236899998
2024-10-24 01:10:00,Ez4ErYrcJekCXoE3CN8GDA2rKANfgwHujgRkQNeepump,0.0005140307664792789,0.0005391740260696049,0.0005118613475157156,0.0005391740260696049,5m,2683743.0433220956
2024-10-24 01:15:00,Ez4ErYrcJekCXoE3CN8GDA2rKANfgwHujgRkQNeepump,0.0005120509150179802,0.0005166195801436543,0.0005120509150179802,0.0005140307664792789,5m,790120.0329089665
2024-10-24 01:20:00,Ez4ErYrcJekCXoE3CN8GDA2rKANfgwHujgRkQNeepump,0.0005842608431841572,0.0005986677704337883,0.0005120509150179802,0.0005120509150179802,5m,9126779.580607234
2024-10-24 01:25:00,Ez4ErYrcJekCXoE3CN8GDA2rKANfgwHujgRkQNeepump,0.0005694893484889814,0.0005929821569369796,0.0005662396787455413,0.0005842608431841572,5m,13902843.065222034
2024-10-24 01:30:00,Ez4ErYrcJekCXoE3CN8GDA2rKANfgwHujgRkQNeepump,0.0005741037889263362,0.0005953219149368449,0.0005458465857734362,0.0005694893484889814,5m,41402596.637240425
2024-10-24 01:35:00,Ez4ErYrcJekCXoE3CN8GDA2rKANfgwHujgRkQNeepump,0.0005731972059573378,0.0005839598984998974,0.000565380049724556,0.0005741037889263362,5m,22658002.803808637
2024-10-24 01:40:00,Ez4ErYrcJekCXoE3CN8GDA2rKANfgwHujgRkQNeepump,0.0005185918333323896,0.0005854350188575586,0.0005184939577541775,0.0005731972059573378,5m,39893724.588810615
2024-10-24 01:45:00,Ez4ErYrcJekCXoE3CN8GDA2rKANfgwHujgRkQNeepump,0.0005314565887544992,0.0005405647626892275,0.0005184211089785643,0.0005185918333323896,5m,23364271.75377782
2024-10-24 01:50:00,Ez4ErYrcJekCXoE3CN8GDA2rKANfgwHujgRkQNeepump,0.0005418754933057365,0.0005537583813687182,0.0005309812459377164,0.0005314565887544992,5m,20777263.305630606
2024-10-24 01:55:00,Ez4ErYrcJekCXoE3CN8GDA2rKANfgwHujgRkQNeepump,0.0005411173471658691,0.0005499010695962319,0.000533190770584331,0.0005418754933057365,5m,34770151.54871626
2024-10-24 02:00:00,Ez4ErYrcJekCXoE3CN8GDA2rKANfgwHujgRkQNeepump,0.000575670716543092,0.000575670716543092,0.0005411173471658691,0.0005411173471658691,5m,38222334.77574268
2024-10-24 02:05:00,Ez4ErYrcJekCXoE3CN8GDA2rKANfgwHujgRkQNeepump,0.0005984452074473826,0.0006021999414021719,0.0005747178173325303,0.000575670716543092,5m,40101866.49657929
2024-10-24 02:10:00,Ez4ErYrcJekCXoE3CN8GDA2rKANfgwHujgRkQNeepump,0.0006346030554022446,0.000649049191025072,0.0005979877424356281,0.0005984452074473826,5m,17255876.533612516
2024-10-24 02:15:00,Ez4ErYrcJekCXoE3CN8GDA2rKANfgwHujgRkQNeepump,0.0006408112825279444,0.0006460479848476198,0.0006270961477295421,0.0006346030554022446,5m,10196868.906840824
2024-10-24 02:20:00,Ez4ErYrcJekCXoE3CN8GDA2rKANfgwHujgRkQNeepump,0.0005810518493658009,0.0006512264519845477,0.0005810518493658009,0.0006408112825279444,5m,20609357.744556755
2024-10-24 02:25:00,Ez4ErYrcJekCXoE3CN8GDA2rKANfgwHujgRkQNeepump,0.000586899773385737,0.0005983558331504359,0.0005766824209912093,0.0005810518493658009,5m,11576214.812092744
2024-10-24 02:30:00,Ez4ErYrcJekCXoE3CN8GDA2rKANfgwHujgRkQNeepump,0.0005032455453083073,0.0005923915811369813,0.0004879228707037184,0.000586899773385737,5m,17264177.899665613
2024-10-24 02:35:00,Ez4ErYrcJekCXoE3CN8GDA2rKANfgwHujgRkQNeepump,0.0004999825456072428,0.0005142113473741987,0.0004966430319964651,0.0005032455453083073,5m,3126235.7609001705
2024-10-24 02:40:00,Ez4ErYrcJekCXoE3CN8GDA2rKANfgwHujgRkQNeepump,0.0004678154432266595,0.0004999825456072428,0.0004644307321620736,0.0004999825456072428,5m,3335416.407265994
2024-10-24 02:45:00,Ez4ErYrcJekCXoE3CN8GDA2rKANfgwHujgRkQNeepump,0.0005795246955927843,0.0005978250103240046,0.00046715481473324913,0.0004678154432266595,5m,11652421.008362934
2024-10-24 02:50:00,Ez4ErYrcJekCXoE3CN8GDA2rKANfgwHujgRkQNeepump,0.0005966008273675433,0.0005966008273675433,0.0005736075152461387,0.0005795246955927843,5m,2580676.5365490066
2024-10-24 02:55:00,Ez4ErYrcJekCXoE3CN8GDA2rKANfgwHujgRkQNeepump,0.00062687334787361,0.0006316068843953965,0.000596240493797965,0.0005966008273675433,5m,4091476.2150239833
2024-10-24 03:00:00,Ez4ErYrcJekCXoE3CN8GDA2rKANfgwHujgRkQNeepump,0.0006273873325318257,0.0006367804879254455,0.0006236676778842734,0.00062687334787361,5m,3100515.6493679862
2024-10-24 03:05:00,Ez4ErYrcJekCXoE3CN8GDA2rKANfgwHujgRkQNeepump,0.0005936878631894692,0.0006282606303984146,0.0005917577155018876,0.0006273873325318257,5m,3128972.912632004
2024-10-24 03:10:00,Ez4ErYrcJekCXoE3CN8GDA2rKANfgwHujgRkQNeepump,0.0006169079794692003,0.0006174425701962488,0.0005906684330176401,0.0005936878631894692,5m,1721905.4647770282
2024-10-24 03:15:00,Ez4ErYrcJekCXoE3CN8GDA2rKANfgwHujgRkQNeepump,0.0006105308714550816,0.0006178611701866022,0.0006105308714550816,0.0006169079794692003,5m,1126127.2458480012
2024-10-24 03:20:00,Ez4ErYrcJekCXoE3CN8GDA2rKANfgwHujgRkQNeepump,0.0006073766819626864,0.0006105308714550816,0.0006053191244270039,0.0006105308714550816,5m,463661.6381250004
2024-10-24 03:25:00,Ez4ErYrcJekCXoE3CN8GDA2rKANfgwHujgRkQNeepump,0.0006147286797522174,0.0006147286797522174,0.0005949474910561643,0.0006073766819626864,5m,2664933.1175899985
2024-10-24 03:30:00,Ez4ErYrcJekCXoE3CN8GDA2rKANfgwHujgRkQNeepump,0.0006302280042979797,0.0006823301991484249,0.0006147286797522174,0.0006147286797522174,5m,7941389.312528998
2024-10-24 03:35:00,Ez4ErYrcJekCXoE3CN8GDA2rKANfgwHujgRkQNeepump,0.000641314927651817,0.000641314927651817,0.0006274635342953986,0.0006302280042979797,5m,746208.6107839993
2024-10-24 03:40:00,Ez4ErYrcJekCXoE3CN8GDA2rKANfgwHujgRkQNeepump,0.0006020512023280679,0.000641314927651817,0.0005984758067338907,0.000641314927651817,5m,2875063.552286007
2024-10-24 03:45:00,Ez4ErYrcJekCXoE3CN8GDA2rKANfgwHujgRkQNeepump,0.0006010869397001487,0.0006105121522206433,0.0005767439600356885,0.0006020512023280679,5m,4839928.90448705
2024-10-24 03:50:00,Ez4ErYrcJekCXoE3CN8GDA2rKANfgwHujgRkQNeepump,0.0005797985266117547,0.0006041533729700309,0.0005783893275396073,0.0006010869397001487,5m,3252724.549107017
2024-10-24 03:55:00,Ez4ErYrcJekCXoE3CN8GDA2rKANfgwHujgRkQNeepump,0.0005708297561733915,0.0005797985266117547,0.0005678922566422958,0.0005797985266117547,5m,602860.0222949985
2024-10-24 04:00:00,Ez4ErYrcJekCXoE3CN8GDA2rKANfgwHujgRkQNeepump,0.0005001853628680486,0.0005708297561733915,0.0004946852871247924,0.0005708297561733915,5m,7215952.955529948
2024-10-24 04:05:00,Ez4ErYrcJekCXoE3CN8GDA2rKANfgwHujgRkQNeepump,0.0005183215840867877,0.0005183215840867877,0.0004996985886189278,0.0005001853628680486,5m,4712150.841237737
2024-10-24 04:10:00,Ez4ErYrcJekCXoE3CN8GDA2rKANfgwHujgRkQNeepump,0.0005168987398481478,0.0005220180184184331,0.0005159588759997848,0.0005183215840867877,5m,958272.7469520025
2024-10-24 04:15:00,Ez4ErYrcJekCXoE3CN8GDA2rKANfgwHujgRkQNeepump,0.0005135154224320529,0.0005175211729219198,0.000510786169700198,0.0005168987398481478,5m,322658.490933993
2024-10-24 04:20:00,Ez4ErYrcJekCXoE3CN8GDA2rKANfgwHujgRkQNeepump,0.0005102262041642068,0.0005142536494369939,0.0005102262041642068,0.0005135154224320529,5m,210023.3334400026
2024-10-24 04:25:00,Ez4ErYrcJekCXoE3CN8GDA2rKANfgwHujgRkQNeepump,0.0005044732801654838,0.0005102262041642068,0.0005044732801654838,0.0005102262041642068,5m,500022.0942119981
2024-10-24 04:30:00,Ez4ErYrcJekCXoE3CN8GDA2rKANfgwHujgRkQNeepump,0.0004984497570176742,0.0005044732801654838,0.0004984497570176742,0.0005044732801654838,5m,461562.65928
2024-10-24 04:35:00,Ez4ErYrcJekCXoE3CN8GDA2rKANfgwHujgRkQNeepump,0.00048041681106657035,0.000505744421697786,0.00048041681106657035,0.0004984497570176742,5m,4262516.138497001
2024-10-24 04:40:00,Ez4ErYrcJekCXoE3CN8GDA2rKANfgwHujgRkQNeepump,0.00048379432494482366,0.00048379432494482366,0.00048011919743011294,0.00048041681106657035,5m,300668.571515
2024-10-24 04:45:00,Ez4ErYrcJekCXoE3CN8GDA2rKANfgwHujgRkQNeepump,0.00046841812046938123,0.00048379432494482366,0.00046841812046938123,0.00048379432494482366,5m,1679392.9020269997
2024-10-24 04:50:00,Ez4ErYrcJekCXoE3CN8GDA2rKANfgwHujgRkQNeepump,0.0004576140977112419,0.00046841812046938123,0.0004576140977112419,0.00046841812046938123,5m,1389786.26401
2024-10-24 04:55:00,Ez4ErYrcJekCXoE3CN8GDA2rKANfgwHujgRkQNeepump,0.00045710902273643874,0.0004635940805472295,0.0004497079810478424,0.0004576140977112419,5m,2757694.8509350005
2024-10-24 05:00:00,Ez4ErYrcJekCXoE3CN8GDA2rKANfgwHujgRkQNeepump,0.0004668918235249565,0.0004668918235249565,0.0004554293418783146,0.00045710902273643874,5m,1214726.841192
2024-10-24 05:05:00,Ez4ErYrcJekCXoE3CN8GDA2rKANfgwHujgRkQNeepump,0.00047060249852377644,0.00047060249852377644,0.0004668918235249565,0.0004668918235249565,5m,52834.367585
2024-10-24 05:10:00,Ez4ErYrcJekCXoE3CN8GDA2rKANfgwHujgRkQNeepump,0.00048324547627188975,0.00048324547627188975,0.0004675277144910386,0.00047060249852377644,5m,2163597.022568
2024-10-24 05:15:00,Ez4ErYrcJekCXoE3CN8GDA2rKANfgwHujgRkQNeepump,0.0005028048093423755,0.0005739553351936575,0.00048319805802366167,0.00048324547627188975,5m,14646419.370548999
2024-10-24 05:20:00,Ez4ErYrcJekCXoE3CN8GDA2rKANfgwHujgRkQNeepump,0.0004931790564831638,0.0005028048093423755,0.0004931790564831638,0.0005028048093423755,5m,696274.144995
2024-10-24 05:25:00,Ez4ErYrcJekCXoE3CN8GDA2rKANfgwHujgRkQNeepump,0.00047683892814719543,0.0005051680894495693,0.0004767075432469859,0.0004931790564831638,5m,5308120.240982002
2024-10-24 05:30:00,Ez4ErYrcJekCXoE3CN8GDA2rKANfgwHujgRkQNeepump,0.0004591915588536948,0.00047683892814719543,0.00045888160335524604,0.00047683892814719543,5m,1977995.207409
2024-10-24 05:35:00,Ez4ErYrcJekCXoE3CN8GDA2rKANfgwHujgRkQNeepump,0.00045775721567489276,0.0004611625468360052,0.00045775721567489276,0.0004591915588536948,5m,347587.654629
2024-10-24 05:40:00,Ez4ErYrcJekCXoE3CN8GDA2rKANfgwHujgRkQNeepump,0.0004696484843554515,0.00047828510861599603,0.00045775721567489276,0.00045775721567489276,5m,3639831.0809319997
