datetime,address,c,h,l,o,type,v
2024-11-11 22:45:00,qfAV15JCvquMYpjGGkhQGr8x2zTiw14pCpUCjXLpump,8.838413160984361e-05,0.00020792374369410114,4.798585110938632e-05,7.607104467864891e-05,5m,871491228.8924898
2024-11-11 22:50:00,qfAV15JCvquMYpjGGkhQGr8x2zTiw14pCpUCjXLpump,0.00034042061656654296,0.0005545953114154486,7.146870863597134e-05,8.838413160984361e-05,5m,1238290705.3992548
2024-11-11 22:55:00,qfAV15JCvquMYpjGGkhQGr8x2zTiw14pCpUCjXLpump,0.0007312507983570023,0.001328127227910817,0.00029239210941585635,0.00034042061656654296,5m,2838599435.4141703
2024-11-11 23:00:00,qfAV15JCvquMYpjGGkhQGr8x2zTiw14pCpUCjXLpump,0.0012636502739110825,0.0013715017396962426,0.0006212115913920138,0.0007312507983570023,5m,838546440.4351432
2024-11-11 23:05:00,qfAV15JCvquMYpjGGkhQGr8x2zTiw14pCpUCjXLpump,0.0014259348064931336,0.001906943025597734,0.0011436764638616881,0.0012636502739110825,5m,627504349.5139714
2024-11-11 23:10:00,qfAV15JCvquMYpjGGkhQGr8x2zTiw14pCpUCjXLpump,0.0015828427759271271,0.0018444137422859476,0.0010652360660111785,0.0014259348064931336,5m,353950799.94242007
2024-11-11 23:15:00,qfAV15JCvquMYpjGGkhQGr8x2zTiw14pCpUCjXLpump,0.0012480443236199876,0.0018361097386622464,0.0010759216466680694,0.0015828427759271271,5m,313042628.2773389
2024-11-11 23:20:00,qfAV15JCvquMYpjGGkhQGr8x2zTiw14pCpUCjXLpump,0.001707943625922268,0.0018981039420303402,0.0011098051092671463,0.0012480443236199876,5m,175001486.31201214
2024-11-11 23:25:00,qfAV15JCvquMYpjGGkhQGr8x2zTiw14pCpUCjXLpump,0.0018638266134335725,0.0021477139765433777,0.0014306174309208798,0.001707943625922268,5m,150661370.47815886
2024-11-11 23:30:00,qfAV15JCvquMYpjGGkhQGr8x2zTiw14pCpUCjXLpump,0.001477555897029698,0.00196045931280409,0.001207141596019207,0.0018638266134335725,5m,213289422.08612686
2024-11-11 23:35:00,qfAV15JCvquMYpjGGkhQGr8x2zTiw14pCpUCjXLpump,0.0017283316320548445,0.0018781862195799302,0.0010218315234802099,0.001477555897029698,5m,323423106.83166677
2024-11-11 23:40:00,qfAV15JCvquMYpjGGkhQGr8x2zTiw14pCpUCjXLpump,0.0018331432107667105,0.0022311711785278094,0.0015565908079257192,0.0017283316320548445,5m,220762585.67754012
2024-11-11 23:45:00,qfAV15JCvquMYpjGGkhQGr8x2zTiw14pCpUCjXLpump,0.0022958378086795463,0.0028980995779291233,0.0018331432107667105,0.0018331432107667105,5m,198215945.65372807
2024-11-11 23:50:00,qfAV15JCvquMYpjGGkhQGr8x2zTiw14pCpUCjXLpump,0.0019073250291707505,0.0031927822052348668,0.0017338795446525154,0.0022958378086795463,5m,230466827.7962739
2024-11-11 23:55:00,qfAV15JCvquMYpjGGkhQGr8x2zTiw14pCpUCjXLpump,0.0018922081281038435,0.0023660532475062216,0.0017685648730458563,0.0019073250291707505,5m,84240268.325683
2024-11-12 00:00:00,qfAV15JCvquMYpjGGkhQGr8x2zTiw14pCpUCjXLpump,0.0017127819559715402,0.002355506630969219,0.0016198228492983844,0.0018922081281038435,5m,123879931.42535101
2024-11-12 00:05:00,qfAV15JCvquMYpjGGkhQGr8x2zTiw14pCpUCjXLpump,0.0017564692123735665,0.002180179511774019,0.0017127819559715402,0.0017127819559715402,5m,56469061.28501202
2024-11-12 00:10:00,qfAV15JCvquMYpjGGkhQGr8x2zTiw14pCpUCjXLpump,0.0015179990875679508,0.0018964322821553446,0.0011767925879361922,0.0017564692123735665,5m,153687216.40127295
2024-11-12 00:15:00,qfAV15JCvquMYpjGGkhQGr8x2zTiw14pCpUCjXLpump,0.0013361443294717373,0.00158802430866967,0.0009960128756561007,0.0015179990875679508,5m,201736765.3647238
2024-11-12 00:20:00,qfAV15JCvquMYpjGGkhQGr8x2zTiw14pCpUCjXLpump,0.0015438079266444737,0.0017330369763247846,0.0013313944976187679,0.0013361443294717373,5m,66208008.55900702
2024-11-12 00:25:00,qfAV15JCvquMYpjGGkhQGr8x2zTiw14pCpUCjXLpump,0.0015901441094797381,0.001896592231317436,0.0015438079266444737,0.0015438079266444737,5m,62403528.701221995
2024-11-12 00:30:00,qfAV15JCvquMYpjGGkhQGr8x2zTiw14pCpUCjXLpump,0.0016190145721082713,0.002349921683134112,0.0015823198658721641,0.0015901441094797381,5m,57243804.10665398
2024-11-12 00:35:00,qfAV15JCvquMYpjGGkhQGr8x2zTiw14pCpUCjXLpump,0.0016808278356145083,0.0016808278356145083,0.0014268836056370172,0.0016190145721082713,5m,30406089.49687299
2024-11-12 00:40:00,qfAV15JCvquMYpjGGkhQGr8x2zTiw14pCpUCjXLpump,0.0018423135563894514,0.0020766474764515363,0.0016584666452529439,0.0016808278356145083,5m,43591143.660261005
2024-11-12 00:45:00,qfAV15JCvquMYpjGGkhQGr8x2zTiw14pCpUCjXLpump,0.00243840101839935,0.002851443130361876,0.0017805478396351433,0.0018423135563894514,5m,101363437.04856096
2024-11-12 00:50:00,qfAV15JCvquMYpjGGkhQGr8x2zTiw14pCpUCjXLpump,0.0019380794080292802,0.0024429897171436023,0.0018090437310088478,0.00243840101839935,5m,51213286.70125799
2024-11-12 00:55:00,qfAV15JCvquMYpjGGkhQGr8x2zTiw14pCpUCjXLpump,0.0027040305564015143,0.0030143350263545582,0.0019380794080292802,0.0019380794080292802,5m,62248067.295833
2024-11-12 01:00:00,qfAV15JCvquMYpjGGkhQGr8x2zTiw14pCpUCjXLpump,0.002712401922187023,0.003493495345211317,0.0025085970433857026,0.0027040305564015143,5m,63409323.00501301
2024-11-12 01:05:00,qfAV15JCvquMYpjGGkhQGr8x2zTiw14pCpUCjXLpump,0.0026003989460756717,0.0028364305927122556,0.0022758430534964053,0.002712401922187023,5m,26409096.54054398
2024-11-12 01:10:00,qfAV15JCvquMYpjGGkhQGr8x2zTiw14pCpUCjXLpump,0.0029829378178459595,0.005256801992319449,0.0021128591165248817,0.0026003989460756717,5m,100015084.95276089
2024-11-12 01:15:00,qfAV15JCvquMYpjGGkhQGr8x2zTiw14pCpUCjXLpump,0.0029361520164299087,0.003880583390864127,0.002684097492964959,0.0029829378178459595,5m,43746768.83403999
2024-11-12 01:20:00,qfAV15JCvquMYpjGGkhQGr8x2zTiw14pCpUCjXLpump,0.002940223381291739,0.003226665772988563,0.0025942831899444423,0.0029361520164299087,5m,52523580.37069796
2024-11-12 01:25:00,qfAV15JCvquMYpjGGkhQGr8x2zTiw14pCpUCjXLpump,0.002928504672917143,0.002946710200288143,0.0025549855348034733,0.002940223381291739,5m,20381496.322628997
2024-11-12 01:30:00,qfAV15JCvquMYpjGGkhQGr8x2zTiw14pCpUCjXLpump,0.002777097084389267,0.0029358166166495074,0.002199032518739752,0.002928504672917143,5m,77356737.76763508
2024-11-12 01:35:00,qfAV15JCvquMYpjGGkhQGr8x2zTiw14pCpUCjXLpump,0.003547589790264517,0.0058913661741433025,0.0025596411038166862,0.002777097084389267,5m,81106109.18293208
2024-11-12 01:40:00,qfAV15JCvquMYpjGGkhQGr8x2zTiw14pCpUCjXLpump,0.0030686392824956494,0.003706455285471926,0.0029165715681222374,0.003547589790264517,5m,61651875.20244306
2024-11-12 01:45:00,qfAV15JCvquMYpjGGkhQGr8x2zTiw14pCpUCjXLpump,0.003482428835523922,0.005139910538270419,0.00297152711919195,0.0030686392824956494,5m,70010603.41216902
2024-11-12 01:50:00,qfAV15JCvquMYpjGGkhQGr8x2zTiw14pCpUCjXLpump,0.003944126028005133,0.004497972716774943,0.003472420132369073,0.003482428835523922,5m,67950779.23141502
2024-11-12 01:55:00,qfAV15JCvquMYpjGGkhQGr8x2zTiw14pCpUCjXLpump,0.004136453221912469,0.0042418104465014655,0.003317752720531941,0.003944126028005133,5m,30861274.731398024
2024-11-12 02:00:00,qfAV15JCvquMYpjGGkhQGr8x2zTiw14pCpUCjXLpump,0.003987484874953412,0.004780757378920748,0.003603567298517904,0.004136453221912469,5m,26654315.338266984
2024-11-12 02:05:00,qfAV15JCvquMYpjGGkhQGr8x2zTiw14pCpUCjXLpump,0.0037166343437223296,0.004202499236956522,0.003366619954574741,0.003987484874953412,5m,25822301.700625032
2024-11-12 02:10:00,qfAV15JCvquMYpjGGkhQGr8x2zTiw14pCpUCjXLpump,0.0036381761813804063,0.00375847452548845,0.003258795396560877,0.0037166343437223296,5m,15153138.295458002
2024-11-12 02:15:00,qfAV15JCvquMYpjGGkhQGr8x2zTiw14pCpUCjXLpump,0.0032601651071016875,0.0036462826921285847,0.0031814922514586245,0.0036381761813804063,5m,12389402.893650996
2024-11-12 02:20:00,qfAV15JCvquMYpjGGkhQGr8x2zTiw14pCpUCjXLpump,0.002881057151025473,0.0034376452693723083,0.002726971775361956,0.0032601651071016875,5m,24999577.699463006
2024-11-12 02:25:00,qfAV15JCvquMYpjGGkhQGr8x2zTiw14pCpUCjXLpump,0.0028967682218083795,0.003151616667178868,0.0026573292140087005,0.002881057151025473,5m,42035269.39228001
2024-11-12 02:30:00,qfAV15JCvquMYpjGGkhQGr8x2zTiw14pCpUCjXLpump,0.0027782115719907252,0.0029343325110839954,0.0024769632266630538,0.0028967682218083795,5m,42588019.17886302
2024-11-12 02:35:00,qfAV15JCvquMYpjGGkhQGr8x2zTiw14pCpUCjXLpump,0.0037717183025012986,0.004051958076481987,0.002757396827770124,0.0027782115719907252,5m,50273318.17228604
2024-11-12 02:40:00,qfAV15JCvquMYpjGGkhQGr8x2zTiw14pCpUCjXLpump,0.003335063793098917,0.004049576186865646,0.003134365955268164,0.0037717183025012986,5m,34514550.03192497
2024-11-12 02:45:00,qfAV15JCvquMYpjGGkhQGr8x2zTiw14pCpUCjXLpump,0.002917426939046847,0.0036515066710539994,0.002651092853588429,0.003335063793098917,5m,35838579.033566974
2024-11-12 02:50:00,qfAV15JCvquMYpjGGkhQGr8x2zTiw14pCpUCjXLpump,0.003187701703419965,0.0032051459532131707,0.002848158946146008,0.002917426939046847,5m,22193449.27570598
2024-11-12 02:55:00,qfAV15JCvquMYpjGGkhQGr8x2zTiw14pCpUCjXLpump,0.003361488831687532,0.003361488831687532,0.0031325103654090093,0.003187701703419965,5m,6642178.827215002
2024-11-12 03:00:00,qfAV15JCvquMYpjGGkhQGr8x2zTiw14pCpUCjXLpump,0.0027171261966389784,0.003361488831687532,0.0025393790170049886,0.003361488831687532,5m,29847798.917667005
2024-11-12 03:05:00,qfAV15JCvquMYpjGGkhQGr8x2zTiw14pCpUCjXLpump,0.0032750454032683877,0.0032861083126340834,0.002642329990515064,0.0027171261966389784,5m,20668098.734112006
2024-11-12 03:10:00,qfAV15JCvquMYpjGGkhQGr8x2zTiw14pCpUCjXLpump,0.0035253709679581922,0.0037426264559048553,0.0032509968694484745,0.0032750454032683877,5m,20257908.04640699
2024-11-12 03:15:00,qfAV15JCvquMYpjGGkhQGr8x2zTiw14pCpUCjXLpump,0.0033322165882868457,0.0035299678627555846,0.0029838553979284416,0.0035253709679581922,5m,17519427.89997501
2024-11-12 03:20:00,qfAV15JCvquMYpjGGkhQGr8x2zTiw14pCpUCjXLpump,0.0035276791105940696,0.0035276791105940696,0.0030397104577762502,0.0033322165882868457,5m,11007694.683962008
2024-11-12 03:25:00,qfAV15JCvquMYpjGGkhQGr8x2zTiw14pCpUCjXLpump,0.0038429642940579684,0.0041510251253719,0.0035276791105940696,0.0035276791105940696,5m,27058481.713945005
2024-11-12 03:30:00,qfAV15JCvquMYpjGGkhQGr8x2zTiw14pCpUCjXLpump,0.003660075395761255,0.00428026959498443,0.003441438957806959,0.0038429642940579684,5m,27373516.393436998
2024-11-12 03:35:00,qfAV15JCvquMYpjGGkhQGr8x2zTiw14pCpUCjXLpump,0.0036096227296184375,0.00389672520958393,0.00345098122065668,0.003660075395761255,5m,12234985.294185007
2024-11-12 03:40:00,qfAV15JCvquMYpjGGkhQGr8x2zTiw14pCpUCjXLpump,0.0036983788727189067,0.004384192729118582,0.0033973152306946866,0.0036096227296184375,5m,25823539.736225
2024-11-12 03:45:00,qfAV15JCvquMYpjGGkhQGr8x2zTiw14pCpUCjXLpump,0.0035589979548509196,0.004058242686738308,0.0035363085250618522,0.0036983788727189067,5m,11086437.306194
2024-11-12 03:50:00,qfAV15JCvquMYpjGGkhQGr8x2zTiw14pCpUCjXLpump,0.003784604842894045,0.003913441243756688,0.0035300018533974396,0.0035589979548509196,5m,7051063.788217001
2024-11-12 03:55:00,qfAV15JCvquMYpjGGkhQGr8x2zTiw14pCpUCjXLpump,0.003755744710933118,0.004080186483825482,0.003601439038222461,0.003784604842894045,5m,13340885.274267009
2024-11-12 04:00:00,qfAV15JCvquMYpjGGkhQGr8x2zTiw14pCpUCjXLpump,0.002988041453062482,0.003762747990021152,0.0027265654267134907,0.003755744710933118,5m,32056545.516550995
2024-11-12 04:05:00,qfAV15JCvquMYpjGGkhQGr8x2zTiw14pCpUCjXLpump,0.003156661096380332,0.003481576324225207,0.002988041453062482,0.002988041453062482,5m,14515171.566413008
2024-11-12 04:10:00,qfAV15JCvquMYpjGGkhQGr8x2zTiw14pCpUCjXLpump,0.0036395735260965198,0.00366334036914658,0.003156661096380332,0.003156661096380332,5m,13747897.223243998
2024-11-12 04:15:00,qfAV15JCvquMYpjGGkhQGr8x2zTiw14pCpUCjXLpump,0.003546627403920658,0.0038659261234818996,0.003402065457769711,0.0036395735260965198,5m,14460637.077918
2024-11-12 04:20:00,qfAV15JCvquMYpjGGkhQGr8x2zTiw14pCpUCjXLpump,0.003509139731506233,0.003546627403920658,0.0032303156464077594,0.003546627403920658,5m,9143969.471837997
2024-11-12 04:25:00,qfAV15JCvquMYpjGGkhQGr8x2zTiw14pCpUCjXLpump,0.003329886386130417,0.003708773461981943,0.0030407818421516516,0.003509139731506233,5m,14142063.618426006
2024-11-12 04:30:00,qfAV15JCvquMYpjGGkhQGr8x2zTiw14pCpUCjXLpump,0.003129006578350325,0.0033610068523979965,0.0029728929954955107,0.003329886386130417,5m,9233190.169049002
2024-11-12 04:35:00,qfAV15JCvquMYpjGGkhQGr8x2zTiw14pCpUCjXLpump,0.002896366720977759,0.0032361749293906015,0.002896366720977759,0.003129006578350325,5m,13287837.717424994
2024-11-12 04:40:00,qfAV15JCvquMYpjGGkhQGr8x2zTiw14pCpUCjXLpump,0.003074660079627384,0.0031489733724345483,0.00275781913066433,0.002896366720977759,5m,8947159.106775997
2024-11-12 04:45:00,qfAV15JCvquMYpjGGkhQGr8x2zTiw14pCpUCjXLpump,0.0029338822699543792,0.00317743757059776,0.0027924087557211446,0.003074660079627384,5m,11016496.503955994
2024-11-12 04:50:00,qfAV15JCvquMYpjGGkhQGr8x2zTiw14pCpUCjXLpump,0.002777173503207385,0.003112870734004222,0.0023963429718463682,0.0029338822699543792,5m,23230300.55591901
2024-11-12 04:55:00,qfAV15JCvquMYpjGGkhQGr8x2zTiw14pCpUCjXLpump,0.00281338025747803,0.0030866427413113887,0.0026953023829811985,0.002777173503207385,5m,11346165.35879101
2024-11-12 05:00:00,qfAV15JCvquMYpjGGkhQGr8x2zTiw14pCpUCjXLpump,0.0028115846990857127,0.003047638788782521,0.0028043524095391435,0.00281338025747803,5m,8859937.479044003
2024-11-12 05:05:00,qfAV15JCvquMYpjGGkhQGr8x2zTiw14pCpUCjXLpump,0.002711472876713576,0.0029217422989223627,0.0026855079938195654,0.0028115846990857127,5m,9166517.218793
2024-11-12 05:10:00,qfAV15JCvquMYpjGGkhQGr8x2zTiw14pCpUCjXLpump,0.00266352524189749,0.0027262486224903263,0.0024316458129597634,0.002711472876713576,5m,16468368.890676001
2024-11-12 05:15:00,qfAV15JCvquMYpjGGkhQGr8x2zTiw14pCpUCjXLpump,0.0025088867317869883,0.002775446986364411,0.002166353922683813,0.00266352524189749,5m,33697862.068821006
2024-11-12 05:20:00,qfAV15JCvquMYpjGGkhQGr8x2zTiw14pCpUCjXLpump,0.002401078614053229,0.002625208110486663,0.0021758655966636607,0.0025088867317869883,5m,26812773.35567701
2024-11-12 05:25:00,qfAV15JCvquMYpjGGkhQGr8x2zTiw14pCpUCjXLpump,0.0022146902383539026,0.0025214777820628986,0.0021271003054834257,0.002401078614053229,5m,27107045.86041001
2024-11-12 05:30:00,qfAV15JCvquMYpjGGkhQGr8x2zTiw14pCpUCjXLpump,0.0017672936514393934,0.0022993705174651053,0.0013373038184084256,0.0022146902383539026,5m,106228256.21701904
2024-11-12 05:35:00,qfAV15JCvquMYpjGGkhQGr8x2zTiw14pCpUCjXLpump,0.0019535349134198582,0.002034371944414373,0.0017348543492781638,0.0017672936514393934,5m,43729212.75135904
2024-11-12 05:40:00,qfAV15JCvquMYpjGGkhQGr8x2zTiw14pCpUCjXLpump,0.001939998383675788,0.0020485784528834947,0.0018381868063885882,0.0019535349134198582,5m,16389504.142458998
2024-11-12 05:45:00,qfAV15JCvquMYpjGGkhQGr8x2zTiw14pCpUCjXLpump,0.002030812376207253,0.002102543561378326,0.0018846832620575526,0.001939998383675788,5m,14839289.061885992
2024-11-12 05:50:00,qfAV15JCvquMYpjGGkhQGr8x2zTiw14pCpUCjXLpump,0.0019271119558698314,0.0020491128393392423,0.0016874946029896052,0.002030812376207253,5m,31241443.507448003
2024-11-12 05:55:00,qfAV15JCvquMYpjGGkhQGr8x2zTiw14pCpUCjXLpump,0.0019722524248104293,0.0020524934616101475,0.0019271119558698314,0.0019271119558698314,5m,10710999.138913998
2024-11-12 06:00:00,qfAV15JCvquMYpjGGkhQGr8x2zTiw14pCpUCjXLpump,0.002118963388020855,0.002118963388020855,0.001886770025255916,0.0019722524248104293,5m,6863092.728304001
2024-11-12 06:05:00,qfAV15JCvquMYpjGGkhQGr8x2zTiw14pCpUCjXLpump,0.0020859152819325904,0.002231284408835712,0.0019227654766255965,0.002118963388020855,5m,15109135.951720001
2024-11-12 06:10:00,qfAV15JCvquMYpjGGkhQGr8x2zTiw14pCpUCjXLpump,0.0019976050093294985,0.0021268709816766327,0.001661114729759607,0.0020859152819325904,5m,25145789.119883
2024-11-12 06:15:00,qfAV15JCvquMYpjGGkhQGr8x2zTiw14pCpUCjXLpump,0.0023125589423967138,0.0024246463732119873,0.001930611107761912,0.0019976050093294985,5m,24186311.300973006
2024-11-12 06:20:00,qfAV15JCvquMYpjGGkhQGr8x2zTiw14pCpUCjXLpump,0.002076946354126084,0.0023125589423967138,0.001895491970733454,0.0023125589423967138,5m,29572502.77449001
2024-11-12 06:25:00,qfAV15JCvquMYpjGGkhQGr8x2zTiw14pCpUCjXLpump,0.0020761141783786157,0.002134099616498643,0.0020606303740159457,0.002076946354126084,5m,3938971.6111709997
2024-11-12 06:30:00,qfAV15JCvquMYpjGGkhQGr8x2zTiw14pCpUCjXLpump,0.0018499666404815337,0.0020761141783786157,0.0018007098998568227,0.0020761141783786157,5m,13856736.104414001
2024-11-12 06:35:00,qfAV15JCvquMYpjGGkhQGr8x2zTiw14pCpUCjXLpump,0.001965482796660927,0.0020561294879712392,0.0017617365702609902,0.0018499666404815337,5m,15977385.848731996
2024-11-12 06:40:00,qfAV15JCvquMYpjGGkhQGr8x2zTiw14pCpUCjXLpump,0.0019453257809219364,0.0020000791484569504,0.0017419959438246888,0.001965482796660927,5m,11955571.012656994
2024-11-12 06:45:00,qfAV15JCvquMYpjGGkhQGr8x2zTiw14pCpUCjXLpump,0.0020332969380555533,0.002071605997613773,0.0018902332398910463,0.0019453257809219364,5m,6837704.891273999
2024-11-12 06:50:00,qfAV15JCvquMYpjGGkhQGr8x2zTiw14pCpUCjXLpump,0.0022103034853429163,0.002266273493682128,0.0020308696876899916,0.0020332969380555533,5m,10153661.156584008
2024-11-12 06:55:00,qfAV15JCvquMYpjGGkhQGr8x2zTiw14pCpUCjXLpump,0.0020023980997532173,0.0022188559335751127,0.001993872854241109,0.0022103034853429163,5m,6779165.966329
2024-11-12 07:00:00,qfAV15JCvquMYpjGGkhQGr8x2zTiw14pCpUCjXLpump,0.0019542041342479376,0.002035280834282995,0.0019244857062410369,0.0020023980997532173,5m,4458184.592054999
2024-11-12 07:05:00,qfAV15JCvquMYpjGGkhQGr8x2zTiw14pCpUCjXLpump,0.0025783934668289405,0.00269557398812339,0.0017035582460598168,0.0019542041342479376,5m,42019717.03045098
2024-11-12 07:10:00,qfAV15JCvquMYpjGGkhQGr8x2zTiw14pCpUCjXLpump,0.002522799230440694,0.0029206225273605622,0.002522799230440694,0.0025783934668289405,5m,15436361.922533996
2024-11-12 07:15:00,qfAV15JCvquMYpjGGkhQGr8x2zTiw14pCpUCjXLpump,0.00269193826866088,0.002970930521603828,0.002505835817979359,0.002522799230440694,5m,15411021.466342
2024-11-12 07:20:00,qfAV15JCvquMYpjGGkhQGr8x2zTiw14pCpUCjXLpump,0.002916343172474012,0.0029393341339791416,0.0025488865674110164,0.00269193826866088,5m,6626952.565978001
2024-11-12 07:25:00,qfAV15JCvquMYpjGGkhQGr8x2zTiw14pCpUCjXLpump,0.00269503469737321,0.0029401629586975667,0.0026317841479195944,0.002916343172474012,5m,6192664.806618999
2024-11-12 07:30:00,qfAV15JCvquMYpjGGkhQGr8x2zTiw14pCpUCjXLpump,0.002563931779387262,0.002732211156478384,0.002433077544437294,0.00269503469737321,5m,6459159.368320998
2024-11-12 07:35:00,qfAV15JCvquMYpjGGkhQGr8x2zTiw14pCpUCjXLpump,0.002521655196984951,0.002578350698859345,0.0023700385905502056,0.002563931779387262,5m,8253921.208200002
2024-11-12 07:40:00,qfAV15JCvquMYpjGGkhQGr8x2zTiw14pCpUCjXLpump,0.0025923409308233106,0.0026797999191512985,0.0025133474730212584,0.002521655196984951,5m,5599963.696267001
2024-11-12 07:45:00,qfAV15JCvquMYpjGGkhQGr8x2zTiw14pCpUCjXLpump,0.002382220654401349,0.0025923409308233106,0.002330249950241119,0.0025923409308233106,5m,4654083.4773579985
2024-11-12 07:50:00,qfAV15JCvquMYpjGGkhQGr8x2zTiw14pCpUCjXLpump,0.0026660693779162565,0.0026775042094584344,0.0023671845670779957,0.002382220654401349,5m,4725580.919730001
2024-11-12 07:55:00,qfAV15JCvquMYpjGGkhQGr8x2zTiw14pCpUCjXLpump,0.002665299989324312,0.0026871155666333985,0.0026424861466576802,0.0026660693779162565,5m,1627655.6431940002
2024-11-12 08:00:00,qfAV15JCvquMYpjGGkhQGr8x2zTiw14pCpUCjXLpump,0.002878278364534801,0.0029816908616883122,0.0025517818205842754,0.002665299989324312,5m,10800755.132603997
2024-11-12 08:05:00,qfAV15JCvquMYpjGGkhQGr8x2zTiw14pCpUCjXLpump,0.0027293433748701635,0.0029023899631066765,0.0027078232661297574,0.002878278364534801,5m,5467301.631772
2024-11-12 08:10:00,qfAV15JCvquMYpjGGkhQGr8x2zTiw14pCpUCjXLpump,0.002751113146144497,0.0028313932964846955,0.002720530308224569,0.0027293433748701635,5m,3622817.6575720003
2024-11-12 08:15:00,qfAV15JCvquMYpjGGkhQGr8x2zTiw14pCpUCjXLpump,0.0026259897352502483,0.00278593202295368,0.002611699106175331,0.002751113146144497,5m,2522915.663441
2024-11-12 08:20:00,qfAV15JCvquMYpjGGkhQGr8x2zTiw14pCpUCjXLpump,0.00254550169168008,0.0026689668923626005,0.0025372279718791266,0.0026259897352502483,5m,3062193.6730999993
2024-11-12 08:25:00,qfAV15JCvquMYpjGGkhQGr8x2zTiw14pCpUCjXLpump,0.00267799688736002,0.00267799688736002,0.0025177952462407767,0.00254550169168008,5m,2647201.7249580002
2024-11-12 08:30:00,qfAV15JCvquMYpjGGkhQGr8x2zTiw14pCpUCjXLpump,0.0027829634006577265,0.0027829634006577265,0.002638377393344338,0.00267799688736002,5m,3644811.7702119993
2024-11-12 08:35:00,qfAV15JCvquMYpjGGkhQGr8x2zTiw14pCpUCjXLpump,0.0028936114848613693,0.0029097178154538998,0.0027829634006577265,0.0027829634006577265,5m,1728266.8983760003
2024-11-12 08:40:00,qfAV15JCvquMYpjGGkhQGr8x2zTiw14pCpUCjXLpump,0.0027356768191827106,0.002972073491245838,0.002735246841733858,0.0028936114848613693,5m,2909357.0336139994
2024-11-12 08:45:00,qfAV15JCvquMYpjGGkhQGr8x2zTiw14pCpUCjXLpump,0.0025669407003575534,0.0027415854467631885,0.0025308887354602142,0.0027356768191827106,5m,4555882.160204001
2024-11-12 08:50:00,qfAV15JCvquMYpjGGkhQGr8x2zTiw14pCpUCjXLpump,0.002519827545678181,0.002586349053696792,0.0024917391905648852,0.0025669407003575534,5m,4685916.513588
2024-11-12 08:55:00,qfAV15JCvquMYpjGGkhQGr8x2zTiw14pCpUCjXLpump,0.002576238692076499,0.002576238692076499,0.00249299524546684,0.002519827545678181,5m,2071743.3126020003
2024-11-12 09:00:00,qfAV15JCvquMYpjGGkhQGr8x2zTiw14pCpUCjXLpump,0.0027991086067234673,0.0028150178305778825,0.002576238692076499,0.002576238692076499,5m,3113100.720159
2024-11-12 09:05:00,qfAV15JCvquMYpjGGkhQGr8x2zTiw14pCpUCjXLpump,0.002620620972661839,0.0027991086067234673,0.002620620972661839,0.0027991086067234673,5m,1817853.6008629997
2024-11-12 09:10:00,qfAV15JCvquMYpjGGkhQGr8x2zTiw14pCpUCjXLpump,0.0026382411853586767,0.002733981733011266,0.002620620972661839,0.002620620972661839,5m,2604629.4918120005
2024-11-12 09:15:00,qfAV15JCvquMYpjGGkhQGr8x2zTiw14pCpUCjXLpump,0.0024658533013549,0.0026509228815025615,0.002446196835220724,0.0026382411853586767,5m,3671296.1216070005
2024-11-12 09:20:00,qfAV15JCvquMYpjGGkhQGr8x2zTiw14pCpUCjXLpump,0.0023529571588214314,0.0024658533013549,0.0023529571588214314,0.0024658533013549,5m,1677934.4959039998
2024-11-12 09:25:00,qfAV15JCvquMYpjGGkhQGr8x2zTiw14pCpUCjXLpump,0.0022713920409408524,0.0023672972262433335,0.0022536457110978346,0.0023529571588214314,5m,5658055.767476999
2024-11-12 09:30:00,qfAV15JCvquMYpjGGkhQGr8x2zTiw14pCpUCjXLpump,0.0021043793933149513,0.0022713920409408524,0.002079261891650199,0.0022713920409408524,5m,12044458.545021001
2024-11-12 09:35:00,qfAV15JCvquMYpjGGkhQGr8x2zTiw14pCpUCjXLpump,0.0020698368739269016,0.002252940362577138,0.0019858140400828036,0.0021043793933149513,5m,11589691.803552996
2024-11-12 09:40:00,qfAV15JCvquMYpjGGkhQGr8x2zTiw14pCpUCjXLpump,0.0020789030719330255,0.0020789030719330255,0.001977755849313498,0.0020698368739269016,5m,3275904.298927999
2024-11-12 09:45:00,qfAV15JCvquMYpjGGkhQGr8x2zTiw14pCpUCjXLpump,0.002139648886774247,0.002159323017775994,0.0020594144356054244,0.0020789030719330255,5m,3810189.508375
2024-11-12 09:50:00,qfAV15JCvquMYpjGGkhQGr8x2zTiw14pCpUCjXLpump,0.0019423906198458882,0.002139648886774247,0.0018175203710797186,0.002139648886774247,5m,13740465.310554001
2024-11-12 09:55:00,qfAV15JCvquMYpjGGkhQGr8x2zTiw14pCpUCjXLpump,0.0020205319817129855,0.0023245373752238804,0.001931579802265979,0.0019423906198458882,5m,14087096.879737996
2024-11-12 10:00:00,qfAV15JCvquMYpjGGkhQGr8x2zTiw14pCpUCjXLpump,0.002175859271851895,0.0025744202099802042,0.0020190388169547724,0.0020205319817129855,5m,13563825.031945001
2024-11-12 10:05:00,qfAV15JCvquMYpjGGkhQGr8x2zTiw14pCpUCjXLpump,0.0021867377624811067,0.0022082104237069393,0.0021369880904568974,0.002175859271851895,5m,1892933.816216
2024-11-12 10:10:00,qfAV15JCvquMYpjGGkhQGr8x2zTiw14pCpUCjXLpump,0.002115524574883316,0.002202305935331311,0.002115372068568523,0.0021867377624811067,5m,1626305.489497
2024-11-12 10:15:00,qfAV15JCvquMYpjGGkhQGr8x2zTiw14pCpUCjXLpump,0.0022089857108106496,0.0022089857108106496,0.002098235408079793,0.002115524574883316,5m,2028289.6311710004
2024-11-12 10:20:00,qfAV15JCvquMYpjGGkhQGr8x2zTiw14pCpUCjXLpump,0.002048045702792698,0.0022123321004923445,0.002048045702792698,0.0022089857108106496,5m,2941592.929463
2024-11-12 10:25:00,qfAV15JCvquMYpjGGkhQGr8x2zTiw14pCpUCjXLpump,0.002027828624388571,0.002129111692786972,0.0020246130906297517,0.002048045702792698,5m,5352821.230551999
2024-11-12 10:30:00,qfAV15JCvquMYpjGGkhQGr8x2zTiw14pCpUCjXLpump,0.002017204631343768,0.002064441303433104,0.001983187487380778,0.002027828624388571,5m,3598578.0492279995
2024-11-12 10:35:00,qfAV15JCvquMYpjGGkhQGr8x2zTiw14pCpUCjXLpump,0.0021235478194570273,0.0021235478194570273,0.002007198072604484,0.002017204631343768,5m,3068272.3064969997
2024-11-12 10:40:00,qfAV15JCvquMYpjGGkhQGr8x2zTiw14pCpUCjXLpump,0.002287203222475706,0.002320106159175471,0.002119426533659126,0.0021235478194570273,5m,5650002.577963999
2024-11-12 10:45:00,qfAV15JCvquMYpjGGkhQGr8x2zTiw14pCpUCjXLpump,0.0022759418317118154,0.0022964792719446956,0.0021772148201427747,0.002287203222475706,5m,4667683.520374001
2024-11-12 10:50:00,qfAV15JCvquMYpjGGkhQGr8x2zTiw14pCpUCjXLpump,0.0022019508026169957,0.0022759418317118154,0.0021863923560847967,0.0022759418317118154,5m,2715107.9851149996
2024-11-12 10:55:00,qfAV15JCvquMYpjGGkhQGr8x2zTiw14pCpUCjXLpump,0.0020499593437876182,0.002205211589521283,0.002036460973052591,0.0022019508026169957,5m,6113814.490522001
2024-11-12 11:00:00,qfAV15JCvquMYpjGGkhQGr8x2zTiw14pCpUCjXLpump,0.0017953475685879225,0.0020555457080146397,0.001780005799769979,0.0020499593437876182,5m,14116781.197430994
2024-11-12 11:05:00,qfAV15JCvquMYpjGGkhQGr8x2zTiw14pCpUCjXLpump,0.0019702758311935685,0.00229307460879464,0.0017685509192853714,0.0017953475685879225,5m,16909676.489905998
2024-11-12 11:10:00,qfAV15JCvquMYpjGGkhQGr8x2zTiw14pCpUCjXLpump,0.0019759880753761876,0.002000952844066354,0.0019551705274862843,0.0019702758311935685,5m,2108944.223721
2024-11-12 11:15:00,qfAV15JCvquMYpjGGkhQGr8x2zTiw14pCpUCjXLpump,0.00202280649216417,0.002029167718203458,0.001937460856774258,0.0019759880753761876,5m,4626105.612605999
2024-11-12 11:20:00,qfAV15JCvquMYpjGGkhQGr8x2zTiw14pCpUCjXLpump,0.0020866438651214268,0.002096684464176216,0.001989672193473203,0.00202280649216417,5m,4071946.258382001
2024-11-12 11:25:00,qfAV15JCvquMYpjGGkhQGr8x2zTiw14pCpUCjXLpump,0.002324366722258751,0.0023447025375936833,0.0020863112668569137,0.0020866438651214268,5m,8007520.834238999
2024-11-12 11:30:00,qfAV15JCvquMYpjGGkhQGr8x2zTiw14pCpUCjXLpump,0.002328249950235054,0.0024590472785119095,0.002181287599770601,0.002324366722258751,5m,11125709.028800996
2024-11-12 11:35:00,qfAV15JCvquMYpjGGkhQGr8x2zTiw14pCpUCjXLpump,0.002423611146195539,0.002479167674782149,0.002315340003676791,0.002328249950235054,5m,5824718.970035999
2024-11-12 11:40:00,qfAV15JCvquMYpjGGkhQGr8x2zTiw14pCpUCjXLpump,0.0025517482181783087,0.0026709001441864526,0.002389209997311419,0.002423611146195539,5m,8980518.341600005
2024-11-12 11:45:00,qfAV15JCvquMYpjGGkhQGr8x2zTiw14pCpUCjXLpump,0.0025036774189738905,0.0025892259442111256,0.0024462491799116448,0.0025517482181783087,5m,6232167.744832001
2024-11-12 11:50:00,qfAV15JCvquMYpjGGkhQGr8x2zTiw14pCpUCjXLpump,0.0027236404755584423,0.00276820206484835,0.0024714444438870206,0.0025036774189738905,5m,4895517.642213998
2024-11-12 11:55:00,qfAV15JCvquMYpjGGkhQGr8x2zTiw14pCpUCjXLpump,0.002774527189628609,0.0029361979766517076,0.0026501970627006975,0.0027236404755584423,5m,5169858.8888989985
2024-11-12 12:00:00,qfAV15JCvquMYpjGGkhQGr8x2zTiw14pCpUCjXLpump,0.002632275631831402,0.0027912761098371434,0.0025395811272026997,0.002774527189628609,5m,7620856.4854190005
2024-11-12 12:05:00,qfAV15JCvquMYpjGGkhQGr8x2zTiw14pCpUCjXLpump,0.0025345752982753756,0.0027186432070263732,0.0025040201309620698,0.002632275631831402,5m,5051007.310468
2024-11-12 12:10:00,qfAV15JCvquMYpjGGkhQGr8x2zTiw14pCpUCjXLpump,0.002369320170594614,0.0025458712815379465,0.002356805906584709,0.0025345752982753756,5m,3333129.316789
2024-11-12 12:15:00,qfAV15JCvquMYpjGGkhQGr8x2zTiw14pCpUCjXLpump,0.00243702778323728,0.002447725588904899,0.002346139768628226,0.002369320170594614,5m,3755226.1872290005
2024-11-12 12:20:00,qfAV15JCvquMYpjGGkhQGr8x2zTiw14pCpUCjXLpump,0.00267781549268932,0.00267781549268932,0.002419456782382834,0.00243702778323728,5m,5351502.314796998
2024-11-12 12:25:00,qfAV15JCvquMYpjGGkhQGr8x2zTiw14pCpUCjXLpump,0.0025622770438318314,0.00267781549268932,0.0025369773425765164,0.00267781549268932,5m,1974058.4617730002
2024-11-12 12:30:00,qfAV15JCvquMYpjGGkhQGr8x2zTiw14pCpUCjXLpump,0.0030047703233653305,0.00324280364828598,0.002529830035016212,0.0025622770438318314,5m,14557248.24997
2024-11-12 12:35:00,qfAV15JCvquMYpjGGkhQGr8x2zTiw14pCpUCjXLpump,0.00310655180503144,0.0033009708317897632,0.0025981634016347573,0.0030047703233653305,5m,12572592.411453005
2024-11-12 12:40:00,qfAV15JCvquMYpjGGkhQGr8x2zTiw14pCpUCjXLpump,0.0029123578739266164,0.003121705133458073,0.0027461075894875003,0.00310655180503144,5m,8354582.165678002
2024-11-12 12:45:00,qfAV15JCvquMYpjGGkhQGr8x2zTiw14pCpUCjXLpump,0.0028390018653058143,0.0029797639856683797,0.0028002612467239348,0.0029123578739266164,5m,3764786.204138
2024-11-12 12:50:00,qfAV15JCvquMYpjGGkhQGr8x2zTiw14pCpUCjXLpump,0.002716407831962962,0.0028680989779704172,0.0026869508016550314,0.0028390018653058143,5m,4181441.945450001
2024-11-12 12:55:00,qfAV15JCvquMYpjGGkhQGr8x2zTiw14pCpUCjXLpump,0.0025453093178841933,0.0027299939517817975,0.0025453093178841933,0.002716407831962962,5m,3325695.6347990013
2024-11-12 13:00:00,qfAV15JCvquMYpjGGkhQGr8x2zTiw14pCpUCjXLpump,0.002443913274163472,0.002581657966742351,0.002443913274163472,0.0025453093178841933,5m,4309521.9147029985
2024-11-12 13:05:00,qfAV15JCvquMYpjGGkhQGr8x2zTiw14pCpUCjXLpump,0.002489549332760694,0.002746506653710243,0.002443913274163472,0.002443913274163472,5m,6372870.691730999
2024-11-12 13:10:00,qfAV15JCvquMYpjGGkhQGr8x2zTiw14pCpUCjXLpump,0.002315471005923862,0.002491087217523749,0.0022497838498797633,0.002489549332760694,5m,4850388.040232998
2024-11-12 13:15:00,qfAV15JCvquMYpjGGkhQGr8x2zTiw14pCpUCjXLpump,0.0024287407462769335,0.0026959112572799617,0.0022879382189099837,0.002315471005923862,5m,10355747.535927001
2024-11-12 13:20:00,qfAV15JCvquMYpjGGkhQGr8x2zTiw14pCpUCjXLpump,0.0023774825024627296,0.002446316351243587,0.002305943820304685,0.0024287407462769335,5m,2716141.4503440005
2024-11-12 13:25:00,qfAV15JCvquMYpjGGkhQGr8x2zTiw14pCpUCjXLpump,0.0023409538670163803,0.002412642524026711,0.0022402914896096815,0.0023774825024627296,5m,4033799.204736
2024-11-12 13:30:00,qfAV15JCvquMYpjGGkhQGr8x2zTiw14pCpUCjXLpump,0.002484110299301728,0.00248488205135315,0.002335789396729583,0.0023409538670163803,5m,2063206.6387440003
2024-11-12 13:35:00,qfAV15JCvquMYpjGGkhQGr8x2zTiw14pCpUCjXLpump,0.0026102074294682416,0.0026102074294682416,0.002420247053241975,0.002484110299301728,5m,6536421.058780002
2024-11-12 13:40:00,qfAV15JCvquMYpjGGkhQGr8x2zTiw14pCpUCjXLpump,0.0025862668987813972,0.002662227334814422,0.002521301844996726,0.0026102074294682416,5m,4787125.9075339995
2024-11-12 13:45:00,qfAV15JCvquMYpjGGkhQGr8x2zTiw14pCpUCjXLpump,0.002160853131378086,0.0025862668987813972,0.0019941580934752005,0.0025862668987813972,5m,15149596.075134002
2024-11-12 13:50:00,qfAV15JCvquMYpjGGkhQGr8x2zTiw14pCpUCjXLpump,0.002099017891399804,0.002181164616414203,0.0019008995598742012,0.002160853131378086,5m,20607194.147727005
2024-11-12 13:55:00,qfAV15JCvquMYpjGGkhQGr8x2zTiw14pCpUCjXLpump,0.00208458734945936,0.0021613359091826496,0.0020192972813802587,0.002099017891399804,5m,11564968.640718006
2024-11-12 14:00:00,qfAV15JCvquMYpjGGkhQGr8x2zTiw14pCpUCjXLpump,0.00212183459164189,0.0022320842474191143,0.0020622493152201234,0.00208458734945936,5m,5967230.966008
2024-11-12 14:05:00,qfAV15JCvquMYpjGGkhQGr8x2zTiw14pCpUCjXLpump,0.0019736255397441727,0.002126683165610542,0.0018764353237906034,0.00212183459164189,5m,11263942.826386001
2024-11-12 14:10:00,qfAV15JCvquMYpjGGkhQGr8x2zTiw14pCpUCjXLpump,0.002302742095366613,0.0023688841150339207,0.0019463474376493252,0.0019736255397441727,5m,12460558.824738001
2024-11-12 14:15:00,qfAV15JCvquMYpjGGkhQGr8x2zTiw14pCpUCjXLpump,0.002665842698549173,0.0026896490425896927,0.002289905818910682,0.002302742095366613,5m,9026276.271840999
2024-11-12 14:20:00,qfAV15JCvquMYpjGGkhQGr8x2zTiw14pCpUCjXLpump,0.0030761444467202,0.0036637543357904965,0.0024280473289770847,0.002665842698549173,5m,18636080.823062997
2024-11-12 14:25:00,qfAV15JCvquMYpjGGkhQGr8x2zTiw14pCpUCjXLpump,0.002931061710443568,0.0033621754286228835,0.0029259219507793374,0.0030761444467202,5m,20277137.819071
2024-11-12 14:30:00,qfAV15JCvquMYpjGGkhQGr8x2zTiw14pCpUCjXLpump,0.0031287251306924,0.00323358988826706,0.0028740517823871835,0.002931061710443568,5m,9455760.489949007
2024-11-12 14:35:00,qfAV15JCvquMYpjGGkhQGr8x2zTiw14pCpUCjXLpump,0.0030626011740762372,0.0033479449854254602,0.0030626011740762372,0.0031287251306924,5m,7323179.168234999
2024-11-12 14:40:00,qfAV15JCvquMYpjGGkhQGr8x2zTiw14pCpUCjXLpump,0.0032026528637408465,0.0032026528637408465,0.0029763312402569055,0.0030626011740762372,5m,5385587.319169
2024-11-12 14:45:00,qfAV15JCvquMYpjGGkhQGr8x2zTiw14pCpUCjXLpump,0.003344684296585239,0.003344684296585239,0.003182245395728785,0.0032026528637408465,5m,3306512.446299
2024-11-12 14:50:00,qfAV15JCvquMYpjGGkhQGr8x2zTiw14pCpUCjXLpump,0.00326168421339185,0.0036319517280475914,0.0032138119012122,0.003344684296585239,5m,8402282.671715992
2024-11-12 14:55:00,qfAV15JCvquMYpjGGkhQGr8x2zTiw14pCpUCjXLpump,0.0030803605179823036,0.00411299105910922,0.0030092271794043886,0.00326168421339185,5m,13341145.842453003
2024-11-12 15:00:00,qfAV15JCvquMYpjGGkhQGr8x2zTiw14pCpUCjXLpump,0.002843655978953629,0.003100703377509393,0.0026033276471207024,0.0030803605179823036,5m,12992226.073059
2024-11-12 15:05:00,qfAV15JCvquMYpjGGkhQGr8x2zTiw14pCpUCjXLpump,0.002821126143258356,0.002899624401679543,0.0027123735684767584,0.002843655978953629,5m,5637732.323931002
2024-11-12 15:10:00,qfAV15JCvquMYpjGGkhQGr8x2zTiw14pCpUCjXLpump,0.0026986082880658137,0.0028313410783402616,0.0026323418470639752,0.002821126143258356,5m,5221614.1271330025
2024-11-12 15:15:00,qfAV15JCvquMYpjGGkhQGr8x2zTiw14pCpUCjXLpump,0.0027451921042016126,0.0028176707250870637,0.002683888414618455,0.0026986082880658137,5m,2844448.9631000003
2024-11-12 15:20:00,qfAV15JCvquMYpjGGkhQGr8x2zTiw14pCpUCjXLpump,0.0026125339581821463,0.0027714061269961,0.00255587672970187,0.0027451921042016126,5m,4616649.397387998
2024-11-12 15:25:00,qfAV15JCvquMYpjGGkhQGr8x2zTiw14pCpUCjXLpump,0.0025156266978552063,0.0026588323685873753,0.0024733136267637065,0.0026125339581821463,5m,5397490.243778
2024-11-12 15:30:00,qfAV15JCvquMYpjGGkhQGr8x2zTiw14pCpUCjXLpump,0.0026183137232086416,0.0026183137232086416,0.00251207610872607,0.0025156266978552063,5m,1547475.33536
2024-11-12 15:35:00,qfAV15JCvquMYpjGGkhQGr8x2zTiw14pCpUCjXLpump,0.002621487651160311,0.0027118877381310663,0.002602426221490405,0.0026183137232086416,5m,2052920.441107
2024-11-12 15:40:00,qfAV15JCvquMYpjGGkhQGr8x2zTiw14pCpUCjXLpump,0.002516138048516295,0.002621487651160311,0.0025015785493289343,0.002621487651160311,5m,1405580.450407
2024-11-12 15:45:00,qfAV15JCvquMYpjGGkhQGr8x2zTiw14pCpUCjXLpump,0.0023323578450330433,0.002547103982065375,0.0023154242955121503,0.002516138048516295,5m,5700091.775365999
2024-11-12 15:50:00,qfAV15JCvquMYpjGGkhQGr8x2zTiw14pCpUCjXLpump,0.0025088849162763064,0.00255511105366139,0.0022065715863983904,0.0023323578450330433,5m,13149368.107531004
2024-11-12 15:55:00,qfAV15JCvquMYpjGGkhQGr8x2zTiw14pCpUCjXLpump,0.0026897298589476947,0.0027199222669419547,0.0025088849162763064,0.0025088849162763064,5m,6476464.254544002
2024-11-12 16:00:00,qfAV15JCvquMYpjGGkhQGr8x2zTiw14pCpUCjXLpump,0.0026666245616730625,0.0027033808737883932,0.002553814121797575,0.0026897298589476947,5m,5411507.190651
2024-11-12 16:05:00,qfAV15JCvquMYpjGGkhQGr8x2zTiw14pCpUCjXLpump,0.002702491647524653,0.0027177837136499296,0.002647491011720204,0.0026666245616730625,5m,2945124.7824480003
2024-11-12 16:10:00,qfAV15JCvquMYpjGGkhQGr8x2zTiw14pCpUCjXLpump,0.0026552887100223257,0.0027316619300548836,0.0026396517903549696,0.002702491647524653,5m,3036074.407937
2024-11-12 16:15:00,qfAV15JCvquMYpjGGkhQGr8x2zTiw14pCpUCjXLpump,0.0027231432904707854,0.0027662739318511285,0.0026421085880232653,0.0026552887100223257,5m,2013917.1208799996
2024-11-12 16:20:00,qfAV15JCvquMYpjGGkhQGr8x2zTiw14pCpUCjXLpump,0.0028739413612454295,0.0029078760064496336,0.0026008960888493724,0.0027231432904707854,5m,7194943.195283001
2024-11-12 16:25:00,qfAV15JCvquMYpjGGkhQGr8x2zTiw14pCpUCjXLpump,0.002867579406137564,0.0030694962114390153,0.0028278903131537417,0.0028739413612454295,5m,6976996.365752002
2024-11-12 16:30:00,qfAV15JCvquMYpjGGkhQGr8x2zTiw14pCpUCjXLpump,0.002920593924237961,0.002949585596576604,0.0027856216891642763,0.002867579406137564,5m,3462239.8280579997
2024-11-12 16:35:00,qfAV15JCvquMYpjGGkhQGr8x2zTiw14pCpUCjXLpump,0.003277710322448614,0.0033147439346795935,0.0028742023846399204,0.002920593924237961,5m,6994617.385813999
2024-11-12 16:40:00,qfAV15JCvquMYpjGGkhQGr8x2zTiw14pCpUCjXLpump,0.0033517123750392702,0.0034796939123492025,0.003273995982790811,0.003277710322448614,5m,6174739.586584
2024-11-12 16:45:00,qfAV15JCvquMYpjGGkhQGr8x2zTiw14pCpUCjXLpump,0.003130884240644146,0.0034349620996418115,0.003130884240644146,0.0033517123750392702,5m,4498497.513374
2024-11-12 16:50:00,qfAV15JCvquMYpjGGkhQGr8x2zTiw14pCpUCjXLpump,0.0031229450179567925,0.003225955718749786,0.0031151715877196064,0.003130884240644146,5m,2893964.0531740007
2024-11-12 16:55:00,qfAV15JCvquMYpjGGkhQGr8x2zTiw14pCpUCjXLpump,0.003256766016071617,0.0032805539648385804,0.003112316515633814,0.0031229450179567925,5m,5080051.841600999
2024-11-12 17:00:00,qfAV15JCvquMYpjGGkhQGr8x2zTiw14pCpUCjXLpump,0.0031125188963305366,0.003292141381399638,0.0031054421856177117,0.003256766016071617,5m,1793159.7850749996
2024-11-12 17:05:00,qfAV15JCvquMYpjGGkhQGr8x2zTiw14pCpUCjXLpump,0.002831290760215994,0.0031125188963305366,0.002809799902192067,0.0031125188963305366,5m,4275147.301745
2024-11-12 17:10:00,qfAV15JCvquMYpjGGkhQGr8x2zTiw14pCpUCjXLpump,0.002810422456316508,0.0029086885095246685,0.0027874313232993638,0.002831290760215994,5m,2719848.656443999
2024-11-12 17:15:00,qfAV15JCvquMYpjGGkhQGr8x2zTiw14pCpUCjXLpump,0.002521159774348101,0.002926228485944946,0.002372875744538134,0.002810422456316508,5m,19428244.713276003
2024-11-12 17:20:00,qfAV15JCvquMYpjGGkhQGr8x2zTiw14pCpUCjXLpump,0.0025608662982604786,0.002695104390668572,0.002405979147027776,0.002521159774348101,5m,16874140.878511995
2024-11-12 17:25:00,qfAV15JCvquMYpjGGkhQGr8x2zTiw14pCpUCjXLpump,0.0024283101150819795,0.0025642784327666716,0.0021545458201151107,0.0025608662982604786,5m,20109137.552400015
2024-11-12 17:30:00,qfAV15JCvquMYpjGGkhQGr8x2zTiw14pCpUCjXLpump,0.0025693932112151843,0.0026603719722831346,0.0024283101150819795,0.0024283101150819795,5m,7547303.794996
2024-11-12 17:35:00,qfAV15JCvquMYpjGGkhQGr8x2zTiw14pCpUCjXLpump,0.002601101533769593,0.0026013398601670065,0.002541821983993857,0.0025693932112151843,5m,2933681.534510999
2024-11-12 17:40:00,qfAV15JCvquMYpjGGkhQGr8x2zTiw14pCpUCjXLpump,0.0025359243332961977,0.0026196070449103063,0.0025359243332961977,0.002601101533769593,5m,1222442.371545
2024-11-12 17:45:00,qfAV15JCvquMYpjGGkhQGr8x2zTiw14pCpUCjXLpump,0.0022724735559324543,0.002549435724770529,0.0022033737120230753,0.0025359243332961977,5m,14451588.759579992
2024-11-12 17:50:00,qfAV15JCvquMYpjGGkhQGr8x2zTiw14pCpUCjXLpump,0.002445364531635374,0.0025684681212112203,0.0022463226947723068,0.0022724735559324543,5m,9355391.593355
2024-11-12 17:55:00,qfAV15JCvquMYpjGGkhQGr8x2zTiw14pCpUCjXLpump,0.0023220308067592858,0.002445364531635374,0.002167075421317848,0.002445364531635374,5m,7845481.741568
2024-11-12 18:00:00,qfAV15JCvquMYpjGGkhQGr8x2zTiw14pCpUCjXLpump,0.0022198938452387532,0.0023220308067592858,0.0021731070728994535,0.0023220308067592858,5m,5353578.779310001
2024-11-12 18:05:00,qfAV15JCvquMYpjGGkhQGr8x2zTiw14pCpUCjXLpump,0.0022296944291544875,0.002326405959610429,0.0022198938452387532,0.0022198938452387532,5m,4566104.548040001
2024-11-12 18:10:00,qfAV15JCvquMYpjGGkhQGr8x2zTiw14pCpUCjXLpump,0.0022120494888808293,0.0023133510539148855,0.00206838935232025,0.0022296944291544875,5m,9998816.089923998
2024-11-12 18:15:00,qfAV15JCvquMYpjGGkhQGr8x2zTiw14pCpUCjXLpump,0.0023253112120169813,0.0023514286426175608,0.0021734199993805486,0.0022120494888808293,5m,5791092.632368999
2024-11-12 18:20:00,qfAV15JCvquMYpjGGkhQGr8x2zTiw14pCpUCjXLpump,0.0025694385003281026,0.002881167850844813,0.0022920509363531724,0.0023253112120169813,5m,17827865.381306995
2024-11-12 18:25:00,qfAV15JCvquMYpjGGkhQGr8x2zTiw14pCpUCjXLpump,0.0026151355325388552,0.0029026060856538927,0.0025326804195007317,0.0025694385003281026,5m,12279282.093179008
2024-11-12 18:30:00,qfAV15JCvquMYpjGGkhQGr8x2zTiw14pCpUCjXLpump,0.0024852026334153303,0.002658341179439654,0.002480227119703249,0.0026151355325388552,5m,3271802.382098997
2024-11-12 18:35:00,qfAV15JCvquMYpjGGkhQGr8x2zTiw14pCpUCjXLpump,0.0023261343780804295,0.0024852026334153303,0.0022428949006163216,0.0024852026334153303,5m,5885332.1568260025
2024-11-12 18:40:00,qfAV15JCvquMYpjGGkhQGr8x2zTiw14pCpUCjXLpump,0.0022570035198566777,0.0023889102949175775,0.0022531836126477613,0.0023261343780804295,5m,2692164.2941090004
2024-11-12 18:45:00,qfAV15JCvquMYpjGGkhQGr8x2zTiw14pCpUCjXLpump,0.002477725380131051,0.002477725380131051,0.0022351082071715906,0.0022570035198566777,5m,4105201.896488
2024-11-12 18:50:00,qfAV15JCvquMYpjGGkhQGr8x2zTiw14pCpUCjXLpump,0.0024336115339917844,0.0025270343180558265,0.0024336115339917844,0.002477725380131051,5m,1784153.477097
2024-11-12 18:55:00,qfAV15JCvquMYpjGGkhQGr8x2zTiw14pCpUCjXLpump,0.0022794847707369725,0.0024378012348146463,0.0022794847707369725,0.0024336115339917844,5m,2899798.5498540015
2024-11-12 19:00:00,qfAV15JCvquMYpjGGkhQGr8x2zTiw14pCpUCjXLpump,0.0020375393807837,0.0023142094111709426,0.0020375393807837,0.0022794847707369725,5m,9212800.656211996
2024-11-12 19:05:00,qfAV15JCvquMYpjGGkhQGr8x2zTiw14pCpUCjXLpump,0.0021091278789056728,0.002729960885787933,0.0018791246189488096,0.0020375393807837,5m,27505012.747438002
2024-11-12 19:10:00,qfAV15JCvquMYpjGGkhQGr8x2zTiw14pCpUCjXLpump,0.0019016681674363953,0.0024759616534289542,0.001872953005267397,0.0021091278789056728,5m,23849500.670685988
2024-11-12 19:15:00,qfAV15JCvquMYpjGGkhQGr8x2zTiw14pCpUCjXLpump,0.0020083562273871206,0.002043924732829486,0.0017701719357419347,0.0019016681674363953,5m,37398785.36639001
2024-11-12 19:20:00,qfAV15JCvquMYpjGGkhQGr8x2zTiw14pCpUCjXLpump,0.0020045004302136913,0.002115655109885469,0.0018871372739127526,0.0020083562273871206,5m,15441819.860062
2024-11-12 19:25:00,qfAV15JCvquMYpjGGkhQGr8x2zTiw14pCpUCjXLpump,0.0018589412555943725,0.0020078665185480305,0.0018503310897581074,0.0020045004302136913,5m,5627505.0968969995
2024-11-12 19:30:00,qfAV15JCvquMYpjGGkhQGr8x2zTiw14pCpUCjXLpump,0.0018473113623329721,0.0019283707003769053,0.0018111852247574814,0.0018589412555943725,5m,7528006.183662998
2024-11-12 19:35:00,qfAV15JCvquMYpjGGkhQGr8x2zTiw14pCpUCjXLpump,0.002130237961590497,0.0021884861640421565,0.0018342416282615187,0.0018473113623329721,5m,9569801.404096002
2024-11-12 19:40:00,qfAV15JCvquMYpjGGkhQGr8x2zTiw14pCpUCjXLpump,0.0022372979808131734,0.002356543316559316,0.001952065506409292,0.002130237961590497,5m,14066554.708193993
2024-11-12 19:45:00,qfAV15JCvquMYpjGGkhQGr8x2zTiw14pCpUCjXLpump,0.002258303185561259,0.002262998535002754,0.0021871142053529564,0.0022372979808131734,5m,4543300.314301
2024-11-12 19:50:00,qfAV15JCvquMYpjGGkhQGr8x2zTiw14pCpUCjXLpump,0.002223676139878703,0.0028669109465587882,0.002117833358012374,0.002258303185561259,5m,21627714.947144005
2024-11-12 19:55:00,qfAV15JCvquMYpjGGkhQGr8x2zTiw14pCpUCjXLpump,0.00209518139473412,0.0022343368740114005,0.0020750553466750577,0.002223676139878703,5m,4206109.481319
2024-11-12 20:00:00,qfAV15JCvquMYpjGGkhQGr8x2zTiw14pCpUCjXLpump,0.0019867308949043276,0.0021069313343515667,0.001955074846940164,0.00209518139473412,5m,5212177.566764999
2024-11-12 20:05:00,qfAV15JCvquMYpjGGkhQGr8x2zTiw14pCpUCjXLpump,0.001993336361997714,0.0020511957617111174,0.001906306950068091,0.0019867308949043276,5m,6878346.0325690005
2024-11-12 20:10:00,qfAV15JCvquMYpjGGkhQGr8x2zTiw14pCpUCjXLpump,0.002239882462008599,0.002457935000545405,0.001634994780518336,0.001993336361997714,5m,64227743.02551996
2024-11-12 20:15:00,qfAV15JCvquMYpjGGkhQGr8x2zTiw14pCpUCjXLpump,0.0024867330238161627,0.00283473752355408,0.0021611479579263146,0.002239882462008599,5m,23167312.433674008
2024-11-12 20:20:00,qfAV15JCvquMYpjGGkhQGr8x2zTiw14pCpUCjXLpump,0.0024847149751735967,0.0027583223285134713,0.002410453845775729,0.0024867330238161627,5m,18349037.863055006
2024-11-12 20:25:00,qfAV15JCvquMYpjGGkhQGr8x2zTiw14pCpUCjXLpump,0.0026139171244518185,0.002763017660553221,0.0024369532976750655,0.0024847149751735967,5m,11206612.110643001
2024-11-12 20:30:00,qfAV15JCvquMYpjGGkhQGr8x2zTiw14pCpUCjXLpump,0.002542616904716493,0.002693262559683334,0.0024689175749573857,0.0026139171244518185,5m,6987433.378959
2024-11-12 20:35:00,qfAV15JCvquMYpjGGkhQGr8x2zTiw14pCpUCjXLpump,0.0028028615783981044,0.0028038235606255082,0.0024933243146226464,0.002542616904716493,5m,5771056.131022999
2024-11-12 20:40:00,qfAV15JCvquMYpjGGkhQGr8x2zTiw14pCpUCjXLpump,0.002395451187263155,0.0028028615783981044,0.002395451187263155,0.0028028615783981044,5m,7103949.275048
2024-11-12 20:45:00,qfAV15JCvquMYpjGGkhQGr8x2zTiw14pCpUCjXLpump,0.002326483161508316,0.002918087198667186,0.002046376130930306,0.002395451187263155,5m,35203976.471728005
2024-11-12 20:50:00,qfAV15JCvquMYpjGGkhQGr8x2zTiw14pCpUCjXLpump,0.002485331092134816,0.002493163724511481,0.0023192301220840063,0.002326483161508316,5m,4477028.701472999
2024-11-12 20:55:00,qfAV15JCvquMYpjGGkhQGr8x2zTiw14pCpUCjXLpump,0.0024514497819115738,0.0026591935584681374,0.002387962653323771,0.002485331092134816,5m,11329545.065148002
2024-11-12 21:00:00,qfAV15JCvquMYpjGGkhQGr8x2zTiw14pCpUCjXLpump,0.0023010107242968517,0.0024514497819115738,0.002222179416920464,0.0024514497819115738,5m,5267996.710094
2024-11-12 21:05:00,qfAV15JCvquMYpjGGkhQGr8x2zTiw14pCpUCjXLpump,0.002394926778716958,0.0024910426932706034,0.0022946226613245555,0.0023010107242968517,5m,4939108.127116001
2024-11-12 21:10:00,qfAV15JCvquMYpjGGkhQGr8x2zTiw14pCpUCjXLpump,0.002519023453105402,0.002519023453105402,0.002388181747579735,0.002394926778716958,5m,2771278.783991999
2024-11-12 21:15:00,qfAV15JCvquMYpjGGkhQGr8x2zTiw14pCpUCjXLpump,0.0026546242884286702,0.0028162557181536,0.002519023453105402,0.002519023453105402,5m,10481235.567298
2024-11-12 21:20:00,qfAV15JCvquMYpjGGkhQGr8x2zTiw14pCpUCjXLpump,0.002895323991991416,0.003425584857608957,0.002651753401926227,0.0026546242884286702,5m,17203487.888821002
2024-11-12 21:25:00,qfAV15JCvquMYpjGGkhQGr8x2zTiw14pCpUCjXLpump,0.002880461193645008,0.0030204445940790227,0.0026727545216477097,0.002895323991991416,5m,9787163.937633
2024-11-12 21:30:00,qfAV15JCvquMYpjGGkhQGr8x2zTiw14pCpUCjXLpump,0.002934620456014331,0.0029378393892135948,0.0027576718893194416,0.002880461193645008,5m,3797771.7854990005
2024-11-12 21:35:00,qfAV15JCvquMYpjGGkhQGr8x2zTiw14pCpUCjXLpump,0.002721458145613918,0.00310027180045246,0.0026492051283888447,0.002934620456014331,5m,8644408.067579001
2024-11-12 21:40:00,qfAV15JCvquMYpjGGkhQGr8x2zTiw14pCpUCjXLpump,0.0026866872138822046,0.0028231232703261615,0.002661952647113326,0.002721458145613918,5m,4385544.730353001
2024-11-12 21:45:00,qfAV15JCvquMYpjGGkhQGr8x2zTiw14pCpUCjXLpump,0.0024627919545546447,0.002709563547696086,0.00244410873466037,0.0026866872138822046,5m,6857719.057045999
2024-11-12 21:50:00,qfAV15JCvquMYpjGGkhQGr8x2zTiw14pCpUCjXLpump,0.0026678481110606164,0.0026678481110606164,0.0023991318264514633,0.0024627919545546447,5m,6897859.198409999
2024-11-12 21:55:00,qfAV15JCvquMYpjGGkhQGr8x2zTiw14pCpUCjXLpump,0.002678724596381138,0.002678724596381138,0.0026088789670459505,0.0026678481110606164,5m,1357554.1150439999
2024-11-12 22:00:00,qfAV15JCvquMYpjGGkhQGr8x2zTiw14pCpUCjXLpump,0.0025184331998373004,0.0026928364347484526,0.002282693613270512,0.002678724596381138,5m,11064148.561061002
2024-11-12 22:05:00,qfAV15JCvquMYpjGGkhQGr8x2zTiw14pCpUCjXLpump,0.0026726722947205904,0.0026726722947205904,0.0023774669186423488,0.0025184331998373004,5m,9678004.579731
2024-11-12 22:10:00,qfAV15JCvquMYpjGGkhQGr8x2zTiw14pCpUCjXLpump,0.00247856685011745,0.002860013876573224,0.0024783264037960837,0.0026726722947205904,5m,11217830.348040001
2024-11-12 22:15:00,qfAV15JCvquMYpjGGkhQGr8x2zTiw14pCpUCjXLpump,0.0024835432326898114,0.0024892180427157837,0.002428454807071807,0.00247856685011745,5m,2416411.806599
2024-11-12 22:20:00,qfAV15JCvquMYpjGGkhQGr8x2zTiw14pCpUCjXLpump,0.002460019138249609,0.0028351695167617612,0.0022505274575597045,0.0024835432326898114,5m,20478170.257764
2024-11-12 22:25:00,qfAV15JCvquMYpjGGkhQGr8x2zTiw14pCpUCjXLpump,0.0022879478410754456,0.0024645707476220213,0.0022319025381580897,0.002460019138249609,5m,4504537.119349
2024-11-12 22:30:00,qfAV15JCvquMYpjGGkhQGr8x2zTiw14pCpUCjXLpump,0.002406214116076392,0.002406214116076392,0.0022620963427326854,0.0022879478410754456,5m,2549190.7162039997
2024-11-12 22:35:00,qfAV15JCvquMYpjGGkhQGr8x2zTiw14pCpUCjXLpump,0.0024923879281920597,0.0024923879281920597,0.002300056469306939,0.002406214116076392,5m,6877000.192240001
2024-11-12 22:40:00,qfAV15JCvquMYpjGGkhQGr8x2zTiw14pCpUCjXLpump,0.002362168548707606,0.00250683781387721,0.0023341570975869666,0.0024923879281920597,5m,4007260.497953001
2024-11-12 22:45:00,qfAV15JCvquMYpjGGkhQGr8x2zTiw14pCpUCjXLpump,0.002446307207305182,0.002446307207305182,0.002362168548707606,0.002362168548707606,5m,1298585.948432
2024-11-12 22:50:00,qfAV15JCvquMYpjGGkhQGr8x2zTiw14pCpUCjXLpump,0.0024686025395751726,0.0026972218608442293,0.0023446913750621175,0.002446307207305182,5m,14455200.067366002
2024-11-12 22:55:00,qfAV15JCvquMYpjGGkhQGr8x2zTiw14pCpUCjXLpump,0.0024731551730843657,0.0025538718957264384,0.002386879204262011,0.0024686025395751726,5m,7409834.701647998
2024-11-12 23:00:00,qfAV15JCvquMYpjGGkhQGr8x2zTiw14pCpUCjXLpump,0.0026525296218949095,0.0031725712486830137,0.0024731551730843657,0.0024731551730843657,5m,15397547.130772004
2024-11-12 23:05:00,qfAV15JCvquMYpjGGkhQGr8x2zTiw14pCpUCjXLpump,0.0027306604267949923,0.0029376159309475146,0.0026300054184185723,0.0026525296218949095,5m,6821372.703284
2024-11-12 23:10:00,qfAV15JCvquMYpjGGkhQGr8x2zTiw14pCpUCjXLpump,0.0026296968838309155,0.0029005803610281156,0.002488273268935636,0.0027306604267949923,5m,13968625.700371997
2024-11-12 23:15:00,qfAV15JCvquMYpjGGkhQGr8x2zTiw14pCpUCjXLpump,0.002750768798418141,0.003070918214283244,0.0026296968838309155,0.0026296968838309155,5m,14397790.139490003
2024-11-12 23:20:00,qfAV15JCvquMYpjGGkhQGr8x2zTiw14pCpUCjXLpump,0.0030038926955925924,0.0032803088851184143,0.0027356256879586967,0.002750768798418141,5m,8185496.494887998
2024-11-12 23:25:00,qfAV15JCvquMYpjGGkhQGr8x2zTiw14pCpUCjXLpump,0.0027525346390486747,0.003006592200046062,0.002585182798780039,0.0030038926955925924,5m,8449345.686175
2024-11-12 23:30:00,qfAV15JCvquMYpjGGkhQGr8x2zTiw14pCpUCjXLpump,0.002899308081187804,0.0029789952825786045,0.002738964368782143,0.0027525346390486747,5m,5321789.010248999
2024-11-12 23:35:00,qfAV15JCvquMYpjGGkhQGr8x2zTiw14pCpUCjXLpump,0.0029421484331248627,0.002981758054714468,0.002814310048484198,0.002899308081187804,5m,4954476.535412999
2024-11-12 23:40:00,qfAV15JCvquMYpjGGkhQGr8x2zTiw14pCpUCjXLpump,0.003168257494064837,0.0032276508076691584,0.0028898783519302695,0.0029421484331248627,5m,10046192.500740997
2024-11-12 23:45:00,qfAV15JCvquMYpjGGkhQGr8x2zTiw14pCpUCjXLpump,0.003294652962274893,0.003468114216987562,0.003062606520875456,0.003168257494064837,5m,13876759.174304998
2024-11-12 23:50:00,qfAV15JCvquMYpjGGkhQGr8x2zTiw14pCpUCjXLpump,0.0035900727589450727,0.0038413579628314414,0.0031806582099790054,0.003294652962274893,5m,22559548.527559992
2024-11-12 23:55:00,qfAV15JCvquMYpjGGkhQGr8x2zTiw14pCpUCjXLpump,0.0035928133103685983,0.003864578897707846,0.0032882931402586973,0.0035900727589450727,5m,20697377.197171986
2024-11-13 00:00:00,qfAV15JCvquMYpjGGkhQGr8x2zTiw14pCpUCjXLpump,0.003236501741618055,0.003891293952268585,0.0030666372019405056,0.0035928133103685983,5m,19869244.412813988
2024-11-13 00:05:00,qfAV15JCvquMYpjGGkhQGr8x2zTiw14pCpUCjXLpump,0.0031310805631087095,0.003303038992304107,0.0030635761640875887,0.003236501741618055,5m,6474681.663382
2024-11-13 00:10:00,qfAV15JCvquMYpjGGkhQGr8x2zTiw14pCpUCjXLpump,0.0030581792473369394,0.0032015691051427556,0.0029522709431650624,0.0031310805631087095,5m,10962445.359823996
2024-11-13 00:15:00,qfAV15JCvquMYpjGGkhQGr8x2zTiw14pCpUCjXLpump,0.00286305116517989,0.0030581792473369394,0.0027948984025599056,0.0030581792473369394,5m,7699113.368861998
2024-11-13 00:20:00,qfAV15JCvquMYpjGGkhQGr8x2zTiw14pCpUCjXLpump,0.0027831488951309408,0.002885613485956011,0.002621469895222644,0.00286305116517989,5m,8923575.801254
2024-11-13 00:25:00,qfAV15JCvquMYpjGGkhQGr8x2zTiw14pCpUCjXLpump,0.0027497484654271575,0.0028046476822853592,0.0027457186179386597,0.0027831488951309408,5m,2733648.8281039996
2024-11-13 00:30:00,qfAV15JCvquMYpjGGkhQGr8x2zTiw14pCpUCjXLpump,0.002672826737678336,0.0027743269637785974,0.0026240232952970516,0.0027497484654271575,5m,5083166.299536
2024-11-13 00:35:00,qfAV15JCvquMYpjGGkhQGr8x2zTiw14pCpUCjXLpump,0.0029956291728255816,0.0029986912910529282,0.002647649001022071,0.002672826737678336,5m,5210292.254001001
2024-11-13 00:40:00,qfAV15JCvquMYpjGGkhQGr8x2zTiw14pCpUCjXLpump,0.003018342090096997,0.0030673214641617963,0.0029923312376266727,0.0029956291728255816,5m,3160241.8867719998
2024-11-13 00:45:00,qfAV15JCvquMYpjGGkhQGr8x2zTiw14pCpUCjXLpump,0.0027225091639074776,0.003018342090096997,0.0026190595231121287,0.003018342090096997,5m,11970372.149273003
2024-11-13 00:50:00,qfAV15JCvquMYpjGGkhQGr8x2zTiw14pCpUCjXLpump,0.0027191892746358114,0.0030634962433275788,0.0023967688074758337,0.0027225091639074776,5m,28102702.027545005
2024-11-13 00:55:00,qfAV15JCvquMYpjGGkhQGr8x2zTiw14pCpUCjXLpump,0.002825200115164034,0.002825200115164034,0.0027036900951042555,0.0027191892746358114,5m,3341064.2792009995
2024-11-13 01:00:00,qfAV15JCvquMYpjGGkhQGr8x2zTiw14pCpUCjXLpump,0.002702360621884776,0.002825200115164034,0.002671510777070547,0.002825200115164034,5m,2767497.206778001
2024-11-13 01:05:00,qfAV15JCvquMYpjGGkhQGr8x2zTiw14pCpUCjXLpump,0.002578929283150687,0.002724985867633691,0.002488426280537892,0.002702360621884776,5m,5450750.475210001
2024-11-13 01:10:00,qfAV15JCvquMYpjGGkhQGr8x2zTiw14pCpUCjXLpump,0.0024919977063774406,0.0026127027898951074,0.0024030022475413806,0.002578929283150687,5m,6797621.117611002
2024-11-13 01:15:00,qfAV15JCvquMYpjGGkhQGr8x2zTiw14pCpUCjXLpump,0.002425588016277484,0.002662862723349693,0.002425588016277484,0.0024919977063774406,5m,7868585.772109001
2024-11-13 01:20:00,qfAV15JCvquMYpjGGkhQGr8x2zTiw14pCpUCjXLpump,0.002461009382560448,0.002471174627074748,0.0023384929732161654,0.002425588016277484,5m,4954906.4295230005
2024-11-13 01:25:00,qfAV15JCvquMYpjGGkhQGr8x2zTiw14pCpUCjXLpump,0.002317816814819711,0.002585294863275426,0.002317816814819711,0.002461009382560448,5m,4257221.789917
2024-11-13 01:30:00,qfAV15JCvquMYpjGGkhQGr8x2zTiw14pCpUCjXLpump,0.002385226462600979,0.00238757205085074,0.002212046813518886,0.002317816814819711,5m,13415252.543655999
2024-11-13 01:35:00,qfAV15JCvquMYpjGGkhQGr8x2zTiw14pCpUCjXLpump,0.002211561938341176,0.0023881327817116458,0.002152582840914652,0.002385226462600979,5m,6683271.646408
2024-11-13 01:40:00,qfAV15JCvquMYpjGGkhQGr8x2zTiw14pCpUCjXLpump,0.0023309208609768235,0.002403582789601377,0.002106752201381517,0.002211561938341176,5m,11332920.607955001
2024-11-13 01:45:00,qfAV15JCvquMYpjGGkhQGr8x2zTiw14pCpUCjXLpump,0.0021478554109422153,0.0023496992013242878,0.0020962128563627516,0.0023309208609768235,5m,6875696.438839
2024-11-13 01:50:00,qfAV15JCvquMYpjGGkhQGr8x2zTiw14pCpUCjXLpump,0.002075846048858098,0.0022295640479240157,0.002012725746831257,0.0021478554109422153,5m,20983752.804400995
2024-11-13 01:55:00,qfAV15JCvquMYpjGGkhQGr8x2zTiw14pCpUCjXLpump,0.0021771460046315647,0.002189125911479896,0.002000986872681447,0.002075846048858098,5m,8695019.974698002
2024-11-13 02:00:00,qfAV15JCvquMYpjGGkhQGr8x2zTiw14pCpUCjXLpump,0.0022105288492274386,0.0026023150347640684,0.0020598687819699847,0.0021771460046315647,5m,18109841.653803002
2024-11-13 02:05:00,qfAV15JCvquMYpjGGkhQGr8x2zTiw14pCpUCjXLpump,0.0020915786757799305,0.0022206867159670503,0.002063924941029928,0.0022105288492274386,5m,5301048.411521
2024-11-13 02:10:00,qfAV15JCvquMYpjGGkhQGr8x2zTiw14pCpUCjXLpump,0.0021932845631164742,0.0022001192726924215,0.0019475715333348435,0.0020915786757799305,5m,10162739.178473003
2024-11-13 02:15:00,qfAV15JCvquMYpjGGkhQGr8x2zTiw14pCpUCjXLpump,0.0021535323815294665,0.0021932845631164742,0.0021535323815294665,0.0021932845631164742,5m,1694379.771263
2024-11-13 02:20:00,qfAV15JCvquMYpjGGkhQGr8x2zTiw14pCpUCjXLpump,0.002238159486535074,0.0022698424655243216,0.0021415831168351464,0.0021535323815294665,5m,3755452.0450750003
2024-11-13 02:25:00,qfAV15JCvquMYpjGGkhQGr8x2zTiw14pCpUCjXLpump,0.0022448369978607333,0.0022578429958479323,0.002219248371994727,0.002238159486535074,5m,1823758.396219
2024-11-13 02:30:00,qfAV15JCvquMYpjGGkhQGr8x2zTiw14pCpUCjXLpump,0.00204405424017811,0.002253441174065652,0.0019589843207997375,0.0022448369978607333,5m,8540654.906738
2024-11-13 02:35:00,qfAV15JCvquMYpjGGkhQGr8x2zTiw14pCpUCjXLpump,0.0019269979998985814,0.0020469519247511636,0.0017990753184918078,0.00204405424017811,5m,21312069.260369997
2024-11-13 02:40:00,qfAV15JCvquMYpjGGkhQGr8x2zTiw14pCpUCjXLpump,0.001879301136123419,0.002207147662536461,0.0017604764086551093,0.0019269979998985814,5m,32518049.878202014
2024-11-13 02:45:00,qfAV15JCvquMYpjGGkhQGr8x2zTiw14pCpUCjXLpump,0.0019826067796631175,0.0019990469572718134,0.001818044405224697,0.001879301136123419,5m,7477514.3051120015
2024-11-13 02:50:00,qfAV15JCvquMYpjGGkhQGr8x2zTiw14pCpUCjXLpump,0.0019033278709541539,0.0019935720791431546,0.0018824756744320608,0.0019826067796631175,5m,3667766.069192
2024-11-13 02:55:00,qfAV15JCvquMYpjGGkhQGr8x2zTiw14pCpUCjXLpump,0.0018831864212813703,0.001951030615171501,0.0018548397172106527,0.0019033278709541539,5m,5298456.134885
2024-11-13 03:00:00,qfAV15JCvquMYpjGGkhQGr8x2zTiw14pCpUCjXLpump,0.0018961526653333742,0.0019198612123585254,0.0017447275399146416,0.0018831864212813703,5m,11442884.336482
2024-11-13 03:05:00,qfAV15JCvquMYpjGGkhQGr8x2zTiw14pCpUCjXLpump,0.0019446676499681249,0.0019917045448132674,0.001893966719025281,0.0018961526653333742,5m,4715232.139223001
