Address,Error,address,buy_1h,buy_1h_change_percent,buy_24h,buy_24h_change_percent,buy_2h,buy_2h_change_percent,buy_30m,buy_30m_change_percent,buy_4h,buy_4h_change_percent,buy_8h,buy_8h_change_percent,buy_history_1h,buy_history_24h,buy_history_2h,buy_history_30m,buy_history_4h,buy_history_8h,history_12h_price,history_1h_price,history_24h_price,history_2h_price,history_30m_price,history_4h_price,history_6h_price,history_8h_price,holder,last_trade_human_time,last_trade_unix_time,market,price,price_change_12h_percent,price_change_1h_percent,price_change_24h_percent,price_change_2h_percent,price_change_30m_percent,price_change_4h_percent,price_change_6h_percent,price_change_8h_percent,sell_1h,sell_1h_change_percent,sell_24h,sell_24h_change_percent,sell_2h,sell_2h_change_percent,sell_30m,sell_30m_change_percent,sell_4h,sell_4h_change_percent,sell_8h,sell_8h_change_percent,sell_history_1h,sell_history_24h,sell_history_2h,sell_history_30m,sell_history_4h,sell_history_8h,trade_1h,trade_1h_change_percent,trade_24h,trade_24h_change_percent,trade_2h,trade_2h_change_percent,trade_30m,trade_30m_change_percent,trade_4h,trade_4h_change_percent,trade_8h,trade_8h_change_percent,trade_history_1h,trade_history_24h,trade_history_2h,trade_history_30m,trade_history_4h,trade_history_8h,unique_wallet_1h,unique_wallet_1h_change_percent,unique_wallet_24h,unique_wallet_24h_change_percent,unique_wallet_2h,unique_wallet_2h_change_percent,unique_wallet_30m,unique_wallet_30m_change_percent,unique_wallet_4h,unique_wallet_4h_change_percent,unique_wallet_8h,unique_wallet_8h_change_percent,unique_wallet_history_1h,unique_wallet_history_24h,unique_wallet_history_2h,unique_wallet_history_30m,unique_wallet_history_4h,unique_wallet_history_8h,volume_1h,volume_1h_change_percent,volume_1h_usd,volume_24h,volume_24h_change_percent,volume_24h_usd,volume_2h,volume_2h_change_percent,volume_2h_usd,volume_30m,volume_30m_change_percent,volume_30m_usd,volume_4h,volume_4h_change_percent,volume_4h_usd,volume_8h,volume_8h_change_percent,volume_8h_usd,volume_buy_1h,volume_buy_1h_change_percent,volume_buy_1h_usd,volume_buy_24h,volume_buy_24h_change_percent,volume_buy_24h_usd,volume_buy_2h,volume_buy_2h_change_percent,volume_buy_2h_usd,volume_buy_30m,volume_buy_30m_change_percent,volume_buy_30m_usd,volume_buy_4h,volume_buy_4h_change_percent,volume_buy_4h_usd,volume_buy_8h,volume_buy_8h_change_percent,volume_buy_8h_usd,volume_buy_history_1h,volume_buy_history_1h_usd,volume_buy_history_24h,volume_buy_history_24h_usd,volume_buy_history_2h,volume_buy_history_2h_usd,volume_buy_history_30m,volume_buy_history_30m_usd,volume_buy_history_4h,volume_buy_history_4h_usd,volume_buy_history_8h,volume_buy_history_8h_usd,volume_history_1h,volume_history_1h_usd,volume_history_24h,volume_history_24h_usd,volume_history_2h,volume_history_2h_usd,volume_history_30m,volume_history_30m_usd,volume_history_4h,volume_history_4h_usd,volume_history_8h,volume_history_8h_usd,volume_sell_1h,volume_sell_1h_change_percent,volume_sell_1h_usd,volume_sell_24h,volume_sell_24h_change_percent,volume_sell_24h_usd,volume_sell_2h,volume_sell_2h_change_percent,volume_sell_2h_usd,volume_sell_30m,volume_sell_30m_change_percent,volume_sell_30m_usd,volume_sell_4h,volume_sell_4h_change_percent,volume_sell_4h_usd,volume_sell_8h,volume_sell_8h_change_percent,volume_sell_8h_usd,volume_sell_history_1h,volume_sell_history_1h_usd,volume_sell_history_24h,volume_sell_history_24h_usd,volume_sell_history_2h,volume_sell_history_2h_usd,volume_sell_history_30m,volume_sell_history_30m_usd,volume_sell_history_4h,volume_sell_history_4h_usd,volume_sell_history_8h,volume_sell_history_8h_usd,liquidityAddedAt,Price,Liquidity,Total Supply,Market Cap,Circulating Supply,Circulating Market Cap
8b5xu38HirCZVqQHtLSFh2YDR6JEHXwMtVWsPa9NkdXX,,8b5xu38HirCZVqQHtLSFh2YDR6JEHXwMtVWsPa9NkdXX,99,,99,,99,,99,,99,,99,,0,0,0,0,0,0,0.00035076555532776956,0.00035076555532776956,0.00035076555532776956,0.00035076555532776956,0.00035076555532776956,0.00035076555532776956,0.00035076555532776956,0.00035076555532776956,191,2024-10-26T01:28:16,1729906096,1,0.00038024245410665157,8.403589899623297,8.403589899623297,8.403589899623297,8.403589899623297,8.403589899623297,8.403589899623297,8.403589899623297,8.403589899623297,64,,64,,64,,64,,64,,64,,0,0,0,0,0,0,163,,163,,163,,163,,163,,163,,0,0,0,0,0,0,99,,99,,99,,99,,99,,99,,0,0,0,0,0,0,438906477.560037,,66822.5802972758,438906477.560037,,66822.5802972758,438906477.560037,,66822.5802972758,438906477.560037,,66822.5802972758,438906477.560037,,66822.5802972758,438906477.560037,,66822.5802972758,399557657.547953,,52577.471740198176,399557657.547953,,52577.471740198176,399557657.547953,,52577.471740198176,399557657.547953,,52577.471740198176,399557657.547953,,52577.471740198176,399557657.547953,,52577.471740198176,0,0,0,0,0,0,0,0,0,0,0,0,0,0,0,0,0,0,0,0,0,0,0,0,39348820.012084,,14245.108557077625,39348820.012084,,14245.108557077625,39348820.012084,,14245.108557077625,39348820.012084,,14245.108557077625,39348820.012084,,14245.108557077625,39348820.012084,,14245.108557077625,0,0,0,0,0,0,0,0,0,0,0,0,2024-10-26 01:19:15,0.00038024245410665157,106593.7336156215,1000000000.0,380242.4541066516,1000000000.0,380242.4541066516
2kaRSuDcz1V1kqq1sDmP23Wy98jutHQQgr5fGDWRpump,,2kaRSuDcz1V1kqq1sDmP23Wy98jutHQQgr5fGDWRpump,1242,,1255,,1242,,980,274.0458015267175,1255,,1255,,0,0,0,262,0,0,0.000156571847362087,0.000156571847362087,0.000156571847362087,0.000156571847362087,0.000156571847362087,0.000156571847362087,0.000156571847362087,0.000156571847362087,395,2024-10-26T01:28:16,1729906096,1,0.00017130897386652774,9.41237313906104,9.41237313906104,9.41237313906104,9.41237313906104,9.41237313906104,9.41237313906104,9.41237313906104,9.41237313906104,1089,,1092,,1089,,862,279.73568281938327,1092,,1092,,0,0,0,227,0,0,2331,,2347,,2331,,1842,276.6871165644172,2347,,2347,,0,0,0,489,0,0,850,,843,,843,,799,224.7967479674797,843,,843,,0,0,0,246,0,0,6422190307.260546,,527376.3639542166,6442528213.664846,,531045.1677453888,6422190307.260546,,527376.3639542166,5163926016.6314945,310.40074450891876,369120.9204793251,6442528213.664846,,531045.1677453888,6442528213.664846,,531045.1677453888,3249249467.5062065,,268518.31171143614,3256595333.4693975,,269844.2248912883,3249249467.5062065,,268518.31171143614,2604722925.82982,304.12966067387185,188206.93631692766,3256595333.4693975,,269844.2248912883,3256595333.4693975,,269844.2248912883,0,0,0,0,0,0,644526541.676386,80311.3753945085,0,0,0,0,0,0,0,0,0,0,1258264290.629052,158255.4434748915,0,0,0,0,3172940839.7543397,,258858.05224278045,3185932880.195449,,261200.94285410052,3172940839.7543397,,258858.05224278045,2559203090.801675,316.9864237891373,180913.98416239745,3185932880.195449,,261200.94285410052,3185932880.195449,,261200.94285410052,0,0,0,0,0,0,613737748.9526659,77944.068080383,0,0,0,0,2024-10-26 00:57:28,0.00027471692973713964,49010.103406882714,999999854.481157,274716.8897606499,999999854.481157,274716.8897606499
CXfErCqD2ufoZZ7791sRetSiMkeFSH6oKAjW7ERdpump,,CXfErCqD2ufoZZ7791sRetSiMkeFSH6oKAjW7ERdpump,5253,15.704845814977975,9806,,9793,,2510,-8.49434925264309,9806,,9806,,4540,0,0,2743,0,0,8.022216541138905e-05,0.0007056982202158601,8.022216541138905e-05,8.022216541138905e-05,0.0008557300221216263,8.022216541138905e-05,8.022216541138905e-05,8.022216541138905e-05,1971,2024-10-26T01:28:20,1729906100,3,0.0015549388024128266,1838.2907385245846,120.3404738554108,1838.2907385245846,1838.2907385245846,81.7090393250011,1838.2907385245846,1838.2907385245846,1838.2907385245846,4460,20.11850255857797,8193,,8173,,2240,0.9009009009009009,8193,,8193,,3713,0,0,2220,0,0,9713,17.690536774506242,17999,,17966,,4750,-4.291759016723756,17999,,17999,,8253,0,0,4963,0,0,3155,35.34963534963535,4247,,4247,,1928,-7.396733909702209,4247,,4247,,2331,0,0,2082,0,0,4706597219.716335,-47.89092838801795,2907841.1682863412,13744071428.710419,,6692950.788586659,13738800393.019646,,6684775.7733456865,1517601173.8886209,-52.41131841871799,1515856.7957874767,13744071428.710419,,6692950.788586659,13744071428.710419,,6692950.788586659,2369102933.955385,-48.26483963917393,1473070.28865824,6950316032.519394,,3379144.6090754652,6948392758.191194,,3376180.4374776124,768995531.8345841,-51.94100528406087,771437.7164303496,6950316032.519394,,3379144.6090754652,6950316032.519394,,3379144.6090754652,4579289824.235807,1903110.1488193779,0,0,0,0,1600107402.1207957,701632.5722278912,0,0,0,0,9032203173.303307,3776934.6050593527,0,0,0,0,3188996045.8277054,1391984.3724988643,0,0,0,0,2337494285.7609506,-47.506405300914864,1434770.879628101,6793755396.191026,,3313806.1795111937,6790407634.828451,,3308595.3358680736,748605642.0540366,-52.884952320665825,744419.0793571271,6793755396.191026,,3313806.1795111937,6793755396.191026,,3313806.1795111937,4452913349.067498,1873824.456239975,0,0,0,0,1588888643.7069097,690351.800270973,0,0,0,0,2024-10-26 00:10:20,0.00157384345228749,147074.13765934104,957080000.000001,1506294.0913153123,957080000.000001,1506294.0913153123
Fs9fBQmQdqyzPNoxuFdWeXXDAezkBjeXbezVSRpjFNsx,,Fs9fBQmQdqyzPNoxuFdWeXXDAezkBjeXbezVSRpjFNsx,139,46.31578947368421,238,,234,,72,7.462686567164178,238,,238,,95,0,0,67,0,0,2.365489345673437e-05,3.1973083701327716e-05,2.365489345673437e-05,2.365489345673437e-05,3.8329525864741954e-05,2.365489345673437e-05,2.365489345673437e-05,2.365489345673437e-05,41,2024-10-26T01:24:05,1729905845,1,4.403775878691197e-05,86.16764800677956,37.73384887827775,86.16764800677956,86.16764800677956,14.892521609355017,86.16764800677956,86.16764800677956,86.16764800677956,3,-50,9,,9,,1,-50,9,,9,,6,0,0,2,0,0,142,40.5940594059406,247,,243,,73,5.797101449275362,247,,247,,101,0,0,69,0,0,16,-58.97435897435898,42,,42,,13,0,42,,42,,39,0,0,13,0,0,333036712.01488024,-21.78517658151341,12643.487234514752,758834157.7828219,,24423.446016414106,758834147.1544765,,24423.442386973828,141334545.48502252,-26.273892442937207,5827.959469170083,758834157.7828219,,24423.446016414106,758834157.7828219,,24423.446016414106,332842213.460093,-21.241622175714355,12635.68946661836,755454043.497267,,24332.357265565122,755454032.8689216,,24332.353636124844,141216637.1520823,-26.305955669979692,5822.935073634625,755454043.497267,,24332.357265565122,755454043.497267,,24332.357265565122,422611819.4088287,11696.664169506486,0,0,0,0,191625576.3080107,6812.754392983744,0,0,0,0,425797435.13959634,11779.955152459079,0,0,0,0,191702166.5298577,6815.527765344677,0,0,0,0,194498.55478722256,-93.8944753157547,7.797767896391944,3380114.2855549147,,91.08875084898439,3380114.2855549147,,91.08875084898439,117908.33294021038,53.94697925765277,5.0243955354583205,3380114.2855549147,,91.08875084898439,3380114.2855549147,,91.08875084898439,3185615.7307676924,83.29098295259243,0,0,0,0,76590.22184701238,2.773372360933603,0,0,0,0,2024-10-25 23:56:39,0.00017293853206786218,180438.30382619274,2800000000.0,484227.88979001413,2800000000.0,484227.88979001413
9WXNvkvub2Fvg88n8mLD3iywpLmfhRZHZmdf8CGhpump,,9WXNvkvub2Fvg88n8mLD3iywpLmfhRZHZmdf8CGhpump,2129,-68.39839691257235,8866,,8866,,774,-42.87822878228783,8866,,8866,,6737,0,0,1355,0,0,0.00020761060388993299,0.000202838101728102,0.00020761060388993299,0.00020761060388993299,0.0005248074255361797,0.00020761060388993299,0.00020761060388993299,0.00020761060388993299,1262,2024-10-26T01:28:19,1729906099,1,0.000635287095468355,205.99934857140502,213.1990932945809,205.99934857140502,205.99934857140502,21.051468511388073,205.99934857140502,205.99934857140502,205.99934857140502,1741,-70.63090418353576,7670,,7669,,776,-19.585492227979277,7670,,7670,,5928,0,0,965,0,0,3870,-69.44334780892223,16536,,16535,,1550,-33.189655172413794,16536,,16536,,12665,0,0,2320,0,0,1425,-48.85139985642498,3563,,3563,,703,-33.174904942965775,3563,,3563,,2786,0,0,1052,0,0,2766238846.331071,-79.60531631969125,1113345.6245568884,16329774911.54293,,6647580.926470216,16329767899.747562,,6647576.469200637,677467837.1115594,-67.56619877806985,378351.60824275063,16329774911.54293,,6647580.926470216,16329774911.54293,,6647580.926470216,1413149655.9526408,-79.26424433367684,568541.4577506898,8228187789.565153,,3342612.7835537116,8228187789.565153,,3342612.7835537116,343077022.29085493,-67.93890325773056,192105.76785205858,8228187789.565153,,3342612.7835537116,8228187789.565153,,3342612.7835537116,6815038133.612512,2774071.3258030233,0,0,0,0,1070072633.6617836,376435.68989862845,0,0,0,0,13563529053.416496,5534230.844643755,0,0,0,0,2088771009.2195072,734994.0163141347,0,0,0,0,1353089190.3784304,-79.94975163398854,544804.1668061987,8101587121.9777775,,3304968.142916505,8101580110.18241,,3304963.685646926,334390814.8207045,-67.1746983362342,186245.84039069206,8101587121.9777775,,3304968.142916505,8101587121.9777775,,3304968.142916505,6748490919.803985,2760159.518840731,0,0,0,0,1018698375.5577236,358558.32641550625,0,0,0,0,2024-10-25 23:29:19,0.0006136061728173792,97931.87629430153,999998943.733215,613605.5246855597,999998943.733215,613605.5246855597
95Cm7gDac2tg9f9ou4M5QkqgpeEFBqoqeqBWNy7ByaE2,,95Cm7gDac2tg9f9ou4M5QkqgpeEFBqoqeqBWNy7ByaE2,655,3.6392405063291138,1603,,1287,309.87261146496814,317,-6.21301775147929,1603,,1603,,632,0,314,338,0,0,3.3212563914435214e-06,0.0007010619646041321,3.3212563914435214e-06,0.0005814630159683605,0.0007081364331003385,3.3212563914435214e-06,3.3212563914435214e-06,3.3212563914435214e-06,609,2024-10-26T01:28:20,1729906100,1,0.0006372887463457934,19088.18276082588,-9.096659279518821,19088.18276082588,9.60090819954585,-10.004807469707812,19088.18276082588,19088.18276082588,19088.18276082588,410,17.142857142857142,858,,760,683.5051546391752,189,-14.479638009049776,858,,858,,350,0,97,221,0,0,1065,8.45213849287169,2461,,2047,398.0535279805353,506,-9.481216457960643,2461,,2461,,982,0,411,559,0,0,622,2.809917355371901,1476,,1202,303.3557046979866,309,-5.214723926380368,1476,,1476,,605,0,298,326,0,0,241967193.09808347,12.677461676448065,167465.7565620211,1458470944.936545,,376410.05421875376,456710398.6140995,-54.386278956415744,303903.8885974254,125358817.30500257,7.50412777161835,87373.45155810066,1458470944.936545,,376410.05421875376,1458470944.936545,,376410.05421875376,119406285.25404066,8.81610370804211,82881.57860897724,1197617575.9870784,,207158.76999766313,229138467.5185462,-76.33422390626144,152784.19017441446,60955263.47790104,4.284342045126865,42635.319744232445,1197617575.9870784,,207158.76999766313,1197617575.9870784,,207158.76999766313,109732182.26450418,69902.61156543721,0,0,968227142.0592508,54213.236949694416,58451021.77613963,40246.25886474475,0,0,0,0,214743205.5160146,136438.1320354042,0,0,1001256613.5038824,72184.28277800875,116608375.7930809,80092.30500392031,0,0,0,0,122560907.84404281,16.712421276477706,84584.17795304384,260853368.94946638,,169251.28422109064,227571931.09555334,588.996587417512,151119.698423011,64403553.82710153,10.740171927940105,44738.13181386821,260853368.94946638,,169251.28422109064,260853368.94946638,,169251.28422109064,105011023.25151043,66535.520469967,0,0,33029471.444631595,17971.045828314334,58157354.01694126,39846.04613917555,0,0,0,0,2024-10-25 22:31:43,0.0007089929066524973,78875.56116136265,1000000000.0,708992.9066524974,1000000000.0,708992.9066524974
PRSMAPKp7ASvj7AxCiUj7K4KYCf6394a2Zzhby9pump,,PRSMAPKp7ASvj7AxCiUj7K4KYCf6394a2Zzhby9pump,169,20.714285714285715,484,,309,77.58620689655173,82,-5.747126436781609,484,,484,,140,0,174,87,0,0,0.0006029751873981499,0.0008266529960871318,0.0006029751873981499,0.0006960654507453715,0.0009121238617423205,0.0006029751873981499,0.0006029751873981499,0.0006029751873981499,44,2024-10-26T01:28:06,1729906086,1,0.0010006403565275433,65.95050301245837,21.04720617525865,65.95050301245837,43.75664751870994,9.70443801526476,65.95050301245837,65.95050301245837,65.95050301245837,1,,14,,1,-92.3076923076923,0,-100,14,,14,,0,0,13,1,0,0,170,21.428571428571427,498,,310,65.77540106951871,82,-6.8181818181818175,498,,498,,140,0,187,88,0,0,22,0,57,,23,-57.407407407407405,21,0,57,,57,,22,0,54,21,0,0,15358309.073655503,5.933886554765385,14029.979313419846,48294459.75596457,,37180.30673801351,29856322.479135167,62.798036608638,25142.755393806437,7152121.415172862,-12.84477381187123,6845.866314698617,48294459.75596457,,37180.30673801351,48294459.75596457,,37180.30673801351,15347126.730735447,5.856756381083595,14020.320161723268,47661851.54005121,,36774.607828231194,29845140.136215113,68.44474280992817,25133.09624210986,7152121.415172862,-12.725847760089447,6845.866314698617,47661851.54005121,,36774.607828231194,47661851.54005121,,36774.607828231194,14498013.405479662,11112.776080386651,0,0,17718059.72590795,11542.526851233006,8195005.315562596,7174.453847024628,0,0,0,0,14498013.405479662,11112.776080386651,0,0,18339485.59890126,11938.566609318745,8206187.65848265,7184.112998721206,0,0,0,0,11182.342920055058,19211118853717348,9.65915169657812,632608.2159133641,,405.6989097823178,11182.342920055089,-98.20053470477636,9.659151696578135,1.4551915228366852e-10,-99.9999999999987,2.842170943040401e-14,632608.2159133641,,405.6989097823178,632608.2159133641,,405.6989097823178,5.820766091346741e-11,2.842170943040401e-14,0,0,621425.872993309,396.03975808573966,11182.342920055145,9.65915169657812,0,0,0,0,2024-10-25 22:19:58,0.0010085654244112536,319967.06184036465,206899724.67176414,208671.90862414934,206899724.67176414,208671.90862414934
Ds4tykSf8vESCZPDLznadsfPXNgPzU5mVwc3oXXFwX5t,,Ds4tykSf8vESCZPDLznadsfPXNgPzU5mVwc3oXXFwX5t,13,-66.66666666666666,292,,52,-78.33333333333333,2,-81.81818181818183,292,,292,,39,0,240,11,0,0,4.2228916320277056e-06,0.00018956515157543451,4.2228916320277056e-06,0.00022015219837784927,0.00020146964740101866,4.2228916320277056e-06,4.2228916320277056e-06,4.2228916320277056e-06,93,2024-10-26T01:10:38,1729905038,2,0.00019469323131650573,4510.42452143201,2.7051806191448526,4510.42452143201,-11.564257476842485,-3.363492303644479,4510.42452143201,4510.42452143201,4510.42452143201,10,-82.75862068965517,324,,68,-73.4375,2,-75,324,,324,,58,0,256,8,0,0,23,-76.28865979381443,616,,120,-75.80645161290323,4,-78.94736842105263,616,,616,,97,0,496,19,0,0,18,-56.09756097560976,150,,57,-56.81818181818182,6,-50,150,,150,,41,0,132,12,0,0,27494599.443850353,-79.37426592040367,5514.995938791573,12184183583.606632,,378900.481201635,160797003.7982702,-98.66263134158636,34396.84610185518,5554888.691474883,-74.68112157826266,1096.2372269312114,12184183583.606632,,378900.481201635,12184183583.606632,,378900.481201635,15429638.990281006,-71.62635471548829,3087.5913298912665,10558511701.479887,,214851.21962855017,69809817.62282221,-99.33442843169883,15040.316586652865,395216.52110140445,-97.37125571726085,76.97461052629177,10558511701.479887,,214851.21962855017,10558511701.479887,,214851.21962855017,54380178.63254099,11952.72525676149,0,0,10488701883.857065,199810.90304189714,15034422.469179405,3010.6167193650253,0,0,0,0,133302404.35441735,28881.850163063587,0,0,12023386579.808361,344503.63509977964,21939710.752375886,4418.758711860446,0,0,0,0,12064960.453569345,-84.71284819553046,2427.404608900307,1625671882.1267443,,164049.26157308478,90987186.17544799,-94.07127819704696,19356.529515202317,5159672.170373479,-25.27940965290082,1019.2626164049196,1625671882.1267443,,164049.26157308478,1625671882.1267443,,164049.26157308478,78922225.72187635,16929.124906302095,0,0,1534684695.951295,144692.7320578825,6905288.283196479,1408.1419924954207,0,0,0,0,2024-10-25 22:16:45,0.00019527764983065984,104445.18331481193,10000000000.0,1952776.4983065985,10000000000.0,1952776.4983065985
Gp62BhyNmJqjA4EhDJkZ6vTrqHrQq6RRxySVHv7JmdBZ,,Gp62BhyNmJqjA4EhDJkZ6vTrqHrQq6RRxySVHv7JmdBZ,246,232.43243243243242,346,,320,1130.769230769231,128,8.47457627118644,346,,346,,74,0,26,118,0,0,2.5661154237968508e-05,2.7625472438073977e-05,2.5661154237968508e-05,2.5295666889801148e-05,3.3104361170874885e-05,2.5661154237968508e-05,2.5661154237968508e-05,2.5661154237968508e-05,71,2024-10-26T01:28:14,1729906094,1,4.0189451578201086e-05,56.61591526828658,45.479689689618425,56.61591526828658,58.87879830677601,21.40228706047239,56.61591526828658,56.61591526828658,56.61591526828658,0,,8,,0,-100,0,,8,,8,,0,0,8,0,0,0,246,232.43243243243242,354,,320,841.1764705882354,128,8.47457627118644,354,,354,,74,0,34,118,0,0,52,8.333333333333332,79,,53,103.84615384615385,51,0,79,,79,,48,0,26,51,0,0,791078126.7950754,246.6130896124726,26427.210333869505,1033740666.8426516,,32800.46796732918,1019309013.193374,6963.00911846236,32432.904418058886,379587857.20612025,-7.7528959347455,13887.55083914069,1033740666.8426516,,32800.46796732918,1033740666.8426516,,32800.46796732918,791078126.7950754,246.6130896124726,26427.210333869505,1026637734.073394,,32620.36005148543,1019309013.193374,13808.416350966596,32432.904418058886,379587857.20612025,-7.7528959347455,13887.55083914069,1026637734.073394,,32620.36005148543,1026637734.073394,,32620.36005148543,228230886.39829862,6005.694084189382,0,0,7328720.88001978,187.45563342654503,411490269.5889557,12539.659494728801,0,0,0,0,228230886.39829862,6005.694084189382,0,0,14431653.649277478,367.56354927029554,411490269.5889557,12539.659494728801,0,0,0,0,1.3915268937125802e-10,0,3.419486915845482e-14,7102932.769257697,,180.1079158437505,1.3915268937125802e-10,-100,3.419486915845482e-14,1.3915268937125802e-10,0,3.419486915845482e-14,7102932.769257697,,180.1079158437505,7102932.769257697,,180.1079158437505,1.3915268937125802e-10,3.419486915845482e-14,0,0,7102932.769257697,180.1079158437505,1.3915268937125802e-10,3.419486915845482e-14,0,0,0,0,2024-10-25 22:11:45,4.09410801486697e-05,311287.79401619494,4899993472.437303,200611.02548301395,4899993472.437303,200611.02548301395
BAmHS42JqR51sZ6oqPhj4pcqi6dFFYDka77P4Q22pump,,BAmHS42JqR51sZ6oqPhj4pcqi6dFFYDka77P4Q22pump,1678,46.806649168853895,11182,,2821,-66.27211860353897,562,-49.6415770609319,11182,,11182,,1143,0,8364,1116,0,0,6.521974269479066e-05,0.0005406842583347966,6.521974269479066e-05,0.0004316482950737179,0.0005647985907971763,6.521974269479066e-05,6.521974269479066e-05,6.521974269479066e-05,1341,2024-10-26T01:28:17,1729906097,3,0.000907268349798454,1291.0946475888518,67.80003038976311,1291.0946475888518,110.1869415801836,60.63573184874701,1291.0946475888518,1291.0946475888518,1291.0946475888518,1455,47.26720647773279,9645,,2443,-66.07886698139406,525,-43.54838709677419,9645,,9645,,988,0,7202,930,0,0,3133,47.020178320037544,20827,,5264,-66.18270589746884,1087,-46.87194525904203,20827,,20827,,2131,0,15566,2046,0,0,907,5.710955710955711,4114,,1431,-57.86219081272085,459,-32.10059171597633,4114,,4114,,858,0,3396,676,0,0,849091083.2671995,-22.28360914043383,650070.6973506538,11516883245.343716,,8229153.043536749,1941641925.986485,-79.72918449058002,1126544.184406076,264836765.6978626,-54.67097841918268,206075.83918354654,11516883245.343716,,8229153.043536749,11516883245.343716,,8229153.043536749,432656988.231355,-21.37111866047974,331426.2682576781,5825128950.628312,,4136376.439515929,982908983.2497407,-79.71643597344541,572278.5392575867,132208383.57875699,-55.996339629658706,103168.45200987873,5825128950.628312,,4136376.439515929,5825128950.628312,,4136376.439515929,550251995.0183928,240852.2709999093,0,0,4845839626.423387,3565621.6837016917,300448604.65259427,228257.81624779943,0,0,0,0,1092550842.7192798,476473.4870554236,0,0,9578509187.675213,7103227.409368616,584254317.569339,443994.8581671057,0,0,0,0,416434095.0358445,-23.209481856480938,318644.42909297574,5691754294.715403,,4092776.60402082,958732942.7367442,-79.74223785691153,554265.6451484895,132628382.1191056,-53.26789557685453,102907.38717366781,5691754294.715403,,4092776.60402082,5691754294.715403,,4092776.60402082,542298847.7008871,235621.21605551432,0,0,4732669561.251826,3537605.7256669244,283805712.91674477,215737.04191930627,0,0,0,0,2024-10-25 21:58:56,0.001255008925852384,123340.62121343423,999997596.189941,1255005.909049304,999997596.189941,1255005.909049304
9RLS414pwe1RvCQDFNMU31jtPAnLUVULPqzSM1ipump,,9RLS414pwe1RvCQDFNMU31jtPAnLUVULPqzSM1ipump,766,130.03003003003002,7876,,1099,-73.03729146221785,645,433.0578512396694,5175,91.59570529433543,7876,,333,0,4076,121,2701,0,4.911325716648766e-05,0.00012803935359003473,4.911325716648766e-05,8.511137147416829e-05,0.00017275114660854785,0.008276617039706438,4.911325716648766e-05,4.911325716648766e-05,879,2024-10-26T01:28:11,1729906091,2,0.00038512391862718004,684.1547086190176,200.78558492281715,684.1547086190176,352.4940815271283,122.93566566007605,-95.34684380369929,684.1547086190176,684.1547086190176,635,102.22929936305734,6588,,949,-72.6197345643393,502,277.4436090225564,4411,102.6182820395039,6588,,314,0,3466,133,2177,0,1401,116.53786707882534,14464,,2048,-72.84539909838239,1147,351.5748031496063,9586,96.5149651496515,14464,,647,0,7542,254,4878,0,461,101.31004366812226,3328,,563,-77.45294353223868,411,257.39130434782606,2818,88.36898395721924,3328,,229,0,2497,115,1496,0,1051795080.2404778,88.88336848815754,337586.9912002671,9170559612.383606,,11125912.325652264,1608644044.0529838,-62.86851225886051,402843.3088784077,736398097.1509523,133.48292362769237,295454.5372343038,5940973335.299436,83.95462531700002,4753082.774452945,9170559612.383606,,11125912.325652264,560646210.945733,88.5255967371071,177025.75717918584,4639266874.630216,,5573720.05710901,858030874.1686944,-58.64773813279175,211731.57100686865,387268157.36313516,123.36630811156584,153365.20333221983,2934555305.584271,72.14380185303784,2335494.305174677,4639266874.630216,,5573720.05710901,297384663.222966,34705.81382767512,0,0,2074930935.8797138,2122983.370111418,173378053.58259514,23660.55384697635,1704711569.045949,3238225.7519343286,0,0,556848963.812514,65256.31767813415,0,0,4332290845.084296,4349557.980680795,315396983.0895211,42132.45396598082,3229586277.0841703,6372829.551199308,0,0,491148869.29474485,89.29342810504926,160561.23402108127,4531292737.753389,,5552192.268543254,750613169.8842894,-66.74818371569378,191111.73787153902,349129939.78781724,145.83338362002712,142089.33390208395,3006418029.7151647,97.15836415065044,2417588.4692782685,4531292737.753389,,5552192.268543254,259464300.58954796,30550.503850459034,0,0,2257359909.2045827,2226574.6105693774,142018929.50692597,18471.900119004473,1524874708.0382216,3134603.799264979,0,0,2024-10-25 21:00:26,0.00031812561285572146,74243.9734691854,999995934.007734,318124.31935943995,999995934.007734,318124.31935943995
8wa9yRNKp57Fy4RViUgBV21oR7SsgmrAkN576ThJzY2F,,8wa9yRNKp57Fy4RViUgBV21oR7SsgmrAkN576ThJzY2F,1814,219.3661971830986,3912,,2382,98.16971713810317,1792,8045.454545454545,3584,992.6829268292684,3912,,568,0,1202,22,328,0,0.00032596969437100585,0.0006139383117827857,0.00032596969437100585,0.0005741057197110125,0.0005859985754095014,0.0006803714985118409,0.00032596969437100585,0.00032596969437100585,492,2024-10-26T01:27:46,1729906066,1,0.0006061404704942303,85.94994594937562,-1.2701343341665192,85.94994594937562,5.579939318379055,3.437191817514834,-10.91036708327351,85.94994594937562,85.94994594937562,906,225.8992805755396,1936,,1184,79.93920972644378,892,6271.428571428572,1842,1859.5744680851062,1936,,278,0,658,14,94,0,2720,221.5130023640662,5848,,3566,91.72043010752688,2684,7355.555555555556,5426,1185.781990521327,5848,,846,0,1860,36,422,0,2671,231.38957816377172,5315,,3466,98.85255306942054,2650,10500,5168,2071.4285714285716,5315,,806,0,1743,25,238,0,404867341.8451798,484.42636538058304,239922.33856651705,1289964655.91791,,771581.6631002886,474143364.5963991,-17.009125775430647,283158.40119375964,401100932.3911096,10549.424532367399,237675.28261508077,1045463246.4829195,327.58986498231025,639556.1670618651,1289964655.91791,,771581.6631002886,201911084.65543,469.1830630999217,119945.12359009082,658012783.3549503,,392405.07851277926,237384923.87259927,-16.00457806491088,142112.20976025963,200801719.7964797,18000.602175786134,119284.83075847475,520001426.5387197,276.78162039311826,318821.7044906582,658012783.3549503,,392405.07851277926,35473839.21717009,22167.08617016872,0,0,282616502.6661193,176709.49473039823,1109364.8589498298,660.2928316160968,138011356.81623003,73583.37402212115,0,0,69276022.75121982,43236.06262724243,0,0,571319881.886519,356397.7658681052,3766409.454069756,2247.0559514364063,244501409.43499002,132025.49603842333,0,0,202956257.1897498,500.4235110590036,119977.21497642623,631951872.5629598,,379176.58458750934,236758440.72379985,-17.992494108267564,141046.19143349997,200299212.59462985,7438.421182787462,118390.45185660601,525461819.9441997,393.4374685919076,320734.4625712069,631951872.5629598,,379176.58458750934,33802183.534049734,21068.97645707371,0,0,288703379.2203996,179688.27113770696,2657044.595119926,1586.7631198203096,106490052.61875999,58442.122016302164,0,0,2024-10-25 20:57:46,0.000598654151973425,89322.8740000274,1000000000.0,598654.151973425,1000000000.0,598654.151973425
H44DLit5Uwd3b9hLsmog8DZpHPH4Y3VAhVnd1k8rpump,,H44DLit5Uwd3b9hLsmog8DZpHPH4Y3VAhVnd1k8rpump,129,-64.3646408839779,1407,,491,-11.690647482014388,56,-23.28767123287671,1047,190.83333333333334,1407,,362,0,556,73,360,0,5.5358013732974726e-05,9.161154234280294e-05,5.5358013732974726e-05,6.99314350327197e-05,0.00012186722387693297,4.085222656204997e-05,5.5358013732974726e-05,5.5358013732974726e-05,295,2024-10-26T01:28:11,1729906091,1,0.00020568202045048294,271.5487724010693,124.51539968712409,271.5487724010693,194.1195477459427,68.77550329544712,403.47811553936947,271.5487724010693,271.5487724010693,98,-71.42857142857143,1052,,441,39.11671924290221,48,-4,758,157.82312925170066,1052,,343,0,317,50,294,0,227,-67.80141843971631,2459,,932,6.758304696449026,104,-15.447154471544716,1805,175.99388379204893,2459,,705,0,873,123,654,0,131,-48.627450980392155,735,,339,16.49484536082474,86,17.80821917808219,528,78.37837837837837,735,,255,0,291,73,296,0,374706798.0445802,-62.36630319542046,50126.8561267929,4868821496.424568,,350223.64789946587,1370375121.542849,-7.392576378659631,176003.37497415612,115212233.83903968,-55.60129199940233,15972.111232559586,2850143230.788748,41.188582614032455,276287.09451851953,4868821496.424568,,350223.64789946587,214782758.8299242,-57.51809485884517,28949.99605402825,2500966369.924192,,181833.50429781654,720369215.266524,-9.258685510857674,92686.53586057902,77571774.83957177,-43.46533157649574,11059.437509628584,1514240473.7137654,53.46110602035361,146004.02341810672,2500966369.924192,,181833.50429781654,505586456.436604,63736.53980655076,0,0,793871258.4472423,53317.48755752756,137210983.9903498,17890.558544399693,986725896.2104255,35829.48087970997,0,0,995668323.4982729,125876.51884736319,0,0,1479768109.2458997,100283.71954436341,259494564.20553666,34154.7448942333,2018678265.6358204,73936.5533809466,0,0,159924039.21465605,-67.36789300663267,21176.86007276465,2367855126.500376,,168390.14360164935,650005906.2763251,-5.232702917434459,83316.8391135771,37640458.9994679,-69.21871363822468,4912.673722931003,1335902757.0749824,29.453916348758526,130283.0711004128,2367855126.500376,,168390.14360164935,490081867.06166893,62139.97904081242,0,0,685896850.7986575,46966.231986835846,122283580.21518688,16264.186349833604,1031952369.425395,38107.07250123664,0,0,2024-10-25 20:41:08,0.0002126041172088945,48238.924069336834,999999999.406965,212604.11708281282,999999999.406965,212604.11708281282
GRpS5quvyxPCx3nARqyyNSyd51D8MwWw1Rb5GT6Zpump,,GRpS5quvyxPCx3nARqyyNSyd51D8MwWw1Rb5GT6Zpump,916,2.460850111856823,8843,,1810,-66.76459786999632,274,-57.3208722741433,7256,357.7917981072555,8841,,894,0,5446,642,1585,0,0.00014799349669110894,0.0006075535906211155,0.00014799349669110894,0.0003825978103970764,0.0005239217971232247,0.00040302003782372394,0.00014799349669110894,0.00014799349669110894,3135,2024-10-26T01:32:16,1729906336,2,0.0004931040160563999,233.19303015429344,-18.837774367807015,233.19303015429344,28.88312547963497,-5.882133790966636,22.352233084767256,233.19303015429344,233.19303015429344,741,12.613981762917934,5173,,1399,-50.05355230274902,238,-52.683896620278325,4200,333.88429752066116,5168,,658,0,2801,503,968,0,1657,6.765463917525773,14016,,3209,-61.088880805141265,512,-55.28384279475983,11456,348.7269878574226,14009,,1552,0,8247,1145,2553,0,731,-14.000000000000002,4903,,1362,-63.09943104849635,327,-37.595419847328245,4507,507.41239892183285,4903,,850,0,3691,524,742,0,379974414.29092133,-14.499464749456688,215801.2446485235,6514947190.1520405,,3050800.625908767,824386151.8051753,-69.29894025668447,426552.1699821145,114151319.02518156,-57.05741109098676,62367.409738255825,3509590371.782192,16.91885167065842,1929730.3809979898,6511322189.734131,,3049114.7207522998,185763962.0372977,-20.492735273068323,105897.02520388017,3318141750.9865155,,1538310.9226511489,419407972.651057,-68.41887988350436,216727.2435177171,54836978.47764585,-58.11636609449554,30114.257478617437,1747441845.7497776,11.258079932064021,963173.9136603305,3318062017.1717453,,1538275.035250061,233644010.61375394,110830.21831383494,0,0,1328033873.0987232,746446.6701426152,130926983.55965486,75782.76772526422,1570620171.421971,575101.121589731,0,0,444411737.51424766,210750.92533359065,0,0,2685204219.977022,1503178.2110158778,265823095.26574048,153433.83491026916,3001731817.9519444,1119384.3397543095,0,0,194210452.25362366,-7.855697307342973,109904.21944464334,3196805439.165525,,1512489.7032576178,404978179.15411824,-70.16010701341725,209824.9264643974,59314340.54753572,-56.029614347394244,32253.152259638387,1762148526.032415,23.131450317318627,966556.4673376594,3193260172.562386,,1510839.6855022386,210767726.90049374,99920.70701975573,0,0,1357170346.8782988,756731.5408732627,134896111.70608562,77651.06718500494,1431111646.5299735,544283.2181645787,0,0,2024-10-25 20:02:20,0.0004931040160563999,86087.51946222495,999831435.974797,493020.89645860967,999831435.974797,493020.89645860967
D7WsH57sJVpNt5YcEE6v1GwSLPGRBLNDfs64hqiSpump,,D7WsH57sJVpNt5YcEE6v1GwSLPGRBLNDfs64hqiSpump,5,-82.75862068965517,832,,34,-75.71428571428571,5,,174,-73.55623100303951,832,,29,0,140,0,658,0,0.00011263996163048499,0.00048255219477525053,0.00011263996163048499,0.00046859019439556004,0.0004483416043213658,0.0015587278615407495,0.00011815664432587075,0.00011263996163048499,207,2024-10-26T01:24:48,1729905888,1,0.0004872293931712735,332.55465122549305,0.9692626925469497,332.55465122549305,3.9777184837929442,8.673696234095967,-68.7418564078489,312.3588613667097,332.55465122549305,10,-47.368421052631575,755,,29,-82.53012048192771,7,133.33333333333331,195,-65.17857142857143,755,,19,0,166,3,560,0,15,-68.75,1587,,63,-79.41176470588235,12,300,369,-69.70443349753694,1587,,48,0,306,3,1218,0,11,-69.44444444444444,521,,44,-71.61290322580646,9,200,198,-56.48351648351648,521,,36,0,155,3,455,0,8319967.738863764,-52.9927846826516,3920.1780967968652,901428670.8663795,,456818.2816307229,26019309.600948744,-67.1837249226985,12879.201529237485,5663900.300057006,113.24384378587146,2701.3161639710534,105307131.084826,-86.77248060469248,95248.64197369383,901428670.8663795,,456818.2816307229,4650215.322179965,-46.31193844569499,2201.8295243792127,516537880.488275,,240730.12578168837,13311759.783934068,-41.46190208085734,6601.577819890154,4650215.322180075,6347094963005895,2201.829524379087,36052095.15035019,-92.49674053832939,33267.504101879524,516537880.488275,,240730.12578168837,8661544.461753964,4399.7482955111755,0,0,22740335.36641607,26665.9262819894,7.326525519602001e-08,1.7847057165454316e-11,480485785.337925,207462.62167980897,0,0,17699341.86208476,8959.023432440748,0,0,79287821.48387672,82369.44044445641,2656067.4388070046,1218.8619328257114,796121539.781554,361569.63965702936,0,0,3669752.4166838,-59.39550031792612,1718.3485724176523,384890790.3781045,,216088.15584903452,12707549.817014677,-77.52764854901152,6277.62370934733,1013684.9778769315,-61.83511897829429,499.48663959196637,69255035.9344758,-78.05855801838686,61981.137871814295,384890790.3781045,,216088.15584903452,9037797.400330799,4559.275136929573,0,0,56547486.11746065,55703.51416246701,2656067.4388069315,1218.8619328256937,315635754.44362897,154107.01797722038,0,0,2024-10-25 19:27:17,0.0004872293931712735,73459.27739720448,525688317.846541,256130.80010159774,525688317.846541,256130.80010159774
2B5536xgbvqsqAeN3xm4YGSRf5AHYr8wRfjHae9JmSLX,,2B5536xgbvqsqAeN3xm4YGSRf5AHYr8wRfjHae9JmSLX,59,-74.8936170212766,2197,,294,-54.629629629629626,24,-31.428571428571427,942,-24.880382775119617,2196,,235,0,648,35,1254,0,0.0007081088868175686,0.0007845947735624293,0.0007081088868175686,0.0006574298342732263,0.0007940586386367058,0.0008754755693166885,0.002221951466374907,0.0007081088868175686,279,2024-10-26T01:31:35,1729906295,1,0.0006868065375746377,-3.008343722202025,-12.463533951900677,-3.008343722202025,4.468416516857141,-13.506823783972166,-21.55046221213319,-69.08993972333896,-3.008343722202025,66,-71.30434782608695,1953,,296,-55.688622754491014,36,20,964,-2.5278058645096055,1953,,230,0,668,30,989,0,125,-73.11827956989248,4150,,590,-55.16717325227963,60,-7.6923076923076925,1906,-15.024520731163621,4149,,465,0,1316,65,2243,0,70,-71.42857142857143,1594,,311,-52.00617283950617,35,-12.5,952,37.77134587554269,1594,,245,0,648,40,691,0,16619465.284449155,-46.32829780671656,12216.732422463045,1706122401.5109107,,1680326.930504181,47584507.57917382,-80.61621727292956,33492.59060080214,11751716.937463047,141.41997695375753,8367.98247363796,293070686.6659775,-79.2592159834709,226142.30733031075,1706087120.5308597,,1680302.6103561637,5851612.790048849,-67.25587825570494,4344.238281877843,921439748.612967,,853485.9004586661,23722340.353747193,-79.91010752715269,16724.726059945904,3140240.4092548243,15.817378368893717,2196.8686744547676,141803312.59294116,-81.81078726266512,109677.5032992663,921404467.632916,,853461.5803106489,17870727.563698858,12380.487778068127,0,0,118080972.2391961,92952.77723932236,2711372.380794825,2147.3696074229424,779601155.0399761,743784.0770113828,0,0,30965042.294725172,21275.85817834,0,0,245486179.08680755,192649.71672950976,4867748.346987049,3848.749948824763,1413016433.8648844,1454160.3030258538,0,0,10767852.494400306,-17.766964399546424,7872.494140585201,784682652.8979437,,826841.0300455147,23862167.22542663,-81.27064990839187,16767.864540856237,8611476.528208222,299.3494948570845,6171.113799183191,151267374.07303634,-76.11876771370866,116464.80403104446,784682652.8979437,,826841.0300455147,13094314.731026314,8895.370400271875,0,0,127405206.84761144,99696.9394901874,2156375.966192224,1701.3803414018207,633415278.8249084,710376.2260144711,0,0,2024-10-25 18:52:46,0.0006868065375746377,89772.15279478155,982409478.508001,674725.2524145856,982409478.508001,674725.2524145856
JXL9547qPmBhutuVcFWownV6opuAkgxutvc6KCfpump,,JXL9547qPmBhutuVcFWownV6opuAkgxutvc6KCfpump,24198,1040.876944837341,47859,,26319,108.5168752971003,319,-98.66409816156455,38941,419.9065420560748,46431,3144.6540880503144,2121,0,12622,23879,7490,1431,5.304476885616516e-05,0.0001307098151680199,5.304476885616516e-05,0.00011449178368609983,0.0001744653835850212,9.529561717204372e-05,0.00028467270018201515,4.6625414738523284e-05,863,2024-10-26T01:32:12,1729906332,2,0.00020329750776376687,283.25646835227656,55.53346740062304,283.25646835227656,77.5651502828746,16.525985606018555,113.33353389877303,-28.585527297214764,336.0229477933126,303,-40,10047,,808,-38.88048411497731,202,100,2130,-68.3835535104646,8867,648.902027027027,505,0,1322,101,6737,1184,24501,833.015993907083,57906,,27127,94.54245553643143,521,-97.82735613010843,41071,188.6834891403669,55298,2014.6462715105163,2626,0,13944,23980,14227,2615,456,-51.8479408658923,4983,,1244,-10.760401721664275,332,108.80503144654088,2496,7.911802853437094,4439,393.77085650723023,947,0,1394,159,2313,899,460815423.0175066,22.203006481517626,76666.65752307007,19612394667.045242,,2873441.044965312,837905509.6572506,-62.331041423074474,122362.5682402027,130353393.4238677,-60.55419934805924,22421.49705943913,3062298063.399132,-74.59661092657214,407999.3676381381,15116981218.26339,236.21121103567128,2572741.0573085146,248090976.63006195,27.36683913499029,41294.17887823407,9845278302.276228,,1444347.5090259656,442875567.5918791,-60.2903709539009,64949.824209235696,72782539.245078,-58.48315099333029,12640.467184852585,1558160646.3765206,-74.43395231442594,208505.12168818555,7652808773.219119,249.04969782972185,1296106.6138031548,194784590.9617979,23655.645330997948,0,0,1115285078.7846513,143555.297478954,175308437.384989,28653.71169338214,6094648126.842582,1087601.4921149663,2192469674.3191037,148240.89943247283,377090086.6397275,45695.91071712607,0,0,2224392553.7418957,285636.7993979438,330462029.59364766,54245.16046363273,12054683154.864239,2164741.689670371,4496275175.267582,300698.66038788116,212724446.38744467,16.685701435602798,35372.478644835996,9767116364.769016,,1429093.5359393463,395029942.0653715,-64.38307819712425,57412.744030967006,57570854.1787897,-62.89428213729953,9781.029874586546,1504137417.022611,-74.76294333924601,199494.24594995254,7464172445.044271,223.99316877971103,1276634.4435053596,182305495.67792958,22040.265386128118,0,0,1109107474.9572444,142081.5019189898,155153592.20865867,25591.44877025059,5960035028.021658,1077140.1975554046,2303805500.9484787,152457.76095540833,2024-10-25 17:07:24,0.00020329750776376687,49903.24679059276,999986537.352913,203294.77084116617,999986537.352913,203294.77084116617
dracoAfhWox6saRpRcovijFSN1b5HHqHPpRSz19neFh,,dracoAfhWox6saRpRcovijFSN1b5HHqHPpRSz19neFh,0,,106,,0,,0,,0,,0,-100,0,0,0,0,0,106,0.37301845848084303,17.54785810812294,0.37301845848084303,17.54785810812294,17.54785810812294,17.54785810812294,17.54785810812294,17.54785810812294,109,2024-10-25T17:21:06,1729876866,1,17.54785810812294,4604.286801138057,0,4604.286801138057,0,0,0,0,0,0,,22,,0,,0,,0,,0,-100,0,0,0,0,0,22,0,,128,,0,,0,,0,,0,-100,0,0,0,0,0,128,,,106,,,,,,,,,-100,,0,,,,106,0,,0,21601.935095999997,,61725.12115872043,0,,0,0,,0,0,,0,0,-100,0,,,,20280.817488999997,,47759.02229877163,,,,,,,,,,,,,,,0,0,,,,,,,20280.817488999997,47759.02229877163,0,0,0,0,0,0,0,0,0,0,21601.935095999997,61725.12115872043,,,,1321.117607,,13966.0988599488,,,,,,,,,,,,,,,0,0,,,,,,,1321.117607,13966.0988599488,2024-10-25 16:54:40,17.54785810812294,71720.44595680007,30000.0,526435.7432436883,30000.0,526435.7432436883
6TcoT3vcexjsMuuLvS9DhBUrVVcoqBMHEppQGQLMpump,,6TcoT3vcexjsMuuLvS9DhBUrVVcoqBMHEppQGQLMpump,7,0,13051,,14,16.666666666666664,5,150,26,-99.78491065519523,12114,1191.4712153518124,7,0,12,2,12088,938,0.0002333889439037121,0.0001968316062238095,0.0002333889439037121,0.00018391196743826996,0.00019430849789679023,0.0002354802031606856,0.0004729235538936924,0.00033403875474154144,213,2024-10-26T01:23:06,1729905786,1,0.00020700369263234372,-11.305270433998786,5.1679131231434114,-11.305270433998786,12.55585784640387,6.533525230737322,-12.092953100142461,-56.2289315201087,-38.03003702594018,3,-40,4968,,8,-74.19354838709677,1,-50,39,-99.07120743034056,4238,480.54794520547944,5,0,31,2,4199,730,10,-16.666666666666664,18019,,22,-48.837209302325576,6,50,65,-99.60090870019033,16352,880.3357314148681,12,0,43,4,16287,1668,8,-42.857142857142854,737,,19,-44.11764705882353,4,0,53,-77.63713080168776,274,-55.80645161290323,14,0,34,4,237,620,12614413.453476977,121.04205350435255,2498.3430451725076,2104034497.8943243,,625788.6585859645,18321206.91358399,-49.24886590283917,3601.3923071532213,2949431.355162461,-69.48332314369387,600.8140159952617,54421300.51643581,-88.19369075814781,10557.946867442626,515372300.54206467,-67.56111467812691,167634.84892505256,7524758.9580855835,118.91551457058694,1496.916595235195,1096907015.652835,,318796.3369285772,10962047.98387415,-15.333853193153782,2164.5188681223663,2552514.5529292542,-48.664740810361664,518.8954992868629,23909428.250135694,-89.15137997118951,4563.009120500021,244300853.02711096,-71.34947639362775,80362.0031113057,3437289.0257895845,667.6022728870039,0,0,12947380.266262151,2398.490252377262,4972244.405156255,978.0210959481002,220391424.7769749,75798.99399080606,852692454.7123294,238464.94584167362,5706793.460108977,1103.0492619800757,0,0,36100093.60285199,6956.5545602889815,9664982.09831446,1897.5290291770527,460951000.025628,157076.90205761042,1588748489.4388657,458184.4216853138,5089654.495391393,124.26281343300138,1001.4264499373124,1007127482.2414895,,306992.3216573872,7359158.9297098415,-68.21470199745595,1436.873439030855,396916.80223320675,-91.54189242642107,81.9185167083988,30511872.266300116,-87.31629275834824,5994.937746942605,271071447.5149537,-63.17244411756454,87272.84581374684,2269504.434319393,435.4469890930717,0,0,23152713.33658984,4558.064307911719,4692737.6931582065,919.5079332289525,240559575.24865308,81277.90806680436,736056034.7265363,219719.4758436402,2024-10-25 16:39:17,0.00020700369263234372,48333.614858592904,999415481.659546,206882.6951774584,999415481.659546,206882.6951774584
8SgNwESovnbG1oNEaPVhg6CR9mTMSK7jPvcYRe3wpump,,8SgNwESovnbG1oNEaPVhg6CR9mTMSK7jPvcYRe3wpump,129,-6.521739130434782,6389,,267,-35.97122302158273,46,-44.57831325301205,684,-81.12582781456953,4308,107.01585776069197,138,0,417,83,3624,2081,9.789883751625045e-05,0.0006411928107472117,9.789883751625045e-05,0.0003151753874588737,0.0005431624274172791,0.0004436877066940979,0.000426571864778757,4.07004609422612e-05,669,2024-10-26T01:30:48,1729906248,3,0.0005695721289491255,481.79662128733753,-11.169913417248594,481.79662128733753,80.71592884880559,4.862210675621241,28.372303391723026,33.52313548492846,1299.424271280702,109,-0.9090909090909091,5741,,219,-47.482014388489205,52,-8.771929824561402,636,-80.65104958929115,3923,115.66794942275975,110,0,417,57,3287,1819,238,-4.032258064516129,12130,,486,-41.726618705035975,98,-30,1320,-80.90001446968601,8231,111.05128205128206,248,0,834,140,6911,3900,116,-15.942028985507244,2341,,210,-31.818181818181817,56,-32.53012048192771,451,-67.64705882352942,1547,32.10930828351836,138,0,308,83,1394,1171,62491557.913247965,-62.11633547763197,34124.17491252019,8264373221.650412,,2963447.4199748384,227448033.74823904,-52.703469287321546,100967.27639471665,24090622.044993907,-37.26553402852828,12609.774655669553,708345956.5366044,-79.82906554768036,286685.95334372413,4220062075.643553,4.341155370333857,2119133.4279723773,30872469.47382113,-67.9530962218667,16883.464813531515,4193172973.9975486,,1493254.336520978,127207733.83369763,-45.171131274556,56418.21100395758,14338719.608331108,-13.27605821433815,7595.743866033906,359216412.4564307,-80.54185313571185,146278.41200722632,2205314167.61166,10.939175384449351,1072283.448851169,96335264.35988015,39534.74619042709,0,0,232008678.6227368,89860.20100326774,16533749.865486098,9287.720947497131,1846097755.155227,926005.0368439459,1987858806.3858864,420970.88766980835,164956475.83498806,66843.10148219798,0,0,480897922.7883804,185718.67694900322,38400935.86824989,21514.400256850524,3511716119.106941,1832447.474628656,4044484710.4342065,844320.848318604,31619088.439426836,-53.9222818138433,17240.710098988675,4071200247.6528625,,1470193.0834538606,100240299.91454142,-59.72493698931064,44549.065390759075,9751902.436662799,-55.403944360146504,5014.030789635646,349129544.08017373,-79.03904329849867,140407.54133649782,2014747908.0318928,-2.0362476196567134,1046849.979121208,68621211.4751079,27308.355291770888,0,0,248889244.16564354,95858.47594573548,21867186.002763797,12226.679309353394,1665618363.9517143,906442.4377847101,2056625904.04832,423349.96064879565,2024-10-25 15:55:00,0.0005695721289491255,86065.30633919561,999999996.487513,569572.1269485108,999999996.487513,569572.1269485108
9PR7nCP9DpcUotnDPVLUBUZKu5WAYkwrCUx9wDnSpump,,9PR7nCP9DpcUotnDPVLUBUZKu5WAYkwrCUx9wDnSpump,1258,68.18181818181817,29504,,2006,137.6777251184834,488,-36.62337662337662,2850,-56.01173020527859,9329,-53.764186945532046,748,0,844,770,6479,20177,6.854984751333569e-05,0.0018993940822609411,6.854984751333569e-05,0.0008770257984045582,0.002065254803834237,0.0007014160734802973,0.001285731283664587,0.0006487925756247892,3000,2024-10-26T01:32:15,1729906335,6,0.0017146555254936046,2401.326534913204,-9.726183654707041,2401.326534913204,95.50799173899112,-16.976078578281438,144.45626359627033,33.360333319921956,164.28408553263517,1151,94.09780775716695,25605,,1744,122.1656050955414,465,-32.21574344023323,2529,-55.055980095965886,8156,-53.25270820198315,593,0,785,686,5627,17447,2409,79.64205816554811,55109,,3750,130.2025782688766,953,-34.5467032967033,5379,-55.56748719643152,17485,-53.52700403997448,1341,0,1629,1456,12106,37624,853,62.16730038022814,9043,,1179,89.85507246376811,436,-30.01605136436597,1560,-42.64705882352941,3706,-48.90390183372398,526,0,621,623,2720,7253,248387430.67517048,46.11627212558142,496831.45577730995,16618061218.541325,,30889569.002493415,418380428.07501745,67.84325015258683,741996.8510094597,85923919.09916449,-47.11186637193702,150047.71004193817,667648973.3961108,-70.41610194122171,977305.6177652096,2924447492.8799324,-78.64445436050224,4540546.959118032,121272101.4819294,22.2553447222455,243499.4269097462,8365120191.414317,,15444354.244601732,220467847.69446394,70.37190653113461,386090.9262463172,39948457.63008051,-50.877191751448414,69355.77652811725,349871721.9500956,-68.94015364764911,507998.1245367085,1476315549.073569,-78.57117773623217,2287128.3979334347,99195746.2125276,142591.49933653063,0,0,129403874.25562708,121907.19829040456,81323643.85185249,174143.6503816451,1126443827.1234856,1779130.2733967237,6889391917.584504,13157478.067236764,169992997.3998316,245165.39523208223,0,0,249268545.32110554,235308.7667557542,162463511.57601142,346783.7457353972,2256798519.483819,3563241.341352852,13694089311.729284,26349048.848299332,127115329.19324106,79.54839638750913,253332.02886756376,8252941027.127008,,15445214.757891683,197912580.38055348,65.11335543768341,355905.92476314254,45975461.46908397,-43.33801279368483,80691.93351382091,317777251.4460152,-71.88694366522658,469307.49322850106,1448131943.8063633,-78.71864302073986,2253418.561184597,70797251.18730398,102573.89589555158,0,0,119864671.06547844,113401.56846534961,81139867.72415891,172640.0953537521,1130354692.3603332,1784111.0679561284,6804697394.14478,13191570.781062566,2024-10-25 14:59:54,0.0017146555254936046,189797.7774378538,999962824.808567,1714591.7828462028,999962824.808567,1714591.7828462028
12JkGNVhg3hzrKXJYVGrtttJDqTnyXeQE3HVacaWfBez,,12JkGNVhg3hzrKXJYVGrtttJDqTnyXeQE3HVacaWfBez,0,,153,,0,,0,,0,-100,1,-99.3421052631579,0,0,0,0,1,152,1.1624906853820543e-05,0.0024629521337421177,1.1624906853820543e-05,0.0024629521337421177,0.0024629521337421177,0.0024629521337421177,0.0024629521337421177,0.0025452399476341373,145,2024-10-25T18:12:12,1729879932,1,0.0024629521337421177,21086.854782691567,0,21086.854782691567,0,0,0,0,-3.233008108666068,0,,20,,0,,0,,0,,0,-100,0,0,0,0,0,20,0,,173,,0,,0,,0,-100,1,-99.4186046511628,0,0,0,0,1,172,,,141,,,,,,,-100,141,0.7142857142857143,,0,,,8,140,0,,0,314352924.842286,,82462.94079430112,0,,0,0,,0,0,-100,0,8935.265412924378,-99.99715748806747,22.007131014495723,,,,297067552.15945196,,65492.436518584975,,,,,,,,,,8935.265412922981,-99.99699208677858,22.007131014494814,,,0,0,,,,,8935.265412936253,22.00713101449595,297058616.894039,65470.429387570475,0,0,0,0,0,0,0,0,8935.26541293765,22.00713101449686,314343989.57687294,82440.93366328662,,,,17285372.682834,,16970.504275716146,,,,,,,,,,1.3969838619232178e-09,-100,9.094947017729282e-13,,,0,0,,,,,1.3969838619232178e-09,9.094947017729282e-13,17285372.682834,16970.504275716146,2024-10-25 13:29:19,0.0024629521337421177,98726.27559111625,1000000000.0,2462952.133742118,1000000000.0,2462952.133742118
9SQejxQibRTqofEd6RJbwVT7EhDGfkX8Fadu5C5ne7gJ,,9SQejxQibRTqofEd6RJbwVT7EhDGfkX8Fadu5C5ne7gJ,0,-100,20758,,2,-99.95248277500593,0,,4211,-54.50518582541054,13467,84.10116199589885,2,0,4209,0,9256,7315,0.02059535609512452,0.0005154626916475044,0.012372340858112415,0.0004990098818175037,0.0004944043595912662,0.0009646518195831955,0.008285041837371988,0.013512425046013934,21979,2024-10-26T00:46:54,1729903614,1,0.0004944043595912662,-97.59943767270765,-4.085326134648519,-96.00395458497985,-0.9229320688927369,0,-48.74789540075846,-94.03256653018796,-96.34111302813767,1,0,17418,,2,-99.96056004732795,0,-100,5073,-36.380737396538755,13047,197.94473624115093,1,0,5071,1,7974,4379,1,-66.66666666666666,38176,,4,-99.95689655172414,0,-100,9284,-46.117237376668605,26514,126.7316572601334,3,0,9280,1,17230,11694,1,-99.93734335839599,21771,,1212,-86.05774761302197,,-100,11541,-2.7635015586822815,17632,125.67515678996544,1596,0,8693,1,11869,7813,3400893.422578554,251.57885839697286,1681.4165346282239,1919227117.3698,,6257700.39691343,4368213.652837092,-99.4271063706417,2178.2974908257825,0,-100,0,766850711.098271,2.3537327410728093,1189320.9697278505,1516066876.0213375,275.69087804814825,3744823.638059573,3.291061148047447e-07,-99.99999999996582,6.058940016373526e-10,1056367594.203774,,3142675.2415159983,962946.4448705314,-99.74108571804587,494.6760921452954,,,,372880029.42799336,3.0903121162590295,588309.4943866979,734582328.8714967,128.1487307018127,1819882.2260809124,962946.4448689519,494.6760921470853,0,0,371917082.98312604,587814.8182945446,8.416827768087387e-08,5.622382559522521e-10,361702299.44350326,1231572.7316942269,321975198.639867,1325356.8202631583,967320.230256438,496.88095620061335,0,0,762482497.4454374,1187142.672237016,3400893.422578473,1681.4165346285367,749216164.9230667,2555502.6683317353,403541039.88307106,2518004.1074267747,3400893.422578225,77656.2939486828,1681.416534627618,862859523.1660262,,3115025.155397431,3405267.2079665605,-99.128118598864,1683.6213986804871,,,,393970681.67027766,1.6662155256621898,601011.4753411527,781484547.1498407,858.1027244232002,1924941.4119786604,4373.7853874860975,2.2048640535280963,0,0,390565414.4623113,599327.8539424714,3400893.422578389,1681.4165346279744,387513865.4795635,1323929.9366375085,81565841.24320409,1192647.2871636162,2024-10-25 13:19:00,0.0004944043595912662,54285.48850448021,999999999.4282421,494404.3593085866,999999999.4282421,494404.3593085866
J7QoEcvcpieuDcuqrA9GZjunGQ3ofkGx4MzgyPmrpump,,J7QoEcvcpieuDcuqrA9GZjunGQ3ofkGx4MzgyPmrpump,65,-41.44144144144144,6071,,176,-60.88888888888889,33,3.125,626,-69.77305649444713,2697,-20.11255924170616,111,0,450,32,2071,3376,5.489263136309954e-05,0.0005511316211326409,0.00020390971404629513,0.0004619569284355962,0.0005247064808379035,0.0006596248879887234,0.00048720884869864515,0.0006031702925590325,1407,2024-10-26T01:32:12,1729906332,3,0.00047438375526862443,764.2029785941712,-13.925505799556651,132.64401967672887,2.6900401461909667,-9.590643037021135,-28.08279919287487,-2.632360529632635,-21.351604825233284,69,-5.47945205479452,4260,,142,-66.82242990654206,28,-31.70731707317073,570,-62.326503635161934,2083,-4.317868626550299,73,0,428,41,1513,2177,134,-27.173913043478258,10331,,318,-63.781321184510254,61,-16.43835616438356,1196,-66.62946428571429,4780,-13.920403385557357,184,0,878,73,3584,5553,94,-34.26573426573427,3201,,207,-54.20353982300885,47,-12.962962962962962,596,-60.969220694171575,1865,-2.7632950990615224,143,0,452,54,1527,1918,29958202.21463439,-28.349619748424537,15280.430561472247,5146471549.53167,,2341835.378450773,71769846.63220939,-70.39370771826444,37431.03583559254,15380794.541044468,5.511177881871563,7782.369580353208,314184013.01699543,-69.8057974241524,177859.74239395696,1354728177.8372724,-64.2727265227533,779537.7644643071,11915187.113845376,-52.119641782801374,6093.716113057751,2632520058.5155153,,1182449.3636258335,36800521.2205645,-67.40867368775955,19169.122713981375,5631398.893509505,-10.382102387121373,2875.992048197168,149715598.2812515,-71.21641733423805,85002.88503378042,669857930.8732891,-65.87195869920734,386599.4581300895,24885334.10672237,13075.40660092209,0,0,112915077.06068157,65833.76231979903,6283788.220334506,3217.7240648614757,520142332.59203714,301596.57309631,1962778716.0985737,795917.9126382649,41811644.41758236,22150.605274118418,0,0,242414166.38477552,140428.70655836377,14577407.673587468,7498.060981119552,1040544164.8202754,601678.0220703519,3791859960.1507397,1562365.621128987,18043015.10078901,6.5974495883638085,9186.714448414497,2513951491.016154,,1159386.0148249397,34969325.4116449,-72.99647001831178,18261.913121611167,9749395.647534963,17.552965897308063,4906.37753215604,164468414.73574397,-68.39588092310727,92856.85736017654,684870246.9639833,-62.55659778967968,392938.30633421754,16926310.310859997,9075.198673196326,0,0,129499089.32409394,74594.94423856474,8293619.453252963,4280.336916258076,520401832.2282383,300081.44897404185,1829081244.0521662,766447.7084907221,2024-10-25 13:13:32,0.00047438375526862443,75795.24832150966,999999821.772188,474383.67072024563,999999821.772188,474383.67072024563
9KtmZMhDzFf8F1EEBGgsuPTTMSKNDtwJWJwgqzBABMMH,,9KtmZMhDzFf8F1EEBGgsuPTTMSKNDtwJWJwgqzBABMMH,3,,24225,,3,-99.9178307313065,1,-50,3654,-61.613614875512134,13173,19.12642430819316,0,0,3651,2,9519,11058,0.012877938552198912,0.000632759019556076,0.013715818814833037,0.000632759019556076,0.0006443999541123813,0.001673717477769682,0.0061161295679594005,0.006572240470310107,21994,2024-10-26T01:24:45,1729905885,1,0.0006438322656592608,-95.00050211414212,1.749994193832805,-95.30591447473056,1.749994193832805,-0.08809566938943342,-61.53279904101845,-89.47320754890302,-90.20376280253663,2,,24774,,2,-99.97144488863506,1,0,7006,-25.563110922226944,16418,96.43455372098589,0,0,7004,1,9412,8358,5,,48999,,5,-99.9530736743313,2,-33.33333333333333,10660,-43.690243515926255,29591,52.405232797692626,0,0,10655,3,18931,19416,3,-99.9458385990251,25602,,3,-99.97525569119102,2,0,10912,-28.823951470876004,21322,78.45664546367594,5539,0,12124,2,15331,11948,146738.54290648305,21032445948374.47,94.79549655277981,2926468202.401167,,10350330.62814438,146738.5429048742,-99.98039280326859,94.79549656214695,92431.25267473038,70.2004505890998,59.71211298633389,748537979.3458612,-42.90079426199411,1285711.5554171654,2059480871.93259,137.43336730446453,4929922.3020690065,75088.25844678786,12838440061307.23,48.65029261205729,1539872448.038376,,5189838.26613498,75088.25844648806,-99.97947219649701,48.650292615022764,46215.62633746071,60.06724348464332,29.95700157236424,365863168.9733576,-43.47072735203017,636039.2934571701,1013073281.2486953,92.23342673515548,2437242.0608752104,5.848705768585205e-07,4.007461029686965e-10,0,0,365788080.7149126,635990.6431645574,28872.63210845171,18.693291037911013,647210112.2753382,1801202.7674180453,527001624.2515565,2753918.658951864,6.976770237088203e-07,5.095159849588526e-10,0,0,748391240.802957,1285616.7599206176,54307.29023031739,35.08338356488906,1310942892.5867276,3644210.7466518353,867393195.536702,5423052.844943598,71650.28445969519,63516125594015.15,46.14520394072252,1386595754.3627908,,5160492.3620094005,71650.28445838613,-99.98127295016542,46.14520394712418,46215.62633726967,81.70335184312543,29.75511141396965,382674810.37250364,-42.345048832306844,649672.2619599953,1046407590.6838948,207.41289707415248,2492680.2411937965,1.1280644685029984e-07,1.0876988199015614e-10,0,0,382603160.0880445,649626.1167560602,25434.658121865676,16.39009252697805,663732780.3113894,1843007.97923379,340391571.2851455,2669134.1859917343,2024-10-25 12:19:08,0.0006438322656592608,60020.11555302251,999999985.2028582,643832.2561323835,999999985.2028582,643832.2561323835
F4aLcMxQy6CPcXAuER3J5QgB89n4fqBMs2bcrqQBpump,,F4aLcMxQy6CPcXAuER3J5QgB89n4fqBMs2bcrqQBpump,1466,-32.9981718464351,39248,,3654,-30.213903743315505,719,-3.748326639892905,8890,-1.419383455311599,17908,-16.08640644768286,2188,0,5236,747,9018,21341,0.0005973769954388287,0.00204673953074817,0.0004294736681352652,0.0021200125215610974,0.0023033206919628357,0.0012644236593263515,0.0017525324637757916,0.0016947199956152423,5239,2024-10-26T01:32:11,1729906331,11,0.0024348563992043944,307.59125607369043,18.962689811065083,466.939623976556,14.851038587803142,5.710698805448016,92.56650104930935,38.93359749573775,43.67307906345065,1135,-33.11726576311138,29522,,2832,-28.897815716796384,535,-10.833333333333334,6815,-0.1903925014645577,13643,-14.07066826226617,1697,0,3983,600,6828,15877,2601,-33.05019305019305,68770,,6486,-29.645297754637163,1254,-6.904231625835189,15705,-0.8898144642180993,31551,-15.22650330485249,3885,0,9219,1347,15846,37218,1031,-25.45191612436732,12100,,2002,-29.432499118787455,582,-4.276315789473684,3887,-14.345526663728513,6854,-12.397750511247443,1383,0,2837,608,4538,7824,225868804.24838266,-46.128538083501546,493503.4882047245,12612223766.043941,,15056714.12751159,645142379.1858687,-32.51449211387227,1176883.6205059662,109482710.26305667,-5.931450644909429,250496.10532128694,1601114112.0717745,-37.1898850006466,3050813.08341604,4150248295.456482,-50.93509578687152,6040794.135431827,117557862.0959971,-43.430363536626,257980.177193397,6393630106.029921,,7585203.969212406,325368746.9548951,-32.90480081686858,597382.9123653399,57068926.407864854,-5.653941900889826,131274.14736757975,810304704.9909263,-36.7422458928507,1549110.322039168,2091261824.6799603,-51.37082536010587,3053742.4667442245,207810884.85889405,339402.735171945,0,0,484935958.0360213,951727.4096738169,60488935.688138835,126706.02982581544,1280957119.6890576,1504632.1447050287,4300426318.49306,4526234.936659773,419273574.93747354,683380.1323012429,0,0,955971732.8859042,1873929.4629100687,116386093.9853347,243007.3828834325,2549134183.3847256,2989981.0520157497,8458690304.231726,9006340.285749808,108310942.15238556,-48.78011713927538,235523.31101132755,6218593660.014021,,7471510.158299185,319773632.23097366,-32.11266546943612,579500.7081406262,52413783.85519181,-6.231755867594438,119221.9579537072,790809407.0808481,-37.64203519212807,1501702.7613768717,2058986470.7765217,-50.48446953252373,2987051.6686876025,211462690.07857952,343977.3971292979,0,0,471035774.8498829,922202.0532362517,55897158.29719587,116301.35305761706,1268177063.6956677,1485348.907310721,4158263985.738665,4480105.349090034,2024-10-25 11:17:30,0.0024348563992043944,241644.06289292558,999919161.858895,2434659.569939225,999919161.858895,2434659.569939225
5CKTaH3mTrawpj26ktp2KHudGkznnrQs59vDMuhNTkVZ,,5CKTaH3mTrawpj26ktp2KHudGkznnrQs59vDMuhNTkVZ,52,-3.7037037037037033,850,,106,-2.7522935779816518,24,-14.285714285714285,215,-9.282700421940929,452,13.85390428211587,54,0,109,28,237,397,0.0023805410142727517,0.00517403550728118,5.222128969298607e-05,0.004374880679178162,0.005319480555100873,0.005577228841774778,0.004222444242417387,0.002896580392070201,24,2024-10-26T01:31:35,1729906295,1,0.0055789527241512,134.356505126443,7.8259458463359675,10583.291732070182,27.522397369686146,4.877772676535454,0.030909299677809872,32.12614314966536,92.60479493075258,54,-3.571428571428571,855,,110,-14.728682170542637,24,-20,239,1.2711864406779663,475,25.32981530343008,56,0,129,30,236,379,106,-3.6363636363636362,1705,,216,-9.243697478991598,48,-17.24137931034483,454,-4.0169133192389,927,19.45876288659794,110,0,238,58,473,776,8,0,22,,8,-20,8,0,10,-16.666666666666664,14,-12.5,8,0,10,8,12,16,8224200.000000004,-3.2838474781970577,44013.01476427614,359680415.79101485,,708267.856113436,16727640.000000007,-6.210496731736466,87028.92812762817,3732096.0000000056,-16.918753439368256,20645.127485281453,34562940.77151002,-31.881837849024393,185238.92624939128,85302625.57819267,-68.9038516337484,381903.0147704596,4261634.000000004,-8.327432113021198,22878.727480085294,225007845.79101485,,379563.9116603437,8910390.000000007,7.722393128106734,46351.279594524334,1911775.0000000056,-18.64299091988068,10605.989324523092,17182012.771510024,-37.14209481942429,92330.81948196473,44516701.578192666,-75.33359612182981,199044.12792783085,4648756.000000004,23472.55211443905,0,0,8271622.771510007,45979.539887440405,2349859.0000000056,12272.738155562209,27334688.80668265,106713.30844586647,180475037.2128222,180430.5167862806,8503440.000000004,43015.91336335202,0,0,17835300.771510005,98209.99812176306,4492104.000000006,23367.887278994698,50739684.806682646,196664.08852106886,274318943.2128222,326039.2357312831,3962566,2.7987248760209655,21134.287284190843,134672570,,328703.94445309235,7817250,-18.261049776038046,40677.64853310383,1820321,-15.027412830932036,10039.13816075836,17380928,-25.73838508667124,92908.10676742654,40785924,-56.538548171684155,182858.88684262874,3854684,19543.361248912966,0,0,9563678,52230.45823432266,2142245,11095.14912343249,23404996,89950.78007520239,93843906,145608.71894500245,2024-10-25 11:14:22,0.0055789527241512,107720.42551847527,100000000.0,557895.27241512,100000000.0,557895.27241512
FA9jJDQzBEeV4qunJpt7XY7wC4smNYLsBNtMCTPsj3pp,,FA9jJDQzBEeV4qunJpt7XY7wC4smNYLsBNtMCTPsj3pp,19,-54.761904761904766,48422,,61,-99.87262210528513,17,750,47950,43098.198198198195,48061,13213.296398891967,42,0,47889,2,111,361,0.0001860642884667888,0.0005211414127821809,0.00013082378189489452,0.0002632750038145316,0.0004460651436748468,0.0003651202774479219,0.00035467788439529714,0.00017318431620899516,212,2024-10-26T01:32:01,1729906321,1,0.00045509577731093435,144.5906095473908,-12.673265614922702,247.86930229288438,72.85947040818735,2.0245100439119494,24.64270143852689,28.312420180029896,162.78117284115638,25,8.695652173913043,1374,,48,-94.75409836065573,18,157.14285714285714,963,982.0224719101124,1052,226.7080745341615,23,0,915,7,89,322,44,-32.30769230769231,49796,,109,-99.77665765101221,35,288.88888888888886,48913,24356.5,49113,7090.77598828697,65,0,48804,9,200,683,28,-20,1949,,54,-96.63341645885288,17,-29.166666666666668,1640,2116.2162162162163,1684,453.94736842105266,35,0,1604,24,74,304,11376939.261857122,-86.70390175880537,5143.073213338535,1593105502.086002,,479102.574006347,96942938.06448627,-87.42717215328327,40100.50392469116,10044058.362973873,653.560079628428,4541.458616225045,867994122.7810731,441.9311103534704,300417.14855000004,1028160997.5365995,81.99327354403766,350560.9887506638,5513753.581066133,-90.1889212594433,2496.565369668535,838882064.5135049,,249705.7943390264,61713012.87631095,-83.6377569947969,24655.35940187393,5497797.204530833,34355.173406875336,2489.4214685323846,438880207.23155075,330.6303529115791,152545.6849254349,540795969.6166674,81.42274291721945,183098.8853462879,56199259.295245126,22158.794032205416,0,0,377167194.3552397,127890.3255235613,15956.376534833456,7.143901136075328,101915762.38511585,30553.20042085299,298086094.896837,66606.90899273846,85565998.80263013,34957.43071135281,0,0,771051184.7165861,260316.6446253089,1332880.8988828715,601.6145971134624,160166874.75552577,50143.84020066378,564944504.5494009,128541.58525568288,5863185.68079099,-80.03460452490292,2646.507843670001,754223437.5724972,,229396.7796673206,35229925.18817531,-91.05576107425549,15445.144522817229,4546261.158443038,245.2180501838623,2052.037147692661,429113915.54952234,636.6621822101055,147871.46362456513,487365027.9199321,82.63056748125594,167462.10340437593,29366739.507384993,12798.636679147394,0,0,393883990.3613465,132426.3191017476,1316924.522348038,594.4706959773871,58251112.37040991,19590.63977981079,266858409.6525639,61934.67626294441,2024-10-25 10:25:24,0.00045509577731093435,75931.7169401387,999999997.224663,455095.7760478902,999999997.224663,455095.7760478902
ALL7Jwr289YXv1USnZhDynyEgphpsJvGC2cSWQArqjRm,,ALL7Jwr289YXv1USnZhDynyEgphpsJvGC2cSWQArqjRm,0,-100,117,,4,-20,0,,9,0,18,-81.81818181818183,4,0,5,0,9,99,7.704899738058216e-05,6.700887100350166e-05,9.647068634258559e-05,6.665065235695949e-05,6.700887100350166e-05,7.351800554337776e-05,7.686344108011968e-05,8.113828830204778e-05,328,2024-10-25T23:42:07,1729899727,2,6.700887100350166e-05,-13.030833259889778,0,-30.539655574191187,0.5374570748740226,0,-8.853796415948104,-12.82088069196118,-17.413994791149083,0,-100,101,,5,-37.5,0,,13,-18.75,29,-59.72222222222222,5,0,8,0,16,72,0,-100,218,,9,-30.76923076923077,0,,22,-12,47,-72.51461988304094,9,0,13,0,25,171,,-100,95,,10,0,,,13,30,24,-72.09302325581395,6,0,10,,10,86,0,-100,0,980493830.2286136,,75420.98460232819,1634014.2012117507,-88.01960165732497,108.32049928036233,0,,0,15273078.232924702,-53.685910212630105,1023.5158436949289,48250252.78832224,-94.82428691857493,3479.9833743324402,,,,568025154.9760907,,42241.5396840788,189981.0632837119,-92.47207609985577,12.726744977354741,,,,2713665.757812269,-18.031545402656445,185.2916910967756,6024287.839370783,-98.9280643159746,437.79468920872205,189981.06328362413,12.726744977354315,0,0,2523684.694528752,172.56494611941937,,,3310622.081558939,252.50299811196564,562000867.1367202,41803.74499487008,1634014.2012117002,108.32049928036304,0,0,13639064.031713162,915.1953444145627,0,0,32977174.555397946,2456.467530637519,932243577.4402916,71941.00122799573,,,,412468675.2525229,,33179.44491824939,1444033.1379280388,-87.00869224411174,95.59375430300759,,,,12559412.475112433,-57.66473881254738,838.2241525981533,42225964.94895146,-88.59505838363992,3042.188685123718,1444033.137928076,95.59375430300872,0,0,11115379.337184409,742.6303982951433,,,29666552.473839007,2203.9645325255533,370242710.3035715,30137.256233125645,2024-10-25 08:44:09,6.700887100350166e-05,67187.21772560969,11999999999.835148,804106.4520309733,11999999999.835148,804106.4520309733
5PuDA2mZv5MMi5yLxL3vRWCiGADPg9zybb8QtbDeqkxR,,5PuDA2mZv5MMi5yLxL3vRWCiGADPg9zybb8QtbDeqkxR,2,100,40088,,3,-99.88207547169812,1,0,2547,-60.15954950727358,8940,-59.48701681243486,1,0,2544,1,6393,22067,0.0038573624452705366,0.0016893900474328942,0.016883954176582422,0.0016748740585266193,0.0016824676575196715,0.0017384086586747839,0.0017494185693319054,0.0017752334475919132,39692,2024-10-26T01:12:55,1729905175,1,0.001685847082588008,-56.295341531750445,-0.2097185815833364,-90.01509323611982,0.6551551745354217,0.20086122031721065,-3.023545460642405,-3.6338637224009296,-5.035189322573714,3,200,33811,,4,-99.77912755383765,1,-50,1815,-44.11945812807882,5063,-73.09061918681903,1,0,1811,2,3248,18815,5,150,73899,,7,-99.83926521239954,2,-33.33333333333333,4362,-54.755730733326416,14003,-65.74776185118145,2,0,4355,3,9641,40882,7,250,41702,,24,-99.5253164556962,5,25,5254,-44.68891462259185,13558,-47.38231070749408,2,0,5056,4,9499,25767,47029.29814750375,339.70227703552814,79.3649069994098,1805603686.7673147,,14817798.122697603,57725.0121809243,-99.95049018519528,97.4262113330254,37155.655622565115,276.31153374562535,62.65530812394982,116650793.29290856,-53.61714484283425,199325.41295587114,368146292.86412823,-64.11045582494727,638731.4233698617,17136.984493960877,77.50413888890544,28.95494252171302,1036258045.6841251,,7436710.298944506,26791.39852710903,-99.95393001131018,45.26501350900888,7405.440457120558,-23.902718527934777,12.484440190689337,58180481.66201947,-53.64983938727076,99663.87087687736,183704278.97555265,-63.246359123419715,319526.6096149752,9654.414032951878,16.31007098132345,0,0,58153690.26349322,99618.6058633765,9731.544036614558,16.470502331930888,125523797.31353347,219862.73873809894,499826070.54478365,4473180.88137042,10695.714032816748,18.06130431533527,0,0,116593068.2807295,199227.98674457712,9873.642525047122,16.70959887658215,251495499.57121828,439406.010413942,1025775894.6964595,9150950.18391424,29892.31365354287,2770.672587863439,50.40996447769678,769345641.0831896,,7381087.823753096,30933.613653815264,-99.94706717507381,52.161197824016526,29750.21516544456,20836.334716581554,50.17086793326049,58470311.630889095,-53.58456654710946,99661.54207899378,184442013.8885756,-64.93163312943986,319204.8137548864,1041.2999998648709,1.751233334011822,0,0,58439378.01723629,99609.3808812006,142.09848843256418,0.23909654465126118,125971702.25768481,219543.27167584305,525949824.1516759,4677769.302543822,2024-10-25 06:05:15,0.001685847082588008,111017.3616691838,999999964.5769068,1685847.0228700896,999999964.5769068,1685847.0228700896
2E3qS1oSVbeLxQEhdSrVDMn5ruhCg5JQCqPXKpwWpump,,2E3qS1oSVbeLxQEhdSrVDMn5ruhCg5JQCqPXKpwWpump,25,66.66666666666666,3661,,40,-37.5,0,-100,104,33.33333333333333,182,-92.6731078904992,15,0,64,25,78,2484,0.0007455257403696316,0.0008741361453974038,7.463209356493556e-05,0.0009141361585681005,0.0009815872228068079,0.0009467772248250598,0.0010372640739138,0.0011626753362309068,327,2024-10-26T01:28:20,1729906100,1,0.0009581451789323482,28.519396051610485,9.61052050956568,1183.8246030157113,4.8142741047661115,-2.388177365168641,1.2006999967060765,-7.627652106268439,-17.59133877919803,38,46.15384615384615,4314,,64,-17.94871794871795,14,-41.66666666666667,142,19.327731092436977,261,-91.72216936251189,26,0,78,24,119,3153,63,53.65853658536586,7975,,104,-26.76056338028169,14,-71.42857142857143,246,24.873096446700508,443,-92.14120986340252,41,0,142,49,197,5637,32,14.285714285714285,526,,51,-28.169014084507044,13,-56.666666666666664,82,5.128205128205128,113,-63.0718954248366,28,0,71,30,78,306,6330186.997416403,68.22565514801488,5973.168069754703,1133713574.0175643,,478828.4847934963,10093101.156880222,-45.24104714210633,9300.499138777312,526860.3061790925,-90.92140880204714,508.2644857164988,28524975.08820401,72.32630637848266,28160.754881904246,45077859.95393805,-90.68945254829964,45518.07576322678,4389849.898065188,308.76223323624134,4122.886305655507,643397095.2383592,,259774.28418183757,5463787.150855861,-40.48159967188813,5066.703793614291,3.846071194857359e-08,-99.99999999999913,6.908251748427574e-11,14643783.791786151,152.0662665421929,14509.981565551556,20453281.426145084,-91.73097221964755,20633.420227336104,1073937.2527911854,943.8174879585761,0,0,9179996.640929867,9443.277771937723,4389849.898064962,4122.886305655561,5809497.63435916,6123.438661784577,247348079.71915308,154267.77605266866,3762914.1594643993,3327.331069022418,0,0,18431873.93132422,18860.255743127334,5803326.691237015,5464.903584038431,16552884.865735017,17357.320881322834,484159069.9986781,297169.6190612349,1940337.0993512152,-27.841064959096705,1850.281764099195,490316478.7792052,,219054.20061165877,4629314.006024361,-49.96351701691192,4233.795345163021,526860.3061790541,-62.72593163721487,508.26448571642976,13881191.296417858,29.206841357054557,13650.77331635269,24624578.527792964,-89.60158964804513,24884.655535890673,2688976.906673214,2383.513581063842,0,0,9251877.290394353,9416.977971189612,1413476.7931720533,1342.0172783828707,10743387.231375856,11233.882219538258,236810990.27952498,142901.84300856624,2024-10-25 03:55:05,0.0009581451789323482,102447.37814924627,999999998.270565,958145.1772752984,999999998.270565,958145.1772752984
CzcQSE3mUNt21pgihYs9nek4Tjh6wyApKsAwej2uLhjW,,CzcQSE3mUNt21pgihYs9nek4Tjh6wyApKsAwej2uLhjW,2146,59.79151154132539,60025,,3489,-55.01547189272821,1033,-7.187780772686433,11245,5.994909982090678,21854,0.15123046606479995,1343,0,7756,1113,10609,21821,0.002173578498179072,0.002555580741346133,0.006852356814806837,0.0050736366873865135,0.00194691083116636,0.005748408914479451,0.0020862075462035738,0.0025687218561557933,52695,2024-10-26T01:32:16,1729906336,1,0.002583921136499368,18.87866661655252,1.1089610551027667,-62.29149756305842,-49.07161675720272,32.71902827472517,-55.0498029117096,23.857338221286785,0.5917059609685096,3764,76.05238540692237,66310,,5902,-6.451101600887621,1799,-8.447837150127228,12211,-23.20125786163522,28111,28.24361313868613,2138,0,6309,1965,15900,21920,5910,69.77879919563344,126335,,9391,-33.23142552435122,2832,-7.992202729044834,23456,-11.516843336225433,49965,14.229212866646854,3481,0,14065,3078,26509,43741,5850,69.41789748045178,61350,,9294,-32.637529897803866,2847,-5.289421157684631,18551,-13.615832363213038,34246,29.86727341676147,3453,0,13797,3006,21475,26370,202203808.71610832,75.6979148434718,477928.08282187494,7446664245.508034,,34102725.523241565,317289869.29699194,-54.08040123664235,788621.1661316489,98526665.71818067,-4.967804021999091,238026.36718310806,1008258165.7146325,-65.9035890291007,5532557.946318651,3965338213.157652,35.361585933520146,12807216.655731618,101685693.21114495,95.58610274581682,241022.63254251648,3856357068.7770576,,17098830.899284456,153675937.80602825,-55.3961887161462,377461.75688492175,50978656.64402832,0.5356654525705105,123302.61666039503,498211378.57374567,-66.39023585768358,2749761.341209219,1980552571.0442717,36.16228724781775,6412630.734029046,51990244.59488076,136439.12434240032,0,0,344535440.7677212,2372299.58432431,50707036.567115985,117720.01588212686,1482341192.4705296,3662869.392819845,1454552953.7408779,4863135.119888927,115086060.58088422,310693.08330978116,0,0,690968296.4176484,4743936.780187005,103677142.99792536,239901.7156387672,2957080047.4430103,7274658.709413008,2929441307.746749,9833299.388337396,100518115.50496337,59.310271107772515,236905.45027935845,3590307176.7309756,,17003894.623957112,163613931.49096367,-52.77182033326058,411159.40924672724,47548009.07415235,-10.2361458603816,114723.75052271303,510046787.1408869,-65.41443351674594,2782796.6051094322,1984785642.1133804,34.57192449330844,6394585.921702572,63095815.98600345,174253.95896738087,0,0,346432855.64992726,2371637.1958626956,52970106.43080937,122181.69975664034,1474738854.9724805,3611789.3165931627,1474888354.005871,4970164.268448469,2024-10-25 03:38:04,0.002583921136499368,175515.57046948507,999999996.6877756,2583921.1279408415,999999996.6877756,2583921.1279408415
HGs2M2x7iHYaDVotWUMWFMLoJGbSWp4MeP1Lon3gESC2,,HGs2M2x7iHYaDVotWUMWFMLoJGbSWp4MeP1Lon3gESC2,2034,12.749445676274945,77294,,3838,-40.6617192331478,1067,10.341261633919338,10306,10.674398625429554,19618,-44.24962346187729,1804,0,6468,967,9312,35189,0.009901633208054912,0.0005191440782930204,0.04291502191864784,0.0005071986780785264,0.0005336986012806863,0.0007512375049407357,0.0021272902994635217,0.003063888942410809,47127,2024-10-26T01:32:15,1729906335,1,0.00044921105592418296,-95.46326301444135,-13.470831180196024,-98.95325451126244,-11.432920601059926,-15.830572752816538,-40.20385657401107,-78.88341539293114,-85.33853333565273,3669,3.9671294984414853,95389,,7198,-47.50966236417998,1961,14.812646370023419,20911,6.357764101520777,40572,20.195526588653536,3529,0,13713,1708,19661,33755,5703,6.937933620851303,172683,,11036,-45.314900153609834,3028,13.19626168224299,31217,7.745142028785421,60190,-12.69726154560223,5333,0,20181,2675,28973,68944,5313,20.7774494203228,78733,,6826,-41.40269551034423,3006,12.5,15985,-18.717583646903286,30964,-25.529714519348712,4399,0,11649,2672,19666,41579,406741357.6197368,-21.421993206841293,192872.43898661394,10422780754.63493,,57184936.70239409,924368839.174983,-71.0651490136989,491229.2200779027,214806534.4121356,11.916394754377706,97017.94196210342,4119024445.359432,21.62967716139821,2610184.4622077458,7505553573.356413,184.32551156561115,7979540.636053524,199507394.6977224,-23.378037910188844,94747.31711914697,5219995225.177014,,28611731.769071307,459886259.00281143,-70.86601061099753,245069.9639932273,106972845.03429542,15.603140041620641,48429.79439155991,2038407665.2624414,20.836507370648025,1290280.5569626172,3725321421.392399,184.46778321860955,3968152.468918358,260378864.30508414,150322.64687408457,0,0,1578521406.259624,1045210.5929693951,92534549.66342779,46317.522727573065,1686913756.129949,2677871.9119557347,1309575861.0139487,12447877.85780485,517627481.55524504,298356.7810912774,0,0,3194655606.1844444,2118955.242129848,191934823.20760092,95854.4970245065,3386529127.996973,5369356.173845718,2639774929.807671,25032379.418259285,207233962.92201442,-19.442147002683328,98125.12186746695,5202785529.457915,,28573204.933322784,464482580.17217165,-71.25965280644525,246159.2560846754,107833689.37784018,8.484298415858241,48588.1475705435,2080616780.0969908,22.416919412268985,1319903.9052451288,3780232151.9640145,184.18544567108137,4011388.167135166,257248617.25016087,148034.1342171928,0,0,1616134199.9248204,1073744.6491604527,99400273.54417314,49536.97429693345,1699615371.8670242,2691484.2618899834,1330199068.7937224,12584501.560454436,2024-10-25 03:09:25,0.00044921105592418296,73754.5339102424,999999999.3002691,449211.0556098561,999999999.3002691,449211.0556098561
C75XDvzWLKvjMHUAAFPNsYMFsmtG4eCVpkseeXBpump,,C75XDvzWLKvjMHUAAFPNsYMFsmtG4eCVpkseeXBpump,86,-21.100917431192663,7019,427.34785875281744,195,-62.643678160919535,21,-67.6923076923077,717,-15.24822695035461,1563,-30.56419369169258,109,1331,522,65,846,2251,0.0002812622733031416,0.00047201297299778955,7.768758090584325e-05,0.0003083086159559831,0.00040781971040095667,0.0005500575345403775,0.00041910830342256606,0.00018657003763059655,898,2024-10-26T01:32:06,1729906326,2,0.0003805358439265111,35.29572930542784,-19.380215016189144,389.82841206977173,23.42692491631173,-6.690178473134814,-30.818901654627272,-9.203458671913793,103.9640709511789,125,11.607142857142858,6107,523.799795709908,237,-51.434426229508205,50,-33.33333333333333,725,-14.201183431952662,1570,-28.441203281677303,112,979,488,75,845,2194,211,-4.524886877828054,13126,468.2251082251082,432,-57.227722772277225,71,-49.28571428571429,1442,-14.725014784151389,3133,-29.51631046119235,221,2310,1010,140,1691,4445,86,-39.00709219858156,2111,165.53459119496856,189,-39.228295819935695,40,-39.39393939393939,402,-24.577861163227016,741,-15.891032917139613,141,795,311,66,533,881,58710864.3157092,-22.49000151145316,24078.75890732448,7335656814.019039,105.60363050981438,1663554.6245674975,134457046.04784188,-63.45775251506215,54770.04739198822,22412676.10329183,-38.25400878927188,9216.236283352273,502406625.7863584,-35.33514072765242,200443.73739477224,1279345803.3238597,-29.790427522901165,523023.12613339786,23840761.61320145,-49.8039394367325,9740.653419071074,3701358539.264971,106.24586437142025,838789.228292267,71336045.79621582,-58.287832741025944,28747.230386557036,7530105.029327732,-53.83321946234396,3108.50930008247,242355799.70474866,-40.99712525850774,96490.41839539053,653108327.8935462,-27.14959128157964,264987.66044404876,47495284.18301347,19006.576967486337,1794634064.8069124,174934.0330875658,171019753.90853953,67743.18800883416,16310656.583873734,6632.144118988388,410752528.1887971,168497.24204865837,896506058.62477,173648.8781780897,75746181.73213425,30691.288484664707,3567863464.1954317,347393.890064141,367949579.7385286,145673.69000278413,36298188.21241583,14862.52262397211,776939177.537499,322579.38873862504,1822181446.4703662,352608.0893482467,34870102.70250775,23.43007029025517,14338.105488253406,3634298274.754069,104.95364423843421,824765.3962752307,63121000.25162605,-67.94746555754391,26022.817005431185,14882571.073964097,-25.540725335429315,6107.726983269803,260050826.08160976,-28.98407777996953,103953.3189993817,626237475.4303136,-32.34804731194055,258035.4656893491,28250897.549120776,11684.711517178368,1773229399.388519,172459.85697657522,196929825.82998905,77930.50199394998,19987531.628542095,8230.378504983722,366186649.3487018,154082.14668996667,925675387.8455962,178959.21117015698,2024-10-25 00:45:44,0.0003805358439265111,72311.4428345058,999992923.813919,380533.151184069,999992923.813919,380533.151184069
DD8hmGEcDNtrEJCYcyN8rSFknWDnnEjkuKtr74C78PDc,,DD8hmGEcDNtrEJCYcyN8rSFknWDnnEjkuKtr74C78PDc,1,0,1003,-8.652094717668488,2,-75,1,,10,-87.17948717948718,88,-57.89473684210527,1,1098,8,0,78,209,0.010234969381347915,0.005344492043111057,0.020853849134155965,0.005382893484583649,0.005292009318857023,0.007730754851119677,0.00982989313643942,0.011460900790203954,257,2024-10-26T01:29:30,1729906170,1,0.004634835492482711,-54.715687758390565,-13.27827873825875,-77.77467621125427,-13.896949554051929,-12.418228819677307,-40.0467925611245,-52.8495841394107,-59.559588052238674,9,50,1091,38.27629911280101,15,-16.666666666666664,7,250,33,-70,143,-43.25396825396825,6,789,18,2,110,252,10,42.857142857142854,2094,10.969793322734498,17,-34.61538461538461,8,300,43,-77.12765957446808,231,-49.891540130151846,7,1887,26,2,188,461,11,57.14285714285714,259,-34.76070528967254,16,-40.74074074074074,8,166.66666666666669,38,-34.48275862068966,82,-7.865168539325842,7,397,27,3,58,89,367071.05382093583,434.6493541043633,1818.1245779903802,51831937.18031453,-56.08603952017387,815551.926043848,435727.4640462302,-30.385392830452197,2185.2161567730236,337685.7662040017,1049.1661085833646,1661.7474535134363,1061641.3085144446,-84.20828757906534,6032.240723777684,7784416.395952472,-46.60827281447174,66779.8530255977,1002.4500493068824,-93.44982217234146,4.736647540881575,24650366.22412564,-76.44992833975799,397200.8608654945,16306.61545792372,-84.79305852132782,86.72355575018615,1002.4500493176508,8117583484134.657,4.7366475417485505,123538.01028392563,-95.6766498472579,769.3500937005723,2980998.21867284,-58.33768730912079,26888.938516204304,15304.165408669882,81.98690820416175,104672149.53634804,2178390.5247909403,107231.39482580272,682.6265379565169,1.234911906067282e-08,5.691731530532707e-10,2857460.208388889,26119.588422499302,7155143.404522154,81548.02403703803,68656.41022532382,367.09157877720315,118030659.53052877,4309552.661047468,625913.8444680253,3847.0245670093227,29385.28761697332,156.37712447772992,6722775.087437978,60747.6123018177,14579817.522858534,165974.60414689797,366068.6037716289,586.1353351290672,1813.3879304494985,27181570.956188895,103.47756574670237,418351.06517835346,419420.84858830646,-19.137258475274205,2098.4926010228373,336683.316154684,1045.7547074011038,1657.0108059716877,938103.2982305189,-75.73022308440488,5262.890630077112,4803418.177279633,-35.304659831239604,39890.9145093934,53352.24481665394,285.1046705730414,13358509.994180726,2131162.136256528,518682.44964222255,3164.3980290528057,29385.287616960974,156.37712447716075,3865314.8790490883,34628.023879318396,7424674.1183363795,84426.58010985992,2024-10-24 23:02:12,0.004634835492482711,52245.0143645872,99999941.44056556,463483.2778349259,99999941.44056556,463483.2778349259
6Xx8p2WmY1Uk2GD35uxhEyuniNrVEeSu3CUThb8Upump,,6Xx8p2WmY1Uk2GD35uxhEyuniNrVEeSu3CUThb8Upump,367,132.27848101265823,1743,-71.39340226489415,525,35.30927835051546,94,-65.56776556776556,913,660.8333333333334,1033,676.6917293233082,158,6093,388,273,120,133,4.4882458737159216e-05,0.0002307545298338754,5.5672940336957794e-05,8.469745514408291e-05,0.00020274487650541475,5.032618819039384e-05,2.594226677303671e-05,2.805859219822782e-05,565,2024-10-26T01:32:13,1729906333,3,0.0003032304163874594,575.6100822444649,31.408218337365145,444.66391491480755,258.01597093043654,49.562554484261376,502.530068918153,1068.8663101044979,980.7043141908288,246,156.25,1527,-67.17540842648323,342,11.03896103896104,55,-71.20418848167539,650,507.4766355140187,757,244.0909090909091,96,4652,308,191,107,220,613,141.33858267716533,3270,-69.56724057701257,867,24.568965517241377,149,-67.88793103448276,1563,588.546255506608,1790,407.0821529745042,254,10745,696,464,227,353,197,82.4074074074074,824,-66.14626129827444,258,1.9762845849802373,81,-46.71052631578947,418,313.86138613861385,466,158.88888888888889,108,2434,253,152,101,180,424100262.5178512,54.99549248688047,103989.19929714553,5213185301.81949,-53.153710459727534,463124.7448223656,697721292.209235,-36.818755521557264,143409.73257090512,74538991.16268682,-78.67641604754473,20110.02642849743,1802038400.8209481,147.91706656922233,245393.68245115096,2528909860.6031656,308.15886866736605,280126.3746171007,229624788.95209137,36.47403437367164,56962.75648729902,2691559086.568388,-51.44099838749011,244755.7185035141,397880083.8189302,-33.778742481478155,81802.67122659872,49559330.4164022,-72.47704761400358,13146.243835935693,998714466.5058506,148.9262493638749,136364.14591611823,1399923446.6989963,455.7812867962287,155101.8187538106,168255294.86683822,24839.914739299868,5542863315.120099,923676.3479027703,600834382.6869259,54561.47468952098,180065458.53568316,43816.512651363024,401208980.1931462,18737.672837690232,251883875.89815766,12114.581665855696,273621029.69139504,39420.5332737617,11128277934.024761,1847514.32553923,1104317108.6117108,101983.94988024663,349561271.3551568,83879.17286864723,726871459.7822134,34732.69216594616,619589589.9212056,29119.97595970035,194475473.5657598,84.57183816881123,47026.44280984651,2521626215.2511024,-54.85337459610812,218369.0263188515,299841208.3903048,-40.44657483738619,61607.06134430642,24979660.74628462,-85.26237295732496,6963.782592561736,803323934.3150975,146.6737756614642,109029.53653503275,1128986413.9041693,207.0353195091779,125024.55586329008,105365734.82455683,14580.618534461832,5585414618.904661,923837.9776364596,503482725.92478496,47422.47519072565,169495812.81947362,40062.6602172842,325662479.5890673,15995.019328255925,367705714.023048,17005.394293844653,2024-10-24 19:33:56,0.0003032304163874594,38304.504666961046,999991049.816106,303227.7024194705,999991049.816106,303227.7024194705
4B3NXEKgsT9hsadpCKNEwSXj6aDqwR7iqe5GzvgKpump,,4B3NXEKgsT9hsadpCKNEwSXj6aDqwR7iqe5GzvgKpump,681,-7.972972972972974,43373,-48.538851251141985,1421,-33.56708742402992,194,-60.16427104722793,3560,-61.90883800556388,12906,32.28782287822878,740,84283,2139,487,9346,9756,0.0010026117364314486,0.0018479957370924275,0.0036876149955033396,0.0015977861736497156,0.002091619681578628,0.001657575071673088,0.00234632580517917,0.001641418038854887,6781,2024-10-26T01:32:02,1729906322,16,0.0019913169777475096,98.6129730373111,7.755496280558459,-45.999867660379074,24.629754005123104,-4.795456110616439,20.13434635799369,-15.130414823381756,21.316869353813424,663,-3.070175438596491,38944,-44.757932961686315,1347,-34.2606149341142,219,-50.67567567567568,3396,-59.62910128388017,11808,32.510380428683646,684,70497,2049,444,8412,8911,1344,-5.617977528089887,82317,-46.81677219278977,2768,-33.90639923591213,413,-55.639097744360896,6956,-60.82892217592071,24714,32.39406439170729,1424,154780,4188,931,17758,18667,543,-3.723404255319149,11995,-32.506189511591266,938,-22.479338842975206,227,-44.22604422604422,1787,-51.8198975465085,4606,13.253012048192772,564,17772,1210,407,3709,4067,120651031.0041815,-23.24711756915645,252551.67714610137,9043755691.547405,-67.58086231332484,20556042.787871692,277845167.8014431,-20.596355511591184,524396.9924853488,28390280.44150565,-69.22821430742894,54874.80908816829,627760048.3986698,-60.25951757351562,1114396.1578531193,2207408834.89736,15.931850406317071,5356266.966117319,62269865.342077464,-24.98107646276774,130536.21822340837,4505589245.855033,-67.76848683758837,10247288.981356885,145275409.01821607,-16.99338297460999,274461.2679237126,13062480.112070458,-73.45422836223872,25259.38661139673,320292069.4054284,-59.23056487238251,570948.0708355848,1105910188.4763687,14.431984068563084,2690109.172402415,83005543.67615342,143925.04970034483,13978832526.886908,98022908.40157449,175016660.38718253,296486.8029114569,49207385.23000445,105276.83161209404,785618119.0709224,2119161.1015674896,966434513.4606347,1283653.2793153627,157194136.7972615,271845.3153391899,27896348690.55925,196734156.63447082,349914880.5972028,589999.1653676761,92260750.56268068,197676.86805791507,1579648786.49865,4241870.808264447,1904057277.754862,2517465.2667048485,58381165.66210405,-21.307086162423154,122015.45892269298,4538166445.692373,-67.39241117220367,10308753.806514807,132569758.78322704,-24.20176796308425,249935.72456163622,15327800.329435188,-64.39813656610522,29615.422476771557,307467978.9932414,-61.27756878845905,543448.0870175345,1101498646.4209914,17.47780539971399,2666157.7937149038,74188593.12110808,127920.26563884509,13917516163.672344,98711248.23289634,174898220.21002027,293512.36245621915,43053365.332676224,92400.03644582102,794030667.4277278,2122709.7066969583,937622764.2942274,1233811.9873894858,2024-10-24 18:21:52,0.0019913169777475096,376330.52334227687,999989878.960689,1991296.8235500972,999989878.960689,1991296.8235500972
TruStjKLzgPDqmWWkrdvgNJnsmScz1FpFzsDKWSpfh5,,TruStjKLzgPDqmWWkrdvgNJnsmScz1FpFzsDKWSpfh5,14,0,269,-8.503401360544217,28,-50.877192982456144,6,-25,85,-5.555555555555555,175,212.5,14,294,57,8,90,56,0.0037458823402921637,0.008338232651197748,0.0039334893240447364,0.008180100777288623,0.008493866271047375,0.008097286064731021,0.007021458620473847,0.005915614817735431,219,2024-10-26T01:28:10,1729906090,1,0.008895651119376726,137.4781242777343,6.68509133166137,126.15165280859306,8.747451425962499,4.7302940205086115,9.859662215999844,26.692352689196625,50.37576639890305,6,50,157,53.92156862745098,10,-72.97297297297297,3,0,47,0,94,261.53846153846155,4,102,37,3,47,26,20,11.11111111111111,426,7.575757575757576,38,-59.57446808510638,9,-18.181818181818183,132,-3.64963503649635,269,228.04878048780486,18,396,94,11,137,82,15,66.66666666666666,187,25.503355704697988,18,-69.49152542372882,8,-27.27272727272727,71,1.4285714285714286,123,161.70212765957444,9,149,59,11,70,47,396747.40983844746,140.39180010882464,3385.1955073413146,25458125.003080007,-59.878575876804064,152541.85580594302,561789.3994815584,-88.9002017534288,4747.238988946714,233947.44831048447,43.702397786059436,2026.342456342875,5623047.153919562,-7.812532430870585,53871.29936947422,11722625.87344886,11.88601401030628,98299.71241797243,306286.0052979344,326.5897944114425,2624.004375723211,14181210.663803693,-70.02136725917184,85542.63619069452,378084.72371795186,-85.35950215915004,3219.306592369945,178252.8118441846,39.22390517312614,1550.3825900388895,2960542.832915699,-18.07364798363799,28366.530842955188,6574206.519936025,5.243550841375694,54574.27111538225,71798.71842000139,595.3022166467234,47304394.38784071,57372.13726282592,2582458.1091977516,25147.22425058523,128033.19345375757,1073.6217856843373,3613663.6870203023,26207.740272427105,6246659.740552412,25517.50270428945,165041.98964309145,1362.0434816054076,63452695.310387954,84563.70759679971,5061257.7544380035,49124.060380527495,162799.96152797647,1358.8530509984564,6099578.7195292665,44428.413048498274,10477293.321369944,41428.97664057172,90461.40454051307,-2.983450329537677,761.1911316181036,11276914.339276314,-30.166558120484382,66999.21961524848,183704.6757636065,-92.58896635247011,1527.9323965767692,55694.6364662999,60.19503552186648,475.9598663039855,2662504.3210038627,7.103593090897877,25504.768526519027,5148419.353512834,21.69381382629569,43725.44130259018,93243.27122309007,766.741264958684,16148300.922547244,27191.570333973785,2478799.6452402514,23976.836129942265,34766.7680742189,285.2312653141191,2485915.032508964,18220.67277607117,4230633.580817532,15911.473936282267,2024-10-24 18:10:18,0.008895651119376726,104133.68605349504,99950000.0,889120.3293817039,99950000.0,889120.3293817039
DFy12AkbxKnR2s2gaYz1AvxgxqGDrMEjjzK1GG3Ypump,,DFy12AkbxKnR2s2gaYz1AvxgxqGDrMEjjzK1GG3Ypump,16,-46.666666666666664,2866,-47.7007299270073,46,-42.5,2,-85.71428571428571,126,-67.77493606138107,517,0.3883495145631068,30,5480,80,14,391,515,0.00032974827736970944,0.0003754080110625015,0.0002584979806737157,0.0003446435059910046,0.00034033421589039657,0.0002479020764522565,0.00018733348391075866,0.00024839183439070403,654,2024-10-26T01:28:45,1729906125,2,0.00033137019887269137,0.49186655830909853,-11.730653287118662,28.190633446749164,-3.8513150219228707,-2.633886514834592,33.66979559629061,76.88786433425243,33.40623683766827,21,-44.73684210526316,3278,-25.211042664841433,59,-35.16483516483517,10,-9.090909090909092,150,-56.395348837209305,494,-8.687615526802219,38,4383,91,11,344,541,37,-45.588235294117645,6144,-37.70658014802798,105,-38.59649122807017,12,-52,276,-62.44897959183674,1011,-4.261363636363636,68,9863,171,25,735,1056,31,-24.390243902439025,1178,-51.701517015170154,60,-30.23255813953488,12,-42.857142857142854,130,-43.23144104803494,310,-19.270833333333336,41,2439,86,21,229,384,31877314.88133358,-45.16076906224813,10693.166369369266,3062736185.2115273,-60.54806712309073,1146972.4832179649,90005983.60302958,-5.555432707024338,31163.674873404652,6096151.551544307,-76.354241763397,2045.7356849924836,185306312.8679484,-67.56361869373812,62107.77515594083,756597885.4953165,13.95310489601926,190814.56407111135,14392411.644761208,-52.17377235938208,4828.912355977155,1538351427.2624037,-60.81710514582288,576780.9249707562,44485547.47163432,-19.11975184313769,15447.941822013307,1754754.823793571,-86.11487201580951,582.0831207510478,99487292.00802903,-65.48879082906947,33161.70582506958,387762592.6944766,18.400164851930114,98325.88991281566,30093135.82687421,10619.029466041527,3926079053.085601,1935149.4273737648,55001744.53638831,17713.764003057244,12637656.820963573,4246.829235226113,288275300.6864481,65164.18408774848,327501733.7850906,101408.39837167427,58128668.721699595,20470.50850404119,7763209459.894697,3854003.649989973,95300329.26491453,30944.10028253968,25781163.329783306,8647.430684379218,571291572.6273534,128706.78891517398,663955480.7968614,204673.47172904765,17484903.23657237,-37.63306264886578,5864.254013392111,1524384757.9491236,-60.27279252109702,570191.5582472086,45520436.13139525,12.957902710594773,15715.733051391346,4341396.727750736,-66.96926558496764,1463.6525642414358,85819020.8599194,-69.67700115919884,28946.06933087125,368835292.80083996,9.624367710767759,92488.67415829569,28035532.89482538,9851.479037999663,3837130406.809097,1918854.222616208,40298584.72852622,13230.336279482433,13143506.508819733,4400.601449153104,283016271.9409054,63542.6048274255,336453747.01177084,103265.0733573734,2024-10-24 18:02:40,0.00033137019887269137,66801.29231106905,999870060.824019,331327.1409021052,999870060.824019,331327.1409021052
6RVLvhP3Fi8YfcdtMdPT3ruCFoWRHVfgBHidfgE8pump,,6RVLvhP3Fi8YfcdtMdPT3ruCFoWRHVfgBHidfgE8pump,0,,29,-89.86013986013987,0,-100,0,,1,-80,6,-57.14285714285714,0,286,1,0,5,14,0.00022404333730665583,0.00022438334614301387,0.00022541844016919695,0.00022438334614301387,0.00022165185651159606,0.00022451729471352364,0.0002379765003267255,0.00023478626245407145,70,2024-10-26T01:18:33,1729905513,1,0.00021955168561725572,-2.004813775493905,-2.1533062095787723,-2.602606311860602,-2.1533062095787723,-0.9475088218945139,-2.2116822236807487,-7.742283244006774,-6.488700266181843,1,0,28,-89.31297709923665,2,,1,,2,-77.77777777777779,11,22.22222222222222,1,262,0,0,9,9,1,0,57,-89.59854014598541,2,100,1,,3,-78.57142857142857,17,-26.08695652173913,1,548,1,0,14,23,1,0,31,-86.52173913043478,1,0,1,0,2,-81.81818181818183,12,-14.285714285714285,1,230,1,1,11,14,150000.0000003229,-0.6622516556277037,32.932752842620964,24799144.51500903,-96.01425930354104,5668.325116964774,301000.00000008964,564.645555487995,66.40218317585969,150000.0000000719,121326759773969.44,32.93275284260667,346287.2959902619,-93.46667074519995,76.56389818783863,5646606.359748235,-42.936699123858155,1321.072410252788,3.6737765185534954e-07,0,2.2325252757582348e-11,13693777.286060182,-96.17112705380578,3139.8565560136317,1.8483842723071575e-07,-99.99999999959185,2.0961010704922955e-11,9.775976650416851e-08,0,1.1439738045737613e-11,45287.29599033664,-97.62232759599287,10.161715011985697,1949977.610518342,-72.59095167930855,465.36333924295104,3.6737765185534954e-07,2.2325252757582348e-11,357645121.12294835,71322.1655760553,45287.29599018484,10.161715011984333,9.775976650416851e-08,1.1439738045737613e-11,1904690.3145283367,455.2016242309546,7114357.228690344,1618.880530064623,151000.00000032288,33.46943033328361,622196635.5473462,131010.14517414958,45287.295990280094,10.161715011984963,1.2363307178020477e-07,1.8310686300537782e-11,5300319.0637582615,1244.5085120649624,9895337.761838239,2245.228342863004,149999.99999995553,-0.662251655629315,32.93275284259864,11105367.228948848,-95.80219102010754,2528.468560951142,300999.9999999048,315975749437050.3,66.40218317583873,149999.99999997413,579748116445244.4,32.93275284259523,300999.99999992526,-91.13566228144971,66.40218317585294,3696628.749229893,32.92537308938089,855.709071009837,150999.9999999555,33.469430333261286,264551514.4243979,59687.97959809429,9.52604750636965e-08,6.31494856406789e-13,2.5873305276036263e-08,6.870948254800169e-12,3395628.7492299248,789.3068878340077,2780980.533147895,626.3478127983809,2024-10-24 17:40:57,0.00021955168561725572,49550.17741519587,999996007.31457,219550.80901643942,999996007.31457,219550.80901643942
82zJt2MhzxHejfUDyubm8Qvhko6BGdgUcZnVZvKrpump,,82zJt2MhzxHejfUDyubm8Qvhko6BGdgUcZnVZvKrpump,51,-54.86725663716814,4043,-33.39373970345964,164,-65.3276955602537,16,-54.285714285714285,637,-46.828046744574294,1835,24.07031778228533,113,6070,473,35,1198,1479,0.00015700819059949982,0.0003997683903180193,0.0004051974683288819,0.00027103856422723853,0.0004018347047456244,0.000536380575527772,0.0004003947176445098,0.0005710326187688684,773,2024-10-26T01:30:55,1729906255,1,0.0004116053200807525,162.15531719022545,2.960946900608331,1.5814145577705323,51.86227142778947,2.4315011171852987,-23.262448556092245,2.799887696369669,-27.919122909622402,48,-65.46762589928058,3575,-31.91772995619882,187,-54.830917874396135,18,-40,601,-43.24834749763929,1660,42.00171086398631,139,5251,414,30,1059,1169,99,-60.71428571428571,7618,-32.7091246356329,351,-60.42841037204059,34,-47.69230769230769,1238,-45.14842711564023,3495,31.986404833836858,252,11321,887,65,2257,2648,67,-38.53211009174312,1475,-42.36029699101211,156,-27.44186046511628,26,-48,285,-43.786982248520715,634,-29.16201117318436,109,2559,215,50,507,895,36071742.96534921,-51.92291285836347,15101.676616803848,3457794646.0230055,-59.99515119685195,1418954.36723632,111100712.29347686,-62.42760695892757,38202.45368302202,19954411.013016187,23.807160341634546,8706.170562715972,406798439.5370598,-42.344943176603,154130.73331699765,1112371310.2448578,-18.322074485082265,504547.424508012,19298484.136741024,-59.01650858641524,8080.2307807455,1727803731.3464365,-60.542752052667424,712000.9773418257,66386917.72575277,-46.95164108154711,22778.453608869564,10405056.345685607,16.997142048526108,4540.214446993483,191531067.47750205,-46.47204156669029,72212.30511614599,549346073.0995178,-22.360448525514904,250619.3608336668,47088433.58900402,14698.22282812326,4378926106.688191,1841578.9466931873,125144149.75174671,49433.851507276246,8893427.791056616,3540.0163337524336,357815005.6220244,178407.05571752854,707559565.539287,343503.33905638626,75028969.32811421,23100.777066218154,8643438856.719051,3657875.9635694893,295697727.2435819,115928.27963396802,16117331.9523312,6395.506054088957,705572870.7078074,350416.691191032,1361899562.497695,667749.7019522313,16773258.828608193,-39.968012835453386,7021.445836058349,1729990914.6765692,-59.43285866212851,706953.3898944943,44713794.567724094,-73.78313886739511,15424.000074152453,9549354.66733058,32.19104869250776,4165.95611572249,215267372.05955777,-38.09848930190068,81918.42820085165,563025237.1453398,-13.955246544232343,253928.0636743452,27940535.739110198,8402.554238094894,4264512750.0308604,1816297.016876302,170553577.49183515,66494.42812669178,7223904.161274584,2855.4897203365235,347757865.085783,172009.63547350347,654339996.9584081,324246.3628958451,2024-10-24 17:07:41,0.0004116053200807525,72326.70143876753,999995453.848587,411603.448860645,999995453.848587,411603.448860645
9fgVG37Eb4Ec6G2YSHrZGMXkeXhLjNtxSKXu8P9epump,,9fgVG37Eb4Ec6G2YSHrZGMXkeXhLjNtxSKXu8P9epump,27,-93.64705882352942,4744,-22.83669486011711,452,-78.52731591448932,5,-77.27272727272727,2557,454.6637744034707,3018,269.4002447980416,425,6148,2105,22,461,817,0.0002964801153528592,0.0004081628611097292,0.00014049245388145546,0.0003620345741091592,0.00038309461711877937,0.00029077684944605903,0.00047010146621435467,0.0004793362757403794,682,2024-10-26T01:29:38,1729906178,1,0.00036919000298078005,24.52437241579737,-9.548359697153295,162.78279920450012,1.976449041981103,-3.629550903788388,26.966780087239083,-21.465889916531655,-22.978914456133786,10,-81.13207547169812,2770,-47.23809523809524,63,-88.62815884476535,1,-88.88888888888889,617,49.75728155339806,1029,24.27536231884058,53,5250,554,9,412,828,37,-92.25941422594143,7514,-34.0761537111774,515,-80.63181647235803,6,-80.64516129032258,3174,263.573883161512,4047,146.01823708206686,478,11398,2659,31,873,1645,15,-75.40983606557377,1125,-56.07184693479109,74,-77.84431137724552,7,-22.22222222222222,359,32.96296296296296,514,11.982570806100219,61,2561,334,9,270,459,7915680.407618358,-72.70366284460287,3028.3718902833866,2778890280.492712,-69.30825620560624,1047862.0856998418,36914737.543222815,-89.90352863979133,14393.25862121517,983556.7761658102,-85.81160942221605,359.84263478886515,402534925.29224485,0.22275004340516438,163507.49583086726,804175196.7055843,-5.735469094134238,312735.81101058796,1411361.548334539,-91.87130507150607,527.9128052138495,1423299685.3742259,-68.72312430015167,533199.6941916116,18774069.347683687,-90.2856715709819,7318.907353642532,967837.8678947927,118.21560168721507,354.1364053670614,212035698.1351349,15.185212582911545,85323.68088821143,396118093.24510473,-10.071279251899739,154316.5650915141,17362707.799344536,6790.994548426756,4550645336.295937,1693672.9965706826,193261628.78746068,78004.77353457159,443523.68043879274,173.77639984536884,184082395.1099707,68992.88420329907,440480071.27186084,161432.81014929464,28999057.135595355,11364.886730930893,9054194832.032686,3378708.9995447835,365620187.74903786,149114.237209654,6932123.631455809,2668.52925549329,401640271.413339,149228.31517971668,853104756.3464226,311854.4804553121,6504318.859283819,-44.103441110857176,2500.459085069537,1355590595.1184864,-69.89950712428617,514662.39150823024,18140668.195539128,-89.47504069143261,7074.351267572636,15718.908271017484,-99.75774576349782,5.706229421803755,190499227.15710995,-12.437448648619426,78183.81494265582,408057103.46047956,-1.1069579158253198,158419.2459190739,11636349.33625082,4573.892182504137,4503549495.73675,1685036.0029741006,172358558.96157718,71109.4636750824,6488599.951017017,2494.752855647921,217557876.30336836,80235.43097641763,412624685.0745617,150421.67030601748,2024-10-24 16:50:07,0.00036919000298078005,83838.8454569509,999987990.063568,369185.5690323129,999987990.063568,369185.5690323129
Dt6vESocrRixuFz2taZunygpKcNQwxAjUMgYUxvNpump,,Dt6vESocrRixuFz2taZunygpKcNQwxAjUMgYUxvNpump,2,100,213,-34.25925925925926,3,200,1,0,4,-76.47058823529412,21,-87.71929824561403,1,324,1,1,17,171,0.0004481325822957639,0.00042892282144266203,0.0002838904062634989,0.00042892282144266203,0.000443314940739821,0.0004560445346640267,0.0004624063101920522,0.00047844330338581723,153,2024-10-26T01:16:39,1729905399,1,0.00045640492544057773,1.845958868340917,6.407237531796726,60.76799897808306,6.407237531796726,2.9527506289121828,0.07902534712240725,-1.2978596137630403,-4.606267407084539,1,,182,-42.76729559748428,1,-87.5,1,,9,-43.75,25,-80.91603053435115,0,318,8,0,16,131,3,200,395,-38.47352024922118,4,-55.55555555555556,2,100,13,-60.60606060606061,46,-84.76821192052981,1,642,9,1,33,302,3,200,145,-45.69288389513109,3,-66.66666666666666,2,0,12,-40,30,-74.57627118644068,1,267,9,2,20,118,1796627.786482234,380.82087230586484,811.4030258678306,96094507.88037452,-94.6492901747192,36584.34333802629,2170286.229774378,56.184249097985514,976.276978123395,1744596.0017789963,3252.942843941201,788.3365583155961,3559854.155034316,22.446755990395445,1593.1415817996765,6467121.1759040095,-90.78931952725881,2938.3805839306797,1606253.058654135,329.87200944856727,724.5150624077158,60249871.02127408,-93.65995248822625,22795.471628446943,1979911.50194637,795.3064087393141,889.3890146633154,1554221.2739510708,2887.0612411635166,701.4485948554889,2201054.9543567463,178.75273456592979,989.0643231705947,2990663.3353420952,-93.78200092194027,1357.8004965905939,373658.4432921348,164.87395225562483,950306301.4809813,111851.19569311588,221143.4524113699,99.67530850727607,52031.78470307065,23.06646755219049,789608.3809847466,368.73617342005224,48096876.467780076,18909.927912882973,373658.4432922338,164.87395225563097,1795920747.3062963,208540.72512220914,1389567.9252603778,616.8646036762381,52031.78470314511,23.066467552191867,2907267.020870317,1345.23900213108,70213283.31867898,28292.34844871565,190374.72782809898,192304155227084.75,86.88796346011475,35844636.859100446,-95.76111346772035,13788.871709579342,190374.72782800806,-83.7067151320606,86.88796346007962,190374.72782792553,255666438930786.47,86.88796346010724,1358799.2006775693,-35.83483309892696,604.0772586290818,3476457.840561914,-84.28109111937133,1580.5800873400856,9.899667929857969e-08,6.124878382252064e-12,845614445.825315,96689.52942909327,1168424.472849008,517.189295168962,7.446215022355318e-08,1.3784529073745944e-12,2117658.63988557,976.5028287110277,22116406.850898903,9382.420535832676,2024-10-24 16:02:11,0.00045640492544057773,70547.34808063146,999994240.603221,456402.2968235203,999994240.603221,456402.2968235203
66gsTs88mXJ5L4AtJnWqFW6H2L5YQDRy4W41y6zbpump,,66gsTs88mXJ5L4AtJnWqFW6H2L5YQDRy4W41y6zbpump,86,-37.22627737226277,9540,-60.33428963452663,223,-34.98542274052478,30,-46.42857142857143,566,-41.286307053941904,1530,-54.38282647584973,137,24051,343,56,964,3354,0.0018182279428575246,0.0015626068777430905,0.0023745423390830506,0.001730076496361458,0.0015941486411918686,0.0016112243868601794,0.0016786921878695744,0.0024930179960876006,1721,2024-10-26T01:31:59,1729906319,6,0.0015479293523107474,-14.866045349736313,-0.9392973780802869,-34.81146548397645,-10.52827111597587,-2.899308614444211,-3.928381115977032,-7.789565979024295,-37.909419236444386,92,-26.984126984126984,8712,-58.614792646430104,218,-35.50295857988166,25,-62.68656716417911,556,-41.2882787750792,1503,-51.71859942177963,126,21051,338,67,947,3113,178,-32.31939163498099,18252,-59.531728083011835,441,-35.24229074889868,55,-55.28455284552846,1122,-41.287284144427,3033,-53.10035565177053,263,45102,681,123,1911,6467,101,-12.931034482758621,2978,-53.693049292489505,174,-38.94736842105263,42,-42.465753424657535,391,-30.673758865248228,796,-49.039692701664535,116,6431,285,73,564,1562,22034255.307476856,-41.71196633523549,33523.34389110763,1997725315.4154088,-81.90155433382175,4658811.505782189,59836620.42791121,-50.682445549582326,94430.73100470606,4890611.3278716225,-71.47274328788555,7899.228084287834,181165873.45905185,-26.058566143558583,286358.582055027,426178532.81696266,-46.66713084219682,774762.0907265921,10452892.125227496,-42.03739252950636,15918.186463550779,988779557.4749029,-82.31678886232943,2318208.828022096,28486746.33123254,-53.55289766092412,45034.919549617545,2014266.023162877,-76.13040323388097,3282.6847613697687,89818336.24026945,-22.48669815169613,142401.07592039142,205693075.28317901,-49.05057619526477,373939.45126626093,18033854.2060045,29116.73308606856,5591628973.815193,11151922.255658353,61331589.90903655,97366.15637079417,8438626.102062877,12635.501702181307,115874739.04291543,231538.37534583738,403720120.7053924,870013.7139272997,37802365.120435864,60907.38711361983,11038104333.725681,22241462.998509184,121329253.03112721,191927.85105034662,17143643.979600623,25624.115806817208,245012659.3579299,488403.50867152755,799091703.7595906,1715548.0429490798,11581363.182249362,-41.41509579361002,17605.157427556853,1008945757.940506,-81.47525342046002,2340602.677760093,31349874.096678663,-47.74817473659923,49395.811455088515,2876345.3047087453,-66.95761748943895,4616.543322918065,91347537.21878238,-29.26358346490912,143957.50613463557,220485457.53378364,-44.23335743288382,400822.63946033124,19768510.914431363,31790.654027551267,5446475359.910489,11089540.74285083,59997663.122090675,94561.69467955246,8705017.877537748,12988.614104635899,129137920.31501447,256865.13332569017,395371583.05419827,845534.32902178,2024-10-24 15:52:03,0.0015479293523107474,188659.4773855492,999999272.025863,1547928.2254582131,999999272.025863,1547928.2254582131
5Jng6jkLKU1o8BNrCzTEMXMFvPjNJZTpdWR3Hq4RHJb6,,5Jng6jkLKU1o8BNrCzTEMXMFvPjNJZTpdWR3Hq4RHJb6,7397,16.013174404015057,98614,213.6976714594732,13773,18.508002065049045,3855,8.836815358554489,25395,-42.13020987626187,69278,740.3444929645804,6376,31436,11622,3542,43883,8244,4.323725831285158e-10,3.2870214027256246e-10,4.21850089428196e-10,3.5676339385236563e-10,3.273884469269665e-10,4.1674657519984723e-10,3.9718164103453337e-10,4.4559558590485775e-10,1082,2024-10-26T01:32:14,1729906334,1,3.0933881659033976e-10,-28.455496795828576,-5.890841984225133,-26.670913591688834,-13.29300541457763,-5.513215419190781,-25.772919323452392,-22.11653696162558,-30.57857250489262,7338,13.873370577281191,54708,4092.1839080459768,13782,16.71747967479675,3787,6.6460152069839475,25590,24.616508400292183,46125,466.3678781925344,6444,1305,11808,3551,20535,8144,14735,14.937597503900157,153322,368.2874683119025,27555,17.6056338028169,7642,7.740025377132384,50985,-20.852867211027974,115403,604.1920917744691,12820,32741,23430,7093,64418,16388,26,-10.344827586206897,1062,-39.62478681068789,47,-30.88235294117647,12,-36.84210526315789,97,-40.853658536585364,234,-18.181818181818183,29,1759,68,19,164,286,111141548138491.23,258.14750499325413,43805.69342540231,756161252572235,-63.366233340720534,328020.6053810731,142173887213584.78,113.12339713122299,54419.61686290344,15670342138370.455,-83.58631592194351,4926.933990838307,208883544213864.28,-24.209016673967866,79203.11258456693,484488286423503.25,290.15500903830923,208982.4358082196,53207874115981.945,347.8560627160105,21189.060930938784,363619204289294.94,-70.8145272865964,159159.16353443038,65088448824138.16,125.36750309155845,25259.69554970456,6364891518944.258,-86.41228383406421,2002.080209849639,93969475561027.95,-28.54541150712834,36017.61690101086,225478840520005.25,257.6693139826335,98455.66848466292,11880574708156.074,4070.6346187658282,1245891090612011.2,466408.68497269356,28881026736891.668,10757.921351305995,46842982597038.26,19186.98072108906,131509364958980.05,62438.0515836514,63041147704092.195,26413.902221984237,31032339075092.715,10613.923437501235,2064110031613952.5,905723.4343030066,66709657000280.625,24783.49572166326,95471206000121.47,38878.759434564054,275604742209642.88,129779.32322365211,124178409913976.38,51852.84019084467,57933674022509.29,202.4978425618333,22616.632494463523,392542048282940,-52.02481528938247,168861.44184664267,77085438389446.62,103.77538878020363,29159.921313198873,9305450619426.197,-80.86409502915093,2924.8537809886684,114914068652836.33,-20.251384294628565,43185.49568355607,259009445903498,323.6523464435138,110526.76732355666,19151764366936.64,6543.288818735407,818218941001941.1,439314.749330313,37828630263388.96,14025.574370357268,48628223403083.22,19691.77871347499,144095377250662.84,67341.2716400007,61137262209884.19,25438.93796886043,2024-10-24 15:05:07,3.0933881659033976e-10,58088.12257242897,999790337115027.0,309273.95972161926,999790337115027.0,309273.95972161926
FEfYfHZ5qyGejy5X2AS2SnrNeGqDvUTQGXTXG3rg6Mqo,,FEfYfHZ5qyGejy5X2AS2SnrNeGqDvUTQGXTXG3rg6Mqo,56,700,223,-7.468879668049793,63,1160,43,230.76923076923075,68,119.35483870967742,99,-20.161290322580644,7,241,5,13,31,124,3.814889719156003e-05,0.0004163895887042045,4.173205524837324e-05,0.00038190532979403093,0.0004143397413408598,0.0003114822483877393,0.0002665885165509249,0.00018746242706524022,183,2024-10-26T01:31:18,1729906278,1,0.00044096931279647203,1055.9162787385396,5.903059240448137,956.6680940394409,15.465608462258295,6.426989448184554,41.571250072506444,65.41196841546478,135.23077114701337,10,150,91,-30.53435114503817,14,600,9,800,16,6.666666666666667,31,-47.45762711864407,4,131,2,1,15,59,66,500,314,-15.591397849462366,77,1000,52,271.42857142857144,84,82.6086956521739,130,-28.96174863387978,11,372,7,14,46,183,16,100,94,-27.692307692307693,23,360,14,366.66666666666663,27,3.8461538461538463,50,-13.793103448275861,8,130,5,3,26,58,5416528.898794747,123.93879923134614,2350.1508625724678,319474617.4014969,-61.3422610039257,46616.737837333196,7835283.0036599655,-9.516560835041302,3331.586813929253,4098235.9007947156,210.87443436412502,1811.2181500297083,16494638.876921332,-43.693700881754616,6448.590858828879,45789121.262066044,-83.03111203334662,13469.299599106236,4104618.32960067,87.62113827453179,1775.1172786874454,237614249.7796348,-70.44234822916279,33447.7309566467,6292334.685736447,-25.4968941950177,2661.631960199691,3010248.0702167857,175.06669195408432,1324.5581436334924,14738069.420885514,-41.90760069306154,5692.948653090055,40108117.132316805,-79.69272316017815,11779.851998792848,2187716.356136105,886.5146815122292,803900971.6396848,8136.335655801564,8445734.73514933,3031.316692890366,1094370.259383958,450.55913505395625,25370047.71143137,6086.903345702793,197506132.6473188,21667.878957853856,2418754.104865523,981.4359513567648,826418268.8851502,8762.70516799131,8659355.87326163,3117.0040448996283,1318292.9980001124,538.9327125427582,29294482.385144792,7020.708740277348,269841614.559829,33000.79839503017,1311910.569194077,467.83386109363977,575.0335838850223,81860367.62186207,263.54437537279154,13169.006880686497,1542948.3179235186,622.2826034717551,669.9548537295619,1087987.8305779302,385.87643992821376,486.66000639621586,1756569.4560358177,-55.24019121017252,755.6422057388246,5681004.129749239,-92.14631052486743,1689.4476003133882,231037.7487294182,94.92126984453554,22517297.245465424,626.3695121897448,213621.13811230063,85.68735200926234,223922.73861615435,88.37357748880189,3924434.6737134224,933.8053945745553,72335481.91251017,11332.919437176319,2024-10-24 14:36:57,0.00044096931279647203,52971.0897200628,1000000000.0,440969.31279647205,1000000000.0,440969.31279647205
