datetime,address,c,h,l,o,type,v
2024-11-08 15:48:00,Ghe6ADeD68s56VezA8T6KejzSTZRzHd3R9ZjtT9xpump,0.0004173510331038654,0.0005565232777514494,0.00015111348399885223,0.00015420505647383573,1m,372405661.14923793
2024-11-08 15:49:00,Ghe6ADeD68s56VezA8T6KejzSTZRzHd3R9ZjtT9xpump,0.0007961562351713815,0.0010030102550932958,0.00036165809458992855,0.0004173510331038654,1m,349032447.54156774
2024-11-08 15:50:00,Ghe6ADeD68s56VezA8T6KejzSTZRzHd3R9ZjtT9xpump,0.0014053069900287235,0.001813523984022392,0.0007949349331433596,0.0007961562351713815,1m,304706893.81936514
2024-11-08 15:51:00,Ghe6ADeD68s56VezA8T6KejzSTZRzHd3R9ZjtT9xpump,0.0009210818668541516,0.001426594413882031,0.0008961331291857786,0.0014053069900287235,1m,222401194.7124329
2024-11-08 15:52:00,Ghe6ADeD68s56VezA8T6KejzSTZRzHd3R9ZjtT9xpump,0.0009786059521755524,0.0014145252066949327,0.0007986088808545613,0.0009210818668541516,1m,214427744.85437706
2024-11-08 15:53:00,Ghe6ADeD68s56VezA8T6KejzSTZRzHd3R9ZjtT9xpump,0.0013121315002703445,0.0050094884535639,0.0009486397973681878,0.0009786059521755524,1m,154937384.55207196
2024-11-08 15:54:00,Ghe6ADeD68s56VezA8T6KejzSTZRzHd3R9ZjtT9xpump,0.0011309223151386642,0.0014766702130762541,0.0010032226495927702,0.0013121315002703445,1m,75351696.53471802
2024-11-08 15:55:00,Ghe6ADeD68s56VezA8T6KejzSTZRzHd3R9ZjtT9xpump,0.0010035620510518472,0.0011480219098622,0.0008172360397025136,0.0011309223151386642,1m,107532890.39973608
2024-11-08 15:56:00,Ghe6ADeD68s56VezA8T6KejzSTZRzHd3R9ZjtT9xpump,0.0005104880247252818,0.0010633382952579165,0.0004721999630334635,0.0010035620510518472,1m,235832046.91969964
2024-11-08 15:57:00,Ghe6ADeD68s56VezA8T6KejzSTZRzHd3R9ZjtT9xpump,0.0005811903069840165,0.000709964942207161,0.0004988487931991192,0.0005104880247252818,1m,111378664.91117303
2024-11-08 15:58:00,Ghe6ADeD68s56VezA8T6KejzSTZRzHd3R9ZjtT9xpump,0.00048769406219123144,0.0006279956302792341,0.0003482938674332174,0.0005811903069840165,1m,125294426.94489497
2024-11-08 15:59:00,Ghe6ADeD68s56VezA8T6KejzSTZRzHd3R9ZjtT9xpump,0.00036420940805542365,0.0005971938334141097,0.00036420940805542365,0.00048769406219123144,1m,87912956.58781303
2024-11-08 16:00:00,Ghe6ADeD68s56VezA8T6KejzSTZRzHd3R9ZjtT9xpump,0.00046381183950980337,0.0004674765286203387,0.0003381981481260695,0.00036420940805542365,1m,78855633.32149802
2024-11-08 16:01:00,Ghe6ADeD68s56VezA8T6KejzSTZRzHd3R9ZjtT9xpump,0.0004914667347409578,0.0006335667938458476,0.00046092604960254506,0.00046381183950980337,1m,68675265.09508301
2024-11-08 16:02:00,Ghe6ADeD68s56VezA8T6KejzSTZRzHd3R9ZjtT9xpump,0.0004075971256091096,0.0005074359909073197,0.00040734462472880143,0.0004914667347409578,1m,34559823.811887
2024-11-08 16:03:00,Ghe6ADeD68s56VezA8T6KejzSTZRzHd3R9ZjtT9xpump,0.0005555302372549923,0.0005948067154763619,0.0004075971256091096,0.0004075971256091096,1m,57027701.963883
2024-11-08 16:04:00,Ghe6ADeD68s56VezA8T6KejzSTZRzHd3R9ZjtT9xpump,0.0006877561711962336,0.0007029998208338295,0.0005278165679079485,0.0005555302372549923,1m,34539452.810629986
2024-11-08 16:05:00,Ghe6ADeD68s56VezA8T6KejzSTZRzHd3R9ZjtT9xpump,0.0005468487806792841,0.0007069771920835145,0.0005325237100318928,0.0006877561711962336,1m,31408770.044539012
2024-11-08 16:06:00,Ghe6ADeD68s56VezA8T6KejzSTZRzHd3R9ZjtT9xpump,0.0006091934172396278,0.0006124284939015624,0.0005468487806792841,0.0005468487806792841,1m,9027528.848241994
2024-11-08 16:07:00,Ghe6ADeD68s56VezA8T6KejzSTZRzHd3R9ZjtT9xpump,0.0006696792237011347,0.0008248970332195362,0.0005573586083768089,0.0006091934172396278,1m,92747891.76167803
2024-11-08 16:08:00,Ghe6ADeD68s56VezA8T6KejzSTZRzHd3R9ZjtT9xpump,0.0008759578744972026,0.0009436184630035882,0.0006335597391259082,0.0006696792237011347,1m,68953083.349671
2024-11-08 16:09:00,Ghe6ADeD68s56VezA8T6KejzSTZRzHd3R9ZjtT9xpump,0.0008745596234360133,0.0009749732666863843,0.0008064278625314224,0.0008759578744972026,1m,39546790.19696298
2024-11-08 16:10:00,Ghe6ADeD68s56VezA8T6KejzSTZRzHd3R9ZjtT9xpump,0.0007806909157747077,0.0008777188484476943,0.0005780678380447932,0.0008745596234360133,1m,69598987.85228601
2024-11-08 16:11:00,Ghe6ADeD68s56VezA8T6KejzSTZRzHd3R9ZjtT9xpump,0.000551992563249828,0.0007806909157747077,0.0005205314314319465,0.0007806909157747077,1m,40714140.326414004
2024-11-08 16:12:00,Ghe6ADeD68s56VezA8T6KejzSTZRzHd3R9ZjtT9xpump,0.0005724926511435072,0.0006750265842028921,0.0005267916194995906,0.000551992563249828,1m,52475560.194129005
2024-11-08 16:13:00,Ghe6ADeD68s56VezA8T6KejzSTZRzHd3R9ZjtT9xpump,0.0005639795964317756,0.000576305739945314,0.000434717688889441,0.0005724926511435072,1m,52311352.940431
2024-11-08 16:14:00,Ghe6ADeD68s56VezA8T6KejzSTZRzHd3R9ZjtT9xpump,0.0006374810883136343,0.0006639628976115138,0.0005639795964317756,0.0005639795964317756,1m,17871538.107358
2024-11-08 16:15:00,Ghe6ADeD68s56VezA8T6KejzSTZRzHd3R9ZjtT9xpump,0.0004217559041459905,0.0006673722182676399,0.0004049308724012356,0.0006374810883136343,1m,63468134.36234999
2024-11-08 16:16:00,Ghe6ADeD68s56VezA8T6KejzSTZRzHd3R9ZjtT9xpump,0.0004887726460853938,0.0006363605517268104,0.0003905877753313821,0.0004217559041459905,1m,56046147.539581016
2024-11-08 16:17:00,Ghe6ADeD68s56VezA8T6KejzSTZRzHd3R9ZjtT9xpump,0.0005628343108834931,0.0008068997810118289,0.0004883301467523717,0.0004887726460853938,1m,90080351.098285
2024-11-08 16:18:00,Ghe6ADeD68s56VezA8T6KejzSTZRzHd3R9ZjtT9xpump,0.0005810909393881476,0.0005875329202571497,0.0004922531129228736,0.0005628343108834931,1m,18831624.196663998
2024-11-08 16:19:00,Ghe6ADeD68s56VezA8T6KejzSTZRzHd3R9ZjtT9xpump,0.0008613170548696829,0.0009583255414307867,0.0005688828928568489,0.0005810909393881476,1m,81684787.82227503
2024-11-08 16:20:00,Ghe6ADeD68s56VezA8T6KejzSTZRzHd3R9ZjtT9xpump,0.0011931461918852553,0.0015787331671238117,0.0008277597574030327,0.0008613170548696829,1m,76922447.53695798
2024-11-08 16:21:00,Ghe6ADeD68s56VezA8T6KejzSTZRzHd3R9ZjtT9xpump,0.0011182417023155688,0.001263606805438215,0.0009691721131173102,0.0011931461918852553,1m,43204248.78729299
2024-11-08 16:22:00,Ghe6ADeD68s56VezA8T6KejzSTZRzHd3R9ZjtT9xpump,0.0009700635693629233,0.001256461479191786,0.0008772964152209306,0.0011182417023155688,1m,44020479.870551
2024-11-08 16:23:00,Ghe6ADeD68s56VezA8T6KejzSTZRzHd3R9ZjtT9xpump,0.0007946978202566328,0.0009815503224584652,0.0007946978202566328,0.0009700635693629233,1m,28927535.603454005
2024-11-08 16:24:00,Ghe6ADeD68s56VezA8T6KejzSTZRzHd3R9ZjtT9xpump,0.0008884509157253089,0.0008884509157253089,0.0006662158188456221,0.0007946978202566328,1m,34541449.232372984
2024-11-08 16:25:00,Ghe6ADeD68s56VezA8T6KejzSTZRzHd3R9ZjtT9xpump,0.0011975080045131645,0.001345276515000104,0.0008884509157253089,0.0008884509157253089,1m,45940096.695186995
2024-11-08 16:26:00,Ghe6ADeD68s56VezA8T6KejzSTZRzHd3R9ZjtT9xpump,0.0012037402599068643,0.0013045254482828758,0.0009469713206828348,0.0011975080045131645,1m,35714376.797019996
2024-11-08 16:27:00,Ghe6ADeD68s56VezA8T6KejzSTZRzHd3R9ZjtT9xpump,0.0012348400943956212,0.001321465844367554,0.001132155263074411,0.0012037402599068643,1m,16596302.935939003
2024-11-08 16:28:00,Ghe6ADeD68s56VezA8T6KejzSTZRzHd3R9ZjtT9xpump,0.001266795629122777,0.0013550754172604765,0.0010328109780183372,0.0012348400943956212,1m,29938184.631347988
2024-11-08 16:29:00,Ghe6ADeD68s56VezA8T6KejzSTZRzHd3R9ZjtT9xpump,0.0013197838428317,0.0014417071649681218,0.0011072058357875785,0.001266795629122777,1m,39487369.75650301
2024-11-08 16:30:00,Ghe6ADeD68s56VezA8T6KejzSTZRzHd3R9ZjtT9xpump,0.0011414160450698842,0.0013900076696951058,0.0010964661136740465,0.0013197838428317,1m,29241843.869951002
2024-11-08 16:31:00,Ghe6ADeD68s56VezA8T6KejzSTZRzHd3R9ZjtT9xpump,0.0011653379117506535,0.001273428661902491,0.0011183765342404834,0.0011414160450698842,1m,12476387.575357996
2024-11-08 16:32:00,Ghe6ADeD68s56VezA8T6KejzSTZRzHd3R9ZjtT9xpump,0.000974729250275638,0.0011653379117506535,0.0007191680893827094,0.0011653379117506535,1m,63709634.05618194
2024-11-08 16:33:00,Ghe6ADeD68s56VezA8T6KejzSTZRzHd3R9ZjtT9xpump,0.0009154084865826877,0.0009976434655103365,0.0009098784845962986,0.000974729250275638,1m,14179398.582437014
2024-11-08 16:34:00,Ghe6ADeD68s56VezA8T6KejzSTZRzHd3R9ZjtT9xpump,0.0010171114443019206,0.0010223189735827545,0.0009154084865826877,0.0009154084865826877,1m,6300902.342833995
2024-11-08 16:35:00,Ghe6ADeD68s56VezA8T6KejzSTZRzHd3R9ZjtT9xpump,0.0010487229564024039,0.0010487229564024039,0.0009429724868764576,0.0010171114443019206,1m,7877796.764386998
2024-11-08 16:36:00,Ghe6ADeD68s56VezA8T6KejzSTZRzHd3R9ZjtT9xpump,0.0009338620751691849,0.001074078084160901,0.0009338620751691849,0.0010487229564024039,1m,9036077.482282002
2024-11-08 16:37:00,Ghe6ADeD68s56VezA8T6KejzSTZRzHd3R9ZjtT9xpump,0.0008384928226308281,0.0009406525590543927,0.0008384928226308281,0.0009338620751691849,1m,7418987.180596998
2024-11-08 16:38:00,Ghe6ADeD68s56VezA8T6KejzSTZRzHd3R9ZjtT9xpump,0.0008826902411947474,0.0008826902411947474,0.0007126300800091627,0.0008384928226308281,1m,18949706.024215005
2024-11-08 16:39:00,Ghe6ADeD68s56VezA8T6KejzSTZRzHd3R9ZjtT9xpump,0.0009235317373545829,0.0009625592163452397,0.0008655590542665074,0.0008826902411947474,1m,12568084.517473001
2024-11-08 16:40:00,Ghe6ADeD68s56VezA8T6KejzSTZRzHd3R9ZjtT9xpump,0.0009475579204747654,0.000957216454255743,0.0007904955016920411,0.0009235317373545829,1m,18699495.178315002
2024-11-08 16:41:00,Ghe6ADeD68s56VezA8T6KejzSTZRzHd3R9ZjtT9xpump,0.0010564718187285513,0.0010564718187285513,0.0009475579204747654,0.0009475579204747654,1m,5956429.398397002
2024-11-08 16:42:00,Ghe6ADeD68s56VezA8T6KejzSTZRzHd3R9ZjtT9xpump,0.0012063070773089886,0.001223862720172002,0.001041723427692373,0.0010564718187285513,1m,6693618.274474001
2024-11-08 16:43:00,Ghe6ADeD68s56VezA8T6KejzSTZRzHd3R9ZjtT9xpump,0.0011780297084432313,0.0012202262972972958,0.001115221042934305,0.0012063070773089886,1m,16450370.479523001
2024-11-08 16:44:00,Ghe6ADeD68s56VezA8T6KejzSTZRzHd3R9ZjtT9xpump,0.0011704994627881524,0.0012126340173405062,0.0011527775889532484,0.0011780297084432313,1m,4009718.1827389994
2024-11-08 16:45:00,Ghe6ADeD68s56VezA8T6KejzSTZRzHd3R9ZjtT9xpump,0.0010215054042637822,0.0011811139161208534,0.0009569417949459242,0.0011704994627881524,1m,12438990.908007003
2024-11-08 16:46:00,Ghe6ADeD68s56VezA8T6KejzSTZRzHd3R9ZjtT9xpump,0.0009903682279787513,0.0010948503793643102,0.000915356913788857,0.0010215054042637822,1m,19219484.884841
2024-11-08 16:47:00,Ghe6ADeD68s56VezA8T6KejzSTZRzHd3R9ZjtT9xpump,0.0009486348112098623,0.0009912555805173628,0.0009486348112098623,0.0009903682279787513,1m,3550639.1933230003
2024-11-08 16:48:00,Ghe6ADeD68s56VezA8T6KejzSTZRzHd3R9ZjtT9xpump,0.0010474382844642678,0.0010474382844642678,0.0009308676250179343,0.0009486348112098623,1m,5338354.9144979995
2024-11-08 16:49:00,Ghe6ADeD68s56VezA8T6KejzSTZRzHd3R9ZjtT9xpump,0.0010414397149302278,0.0011060944371865291,0.0010372266113130618,0.0010474382844642678,1m,9151084.929940999
2024-11-08 16:50:00,Ghe6ADeD68s56VezA8T6KejzSTZRzHd3R9ZjtT9xpump,0.0010583322925406926,0.0010662720066566356,0.0010109432176066788,0.0010414397149302278,1m,4221078.647001
2024-11-08 16:51:00,Ghe6ADeD68s56VezA8T6KejzSTZRzHd3R9ZjtT9xpump,0.0011556098926378492,0.0011563084677287834,0.0010583322925406926,0.0010583322925406926,1m,4236613.157425
2024-11-08 16:52:00,Ghe6ADeD68s56VezA8T6KejzSTZRzHd3R9ZjtT9xpump,0.0012386075715582095,0.001418922205083448,0.0011556098926378492,0.0011556098926378492,1m,17953463.866040006
2024-11-08 16:53:00,Ghe6ADeD68s56VezA8T6KejzSTZRzHd3R9ZjtT9xpump,0.0010961240798061731,0.0013955545941667933,0.0010344191950804249,0.0012386075715582095,1m,26324845.03032
2024-11-08 16:54:00,Ghe6ADeD68s56VezA8T6KejzSTZRzHd3R9ZjtT9xpump,0.0011408455958077301,0.0012272965887810147,0.0010929360588885428,0.0010961240798061731,1m,8139900.033649002
2024-11-08 16:55:00,Ghe6ADeD68s56VezA8T6KejzSTZRzHd3R9ZjtT9xpump,0.0010636297614255268,0.0011408455958077301,0.0010636297614255268,0.0011408455958077301,1m,3823680.989339
2024-11-08 16:56:00,Ghe6ADeD68s56VezA8T6KejzSTZRzHd3R9ZjtT9xpump,0.0011210560210393314,0.0011258673894915588,0.0009690384387678374,0.0010636297614255268,1m,9534830.335421
2024-11-08 16:57:00,Ghe6ADeD68s56VezA8T6KejzSTZRzHd3R9ZjtT9xpump,0.0010628976926392135,0.0011210560210393314,0.0010395381221029476,0.0011210560210393314,1m,4578775.840519999
2024-11-08 16:58:00,Ghe6ADeD68s56VezA8T6KejzSTZRzHd3R9ZjtT9xpump,0.0010352058466481468,0.0011264352376394544,0.0010259451074133114,0.0010628976926392135,1m,6154028.5305699995
2024-11-08 16:59:00,Ghe6ADeD68s56VezA8T6KejzSTZRzHd3R9ZjtT9xpump,0.000856266814176507,0.0010352058466481468,0.000856266814176507,0.0010352058466481468,1m,9717228.316344999
2024-11-08 17:00:00,Ghe6ADeD68s56VezA8T6KejzSTZRzHd3R9ZjtT9xpump,0.00047462000992008784,0.000856266814176507,0.0004610014111240322,0.000856266814176507,1m,88225361.041497
2024-11-08 17:01:00,Ghe6ADeD68s56VezA8T6KejzSTZRzHd3R9ZjtT9xpump,0.0006610145002219787,0.0006640319352063447,0.00047462000992008784,0.00047462000992008784,1m,32192030.14596699
2024-11-08 17:02:00,Ghe6ADeD68s56VezA8T6KejzSTZRzHd3R9ZjtT9xpump,0.0007102408989691595,0.0007314608966065348,0.0006473626893419757,0.0006610145002219787,1m,12672970.460278999
2024-11-08 17:03:00,Ghe6ADeD68s56VezA8T6KejzSTZRzHd3R9ZjtT9xpump,0.000760429828847141,0.000760429828847141,0.0006065066128848656,0.0007102408989691595,1m,31989057.91679199
2024-11-08 17:04:00,Ghe6ADeD68s56VezA8T6KejzSTZRzHd3R9ZjtT9xpump,0.0007566969441838802,0.0007689202848880129,0.0007265970673731236,0.000760429828847141,1m,6004303.674966001
2024-11-08 17:05:00,Ghe6ADeD68s56VezA8T6KejzSTZRzHd3R9ZjtT9xpump,0.0007884187051850739,0.0008733874415084488,0.000741527944037333,0.0007566969441838802,1m,19728049.956315998
2024-11-08 17:06:00,Ghe6ADeD68s56VezA8T6KejzSTZRzHd3R9ZjtT9xpump,0.0007845847738841895,0.0008311437041924971,0.0007817302521223596,0.0007884187051850739,1m,4014198.010946
2024-11-08 17:07:00,Ghe6ADeD68s56VezA8T6KejzSTZRzHd3R9ZjtT9xpump,0.000866286293953573,0.000866286293953573,0.0007822716812072224,0.0007845847738841895,1m,7296378.189685001
2024-11-08 17:08:00,Ghe6ADeD68s56VezA8T6KejzSTZRzHd3R9ZjtT9xpump,0.000887890882314903,0.0009329317982180257,0.0008590111092073598,0.000866286293953573,1m,8138847.753951001
2024-11-08 17:09:00,Ghe6ADeD68s56VezA8T6KejzSTZRzHd3R9ZjtT9xpump,0.0008600475314525558,0.0008912758220409776,0.0008600475314525558,0.000887890882314903,1m,1661343.158166
2024-11-08 17:10:00,Ghe6ADeD68s56VezA8T6KejzSTZRzHd3R9ZjtT9xpump,0.0009190489733780845,0.0009331853784529345,0.0008600475314525558,0.0008600475314525558,1m,4232066.476642
2024-11-08 17:11:00,Ghe6ADeD68s56VezA8T6KejzSTZRzHd3R9ZjtT9xpump,0.0008416742863557607,0.0009190489733780845,0.0008416742863557607,0.0009190489733780845,1m,3048345.6710679997
2024-11-08 17:12:00,Ghe6ADeD68s56VezA8T6KejzSTZRzHd3R9ZjtT9xpump,0.0008032718647149537,0.0008416742863557607,0.0008032718647149537,0.0008416742863557607,1m,2091495.588744
2024-11-08 17:13:00,Ghe6ADeD68s56VezA8T6KejzSTZRzHd3R9ZjtT9xpump,0.0006163658378391226,0.0008032718647149537,0.0005911534008127235,0.0008032718647149537,1m,23865978.988953
2024-11-08 17:14:00,Ghe6ADeD68s56VezA8T6KejzSTZRzHd3R9ZjtT9xpump,0.0005432878459104945,0.0006672997910286209,0.0005080512681902717,0.0006163658378391226,1m,30550038.621864002
2024-11-08 17:15:00,Ghe6ADeD68s56VezA8T6KejzSTZRzHd3R9ZjtT9xpump,0.0006392269915036628,0.0006392269915036628,0.0005403431065660595,0.0005432878459104945,1m,9806745.334128
2024-11-08 17:16:00,Ghe6ADeD68s56VezA8T6KejzSTZRzHd3R9ZjtT9xpump,0.0006413437118866742,0.0006728527430216208,0.0006300842787370255,0.0006392269915036628,1m,8129003.9967829995
2024-11-08 17:17:00,Ghe6ADeD68s56VezA8T6KejzSTZRzHd3R9ZjtT9xpump,0.0007079779652539724,0.0007227209117273459,0.0006413437118866742,0.0006413437118866742,1m,7362725.170636001
2024-11-08 17:18:00,Ghe6ADeD68s56VezA8T6KejzSTZRzHd3R9ZjtT9xpump,0.0007134521978980701,0.0007134521978980701,0.0006979446356336803,0.0007079779652539724,1m,1222565.9219399998
2024-11-08 17:19:00,Ghe6ADeD68s56VezA8T6KejzSTZRzHd3R9ZjtT9xpump,0.0008035130613175219,0.0008107370734187888,0.0007098558124658388,0.0007134521978980701,1m,5209039.806841001
2024-11-08 17:20:00,Ghe6ADeD68s56VezA8T6KejzSTZRzHd3R9ZjtT9xpump,0.0008392862288758609,0.0008906550778749,0.0007943595849865276,0.0008035130613175219,1m,11845847.555514
2024-11-08 17:21:00,Ghe6ADeD68s56VezA8T6KejzSTZRzHd3R9ZjtT9xpump,0.0008598230489742167,0.0008615866046892494,0.0008392386691431594,0.0008392862288758609,1m,950988.1702429999
2024-11-08 17:22:00,Ghe6ADeD68s56VezA8T6KejzSTZRzHd3R9ZjtT9xpump,0.0008604056145926985,0.0008611313458182316,0.0008504953385487638,0.0008598230489742167,1m,983385.29545
2024-11-08 17:23:00,Ghe6ADeD68s56VezA8T6KejzSTZRzHd3R9ZjtT9xpump,0.0006949858076392865,0.0008611167056953834,0.0006949858076392865,0.0008604056145926985,1m,7802335.931294
2024-11-08 17:24:00,Ghe6ADeD68s56VezA8T6KejzSTZRzHd3R9ZjtT9xpump,0.0007121802674498741,0.000714928605362161,0.0006928327870758481,0.0006949858076392865,1m,4810424.186141
2024-11-08 17:25:00,Ghe6ADeD68s56VezA8T6KejzSTZRzHd3R9ZjtT9xpump,0.0007048828567701794,0.0007121802674498741,0.0007020424013671139,0.0007121802674498741,1m,1050621.6976240003
2024-11-08 17:26:00,Ghe6ADeD68s56VezA8T6KejzSTZRzHd3R9ZjtT9xpump,0.0007731800549041422,0.0007897868144306051,0.0007023151327501906,0.0007048828567701794,1m,8917607.754708001
2024-11-08 17:27:00,Ghe6ADeD68s56VezA8T6KejzSTZRzHd3R9ZjtT9xpump,0.0008413879108365124,0.0008413879108365124,0.0007682628877522242,0.0007731800549041422,1m,4589997.541431
2024-11-08 17:28:00,Ghe6ADeD68s56VezA8T6KejzSTZRzHd3R9ZjtT9xpump,0.0008380191212390824,0.0008443991402506487,0.0008380191212390824,0.0008413879108365124,1m,543936.4754069999
2024-11-08 17:29:00,Ghe6ADeD68s56VezA8T6KejzSTZRzHd3R9ZjtT9xpump,0.0008454821339742754,0.0008454821339742754,0.0008380191212390824,0.0008380191212390824,1m,115369.26980100002
2024-11-08 17:30:00,Ghe6ADeD68s56VezA8T6KejzSTZRzHd3R9ZjtT9xpump,0.0008211656372405741,0.0008479427431485311,0.0008211656372405741,0.0008454821339742754,1m,1587872.7635360002
2024-11-08 17:31:00,Ghe6ADeD68s56VezA8T6KejzSTZRzHd3R9ZjtT9xpump,0.0007554793120771746,0.0008211656372405741,0.0007554793120771746,0.0008211656372405741,1m,3387874.3551060003
2024-11-08 17:32:00,Ghe6ADeD68s56VezA8T6KejzSTZRzHd3R9ZjtT9xpump,0.0007785054448094732,0.0007941290735339348,0.0007444952215180668,0.0007554793120771746,1m,3502181.0608440004
2024-11-08 17:33:00,Ghe6ADeD68s56VezA8T6KejzSTZRzHd3R9ZjtT9xpump,0.0007156756516683052,0.0007785054448094732,0.0007130142336430245,0.0007785054448094732,1m,10302655.517085
2024-11-08 17:34:00,Ghe6ADeD68s56VezA8T6KejzSTZRzHd3R9ZjtT9xpump,0.0006685292614474288,0.0007250592460646109,0.0006685292614474288,0.0007156756516683052,1m,11423487.305945
2024-11-08 17:35:00,Ghe6ADeD68s56VezA8T6KejzSTZRzHd3R9ZjtT9xpump,0.000669127040285408,0.0008101612743209662,0.0006685292614474288,0.0006685292614474288,1m,13802782.956986
2024-11-08 17:36:00,Ghe6ADeD68s56VezA8T6KejzSTZRzHd3R9ZjtT9xpump,0.0005670811725442087,0.000669127040285408,0.0005633114964832799,0.000669127040285408,1m,14010894.578575999
2024-11-08 17:37:00,Ghe6ADeD68s56VezA8T6KejzSTZRzHd3R9ZjtT9xpump,0.0005440408480120564,0.0005819766085168731,0.0005428274373440883,0.0005670811725442087,1m,4783247.0743269995
2024-11-08 17:38:00,Ghe6ADeD68s56VezA8T6KejzSTZRzHd3R9ZjtT9xpump,0.0005076872178646068,0.0005440408480120564,0.0005076872178646068,0.0005440408480120564,1m,9523526.23316
2024-11-08 17:39:00,Ghe6ADeD68s56VezA8T6KejzSTZRzHd3R9ZjtT9xpump,0.0005220674542714187,0.000546410210096919,0.0005076872178646068,0.0005076872178646068,1m,5575024.267346
2024-11-08 17:40:00,Ghe6ADeD68s56VezA8T6KejzSTZRzHd3R9ZjtT9xpump,0.0005520975073983124,0.0005520975073983124,0.0005216519101326197,0.0005220674542714187,1m,3601863.788783999
2024-11-08 17:41:00,Ghe6ADeD68s56VezA8T6KejzSTZRzHd3R9ZjtT9xpump,0.000535216161032469,0.000556535330569674,0.000535216161032469,0.0005520975073983124,1m,2669346.848447
2024-11-08 17:42:00,Ghe6ADeD68s56VezA8T6KejzSTZRzHd3R9ZjtT9xpump,0.0005991197938426617,0.0005991197938426617,0.0005319068012273609,0.000535216161032469,1m,6965582.216628999
2024-11-08 17:43:00,Ghe6ADeD68s56VezA8T6KejzSTZRzHd3R9ZjtT9xpump,0.0005926525639518472,0.0006099588919178742,0.0005926525639518472,0.0005991197938426617,1m,2586306.584343
2024-11-08 17:44:00,Ghe6ADeD68s56VezA8T6KejzSTZRzHd3R9ZjtT9xpump,0.0006401533511934867,0.0006565154228420126,0.0005851555533484943,0.0005926525639518472,1m,6322980.654602999
2024-11-08 17:45:00,Ghe6ADeD68s56VezA8T6KejzSTZRzHd3R9ZjtT9xpump,0.0005600512135259129,0.0006401533511934867,0.0005600512135259129,0.0006401533511934867,1m,5405832.194091001
2024-11-08 17:46:00,Ghe6ADeD68s56VezA8T6KejzSTZRzHd3R9ZjtT9xpump,0.0005302248258108365,0.0005600512135259129,0.000526498522270294,0.0005600512135259129,1m,7461737.053991
2024-11-08 17:47:00,Ghe6ADeD68s56VezA8T6KejzSTZRzHd3R9ZjtT9xpump,0.0005690031125030962,0.0005697081912642385,0.0005302248258108365,0.0005302248258108365,1m,2407254.3460629997
2024-11-08 17:48:00,Ghe6ADeD68s56VezA8T6KejzSTZRzHd3R9ZjtT9xpump,0.0005554618955261192,0.0005690031125030962,0.0005541693530184755,0.0005690031125030962,1m,2225958.675676
2024-11-08 17:49:00,Ghe6ADeD68s56VezA8T6KejzSTZRzHd3R9ZjtT9xpump,0.0005592513515305237,0.0005592513515305237,0.0005293651149802985,0.0005554618955261192,1m,5847647.177820999
2024-11-08 17:50:00,Ghe6ADeD68s56VezA8T6KejzSTZRzHd3R9ZjtT9xpump,0.0005754868158895952,0.0005765812414185492,0.0005592513515305237,0.0005592513515305237,1m,864201.024411
2024-11-08 17:51:00,Ghe6ADeD68s56VezA8T6KejzSTZRzHd3R9ZjtT9xpump,0.0005754868158895952,0.0005754868158895952,0.0005754868158895952,0.0005754868158895952,1m,0.0
2024-11-08 17:52:00,Ghe6ADeD68s56VezA8T6KejzSTZRzHd3R9ZjtT9xpump,0.0006403986293494297,0.0006464109220042152,0.0005754868158895952,0.0005754868158895952,1m,12009963.45909
2024-11-08 17:53:00,Ghe6ADeD68s56VezA8T6KejzSTZRzHd3R9ZjtT9xpump,0.0006518775311554638,0.0006625523812456853,0.0006387907477658138,0.0006403986293494297,1m,2049887.0589080004
2024-11-08 17:54:00,Ghe6ADeD68s56VezA8T6KejzSTZRzHd3R9ZjtT9xpump,0.0006843448580056462,0.0006861697355170002,0.0006518775311554638,0.0006518775311554638,1m,2354506.713829
2024-11-08 17:55:00,Ghe6ADeD68s56VezA8T6KejzSTZRzHd3R9ZjtT9xpump,0.0006749851798684044,0.0006895367741748088,0.0006749851798684044,0.0006843448580056462,1m,955303.52145
2024-11-08 17:56:00,Ghe6ADeD68s56VezA8T6KejzSTZRzHd3R9ZjtT9xpump,0.0006737880148179687,0.0006749851798684044,0.0006737880148179687,0.0006749851798684044,1m,83605.776271
2024-11-08 17:57:00,Ghe6ADeD68s56VezA8T6KejzSTZRzHd3R9ZjtT9xpump,0.0006730849249622925,0.0006764244694243151,0.0006709657068440114,0.0006737880148179687,1m,399045.77572599996
2024-11-08 17:58:00,Ghe6ADeD68s56VezA8T6KejzSTZRzHd3R9ZjtT9xpump,0.0006376368323768218,0.0006730849249622925,0.0006376368323768218,0.0006730849249622925,1m,1925678.6590449999
2024-11-08 17:59:00,Ghe6ADeD68s56VezA8T6KejzSTZRzHd3R9ZjtT9xpump,0.0005224853791493103,0.0006376368323768218,0.0005224853791493103,0.0006376368323768218,1m,11217268.32505
2024-11-08 18:00:00,Ghe6ADeD68s56VezA8T6KejzSTZRzHd3R9ZjtT9xpump,0.0005179805622900054,0.0005236670113883631,0.0004955477452955368,0.0005224853791493103,1m,4335593.540937001
2024-11-08 18:01:00,Ghe6ADeD68s56VezA8T6KejzSTZRzHd3R9ZjtT9xpump,0.0005274022057240693,0.0005274022057240693,0.0005155736030561017,0.0005179805622900054,1m,1780289.022601
2024-11-08 18:02:00,Ghe6ADeD68s56VezA8T6KejzSTZRzHd3R9ZjtT9xpump,0.0005339572257603592,0.0005339572257603592,0.0005274022057240693,0.0005274022057240693,1m,687734.644272
2024-11-08 18:03:00,Ghe6ADeD68s56VezA8T6KejzSTZRzHd3R9ZjtT9xpump,0.0005403323251868175,0.0005443644001144883,0.0005339572257603592,0.0005339572257603592,1m,761129.3456640001
2024-11-08 18:04:00,Ghe6ADeD68s56VezA8T6KejzSTZRzHd3R9ZjtT9xpump,0.0005186514285595998,0.0005403323251868175,0.0005186514285595998,0.0005403323251868175,1m,2181630.4647480003
2024-11-08 18:05:00,Ghe6ADeD68s56VezA8T6KejzSTZRzHd3R9ZjtT9xpump,0.0005229256109214377,0.0005262690360766319,0.0005186514285595998,0.0005186514285595998,1m,3248417.7483449997
2024-11-08 18:06:00,Ghe6ADeD68s56VezA8T6KejzSTZRzHd3R9ZjtT9xpump,0.00047583901886186507,0.0005856215262483007,0.00047583901886186507,0.0005229256109214377,1m,13437534.721613
2024-11-08 18:07:00,Ghe6ADeD68s56VezA8T6KejzSTZRzHd3R9ZjtT9xpump,0.00044684076068698784,0.00047583901886186507,0.00044494032849606754,0.00047583901886186507,1m,6124558.797463
2024-11-08 18:08:00,Ghe6ADeD68s56VezA8T6KejzSTZRzHd3R9ZjtT9xpump,0.00046653116516811156,0.00046653116516811156,0.00044624292319527073,0.00044684076068698784,1m,3815389.5232639997
2024-11-08 18:09:00,Ghe6ADeD68s56VezA8T6KejzSTZRzHd3R9ZjtT9xpump,0.0005318219823684829,0.0005318219823684829,0.00046653116516811156,0.00046653116516811156,1m,6493076.075498
2024-11-08 18:10:00,Ghe6ADeD68s56VezA8T6KejzSTZRzHd3R9ZjtT9xpump,0.0005510880762320314,0.0005538889302479625,0.0005318219823684829,0.0005318219823684829,1m,811251.4666660001
2024-11-08 18:11:00,Ghe6ADeD68s56VezA8T6KejzSTZRzHd3R9ZjtT9xpump,0.0005496218844331988,0.0005530813479877102,0.0005469559253428449,0.0005510880762320314,1m,567240.8560960001
2024-11-08 18:12:00,Ghe6ADeD68s56VezA8T6KejzSTZRzHd3R9ZjtT9xpump,0.0005260147485466231,0.0005501620362489072,0.0005260147485466231,0.0005496218844331988,1m,2981148.5329799997
2024-11-08 18:13:00,Ghe6ADeD68s56VezA8T6KejzSTZRzHd3R9ZjtT9xpump,0.0005190316091213164,0.0005299932330840469,0.0005190316091213164,0.0005260147485466231,1m,712479.809569
2024-11-08 18:14:00,Ghe6ADeD68s56VezA8T6KejzSTZRzHd3R9ZjtT9xpump,0.0005271699133690719,0.0005271699133690719,0.0005190316091213164,0.0005190316091213164,1m,878531.855984
2024-11-08 18:15:00,Ghe6ADeD68s56VezA8T6KejzSTZRzHd3R9ZjtT9xpump,0.0005356853360990448,0.0005356853360990448,0.0005271699133690719,0.0005271699133690719,1m,1229522.123438
2024-11-08 18:16:00,Ghe6ADeD68s56VezA8T6KejzSTZRzHd3R9ZjtT9xpump,0.0005533652407221923,0.0005533652407221923,0.0005356853360990448,0.0005356853360990448,1m,2525325.039098
2024-11-08 18:17:00,Ghe6ADeD68s56VezA8T6KejzSTZRzHd3R9ZjtT9xpump,0.0005576673590137326,0.0005576673590137326,0.0005533652407221923,0.0005533652407221923,1m,204263.204954
2024-11-08 18:18:00,Ghe6ADeD68s56VezA8T6KejzSTZRzHd3R9ZjtT9xpump,0.000585342581368789,0.000585342581368789,0.0005559347622620584,0.0005576673590137326,1m,3955807.6434339997
2024-11-08 18:19:00,Ghe6ADeD68s56VezA8T6KejzSTZRzHd3R9ZjtT9xpump,0.0005906542678139245,0.0005906542678139245,0.0005835679899957198,0.000585342581368789,1m,967791.496098
2024-11-08 18:20:00,Ghe6ADeD68s56VezA8T6KejzSTZRzHd3R9ZjtT9xpump,0.0006089534354238944,0.000612676982736959,0.0005906542678139245,0.0005906542678139245,1m,1194219.503464
2024-11-08 18:21:00,Ghe6ADeD68s56VezA8T6KejzSTZRzHd3R9ZjtT9xpump,0.0006012362291566986,0.0006089534354238944,0.0006012362291566986,0.0006089534354238944,1m,806042.787894
2024-11-08 18:22:00,Ghe6ADeD68s56VezA8T6KejzSTZRzHd3R9ZjtT9xpump,0.0005990863756743535,0.0006024599329257554,0.0005965476945028865,0.0006012362291566986,1m,643687.389023
2024-11-08 18:23:00,Ghe6ADeD68s56VezA8T6KejzSTZRzHd3R9ZjtT9xpump,0.0005971841212105859,0.0005990863756743535,0.0005971841212105859,0.0005990863756743535,1m,67736.068473
2024-11-08 18:24:00,Ghe6ADeD68s56VezA8T6KejzSTZRzHd3R9ZjtT9xpump,0.0006489227833950914,0.0006489227833950914,0.0005971841212105859,0.0005971841212105859,1m,3726123.701693
2024-11-08 18:25:00,Ghe6ADeD68s56VezA8T6KejzSTZRzHd3R9ZjtT9xpump,0.0006376708587162506,0.0006489227833950914,0.0006376708587162506,0.0006489227833950914,1m,1392660.718992
2024-11-08 18:26:00,Ghe6ADeD68s56VezA8T6KejzSTZRzHd3R9ZjtT9xpump,0.0006371023796950375,0.0006376708587162506,0.0006266216366979393,0.0006376708587162506,1m,931912.849918
2024-11-08 18:27:00,Ghe6ADeD68s56VezA8T6KejzSTZRzHd3R9ZjtT9xpump,0.0006344627531851071,0.0006374211814815929,0.0006343943278745775,0.0006371023796950375,1m,739367.969863
2024-11-08 18:28:00,Ghe6ADeD68s56VezA8T6KejzSTZRzHd3R9ZjtT9xpump,0.0005356642306002469,0.0006344627531851071,0.0005356642306002469,0.0006344627531851071,1m,15263564.156984998
2024-11-08 18:29:00,Ghe6ADeD68s56VezA8T6KejzSTZRzHd3R9ZjtT9xpump,0.0005346180603640187,0.0005373138661819601,0.0005343545464533044,0.0005356642306002469,1m,309436.865603
2024-11-08 18:30:00,Ghe6ADeD68s56VezA8T6KejzSTZRzHd3R9ZjtT9xpump,0.0005293705471191634,0.0005384280533528439,0.000526927557719574,0.0005346180603640187,1m,1238615.68072
2024-11-08 18:31:00,Ghe6ADeD68s56VezA8T6KejzSTZRzHd3R9ZjtT9xpump,0.0004547592649055263,0.0005293705471191634,0.0004547592649055263,0.0005293705471191634,1m,9258283.701809
2024-11-08 18:32:00,Ghe6ADeD68s56VezA8T6KejzSTZRzHd3R9ZjtT9xpump,0.0004417322076205465,0.0004547592649055263,0.00043149313873544254,0.0004547592649055263,1m,5305197.612315999
2024-11-08 18:33:00,Ghe6ADeD68s56VezA8T6KejzSTZRzHd3R9ZjtT9xpump,0.0003546292264790681,0.00044434104448236165,0.000354364562587135,0.0004417322076205465,1m,15984026.912291998
2024-11-08 18:34:00,Ghe6ADeD68s56VezA8T6KejzSTZRzHd3R9ZjtT9xpump,0.0003559257098109149,0.0003559257098109149,0.00035410322076039654,0.0003546292264790681,1m,94208.03777200001
2024-11-08 18:35:00,Ghe6ADeD68s56VezA8T6KejzSTZRzHd3R9ZjtT9xpump,0.0003619801647232383,0.000363529386367974,0.00034875793734240383,0.0003559257098109149,1m,4595349.216961
2024-11-08 18:36:00,Ghe6ADeD68s56VezA8T6KejzSTZRzHd3R9ZjtT9xpump,0.0003867547676830071,0.00039165995512607706,0.0003619801647232383,0.0003619801647232383,1m,8772788.805734001
2024-11-08 18:37:00,Ghe6ADeD68s56VezA8T6KejzSTZRzHd3R9ZjtT9xpump,0.0003837982490113185,0.0003867547676830071,0.00038150166120455196,0.0003867547676830071,1m,687087.981413
2024-11-08 18:38:00,Ghe6ADeD68s56VezA8T6KejzSTZRzHd3R9ZjtT9xpump,0.0003931052014921716,0.0003931052014921716,0.0003837982490113185,0.0003837982490113185,1m,905285.4377329999
2024-11-08 18:39:00,Ghe6ADeD68s56VezA8T6KejzSTZRzHd3R9ZjtT9xpump,0.00038889920777667255,0.00039360780792551005,0.00038727448688074477,0.0003931052014921716,1m,634086.992175
2024-11-08 18:40:00,Ghe6ADeD68s56VezA8T6KejzSTZRzHd3R9ZjtT9xpump,0.0003874112298953165,0.0003889125835481703,0.0003850881583162917,0.00038889920777667255,1m,1336519.9950970002
2024-11-08 18:41:00,Ghe6ADeD68s56VezA8T6KejzSTZRzHd3R9ZjtT9xpump,0.0003585034539511304,0.0003878723743319536,0.0003585034539511304,0.0003874112298953165,1m,3957949.706101
2024-11-08 18:42:00,Ghe6ADeD68s56VezA8T6KejzSTZRzHd3R9ZjtT9xpump,0.00031138045317890954,0.0003600499290167412,0.00031138045317890954,0.0003585034539511304,1m,9339650.265775997
2024-11-08 18:43:00,Ghe6ADeD68s56VezA8T6KejzSTZRzHd3R9ZjtT9xpump,0.0003092498214595332,0.00031498335479235285,0.0003092498214595332,0.00031138045317890954,1m,1942782.494351
2024-11-08 18:44:00,Ghe6ADeD68s56VezA8T6KejzSTZRzHd3R9ZjtT9xpump,0.00030661401297190814,0.00031004220143804947,0.0003027545844195318,0.0003092498214595332,1m,1919838.277337
2024-11-08 18:45:00,Ghe6ADeD68s56VezA8T6KejzSTZRzHd3R9ZjtT9xpump,0.0003074607421726729,0.0003084054516607908,0.00030661401297190814,0.00030661401297190814,1m,583105.518734
2024-11-08 18:46:00,Ghe6ADeD68s56VezA8T6KejzSTZRzHd3R9ZjtT9xpump,0.0003070596137039065,0.0003074607421726729,0.00030474109648623987,0.0003074607421726729,1m,1217266.505368
2024-11-08 18:47:00,Ghe6ADeD68s56VezA8T6KejzSTZRzHd3R9ZjtT9xpump,0.00029807559865490237,0.0003070596137039065,0.00029807559865490237,0.0003070596137039065,1m,1747704.016153
2024-11-08 18:48:00,Ghe6ADeD68s56VezA8T6KejzSTZRzHd3R9ZjtT9xpump,0.0002960959832432011,0.00030100596750688534,0.0002960959832432011,0.00029807559865490237,1m,1632084.5380640002
2024-11-08 18:49:00,Ghe6ADeD68s56VezA8T6KejzSTZRzHd3R9ZjtT9xpump,0.00029224803615961626,0.0002960959832432011,0.00029224803615961626,0.0002960959832432011,1m,381000.815519
2024-11-08 18:50:00,Ghe6ADeD68s56VezA8T6KejzSTZRzHd3R9ZjtT9xpump,0.00029476327482127383,0.00029476327482127383,0.00029159812057293424,0.00029224803615961626,1m,603794.379046
2024-11-08 18:51:00,Ghe6ADeD68s56VezA8T6KejzSTZRzHd3R9ZjtT9xpump,0.0002914240193824436,0.00029681550805463273,0.0002914240193824436,0.00029476327482127383,1m,935484.3474029999
2024-11-08 18:52:00,Ghe6ADeD68s56VezA8T6KejzSTZRzHd3R9ZjtT9xpump,0.0002830303595910393,0.00029221680200637124,0.0002830303595910393,0.0002914240193824436,1m,1685415.37882
2024-11-08 18:53:00,Ghe6ADeD68s56VezA8T6KejzSTZRzHd3R9ZjtT9xpump,0.00028431247251370416,0.00028431247251370416,0.0002830303595910393,0.0002830303595910393,1m,70289.826385
2024-11-08 18:54:00,Ghe6ADeD68s56VezA8T6KejzSTZRzHd3R9ZjtT9xpump,0.00028511746185886754,0.00028511746185886754,0.00028297528428502394,0.00028431247251370416,1m,264889.28158
2024-11-08 18:55:00,Ghe6ADeD68s56VezA8T6KejzSTZRzHd3R9ZjtT9xpump,0.0002835840979535702,0.00028511746185886754,0.0002835840979535702,0.00028511746185886754,1m,49355.774326
2024-11-08 18:56:00,Ghe6ADeD68s56VezA8T6KejzSTZRzHd3R9ZjtT9xpump,0.00028328365732008633,0.0002835840979535702,0.00028328365732008633,0.0002835840979535702,1m,151440.897586
2024-11-08 18:57:00,Ghe6ADeD68s56VezA8T6KejzSTZRzHd3R9ZjtT9xpump,0.00027750486546479134,0.00028328365732008633,0.00027750486546479134,0.00028328365732008633,1m,1595076.959872
2024-11-08 18:58:00,Ghe6ADeD68s56VezA8T6KejzSTZRzHd3R9ZjtT9xpump,0.0002782383379358389,0.00028104386416615397,0.0002731598076358823,0.00027750486546479134,1m,8646167.813065998
2024-11-08 18:59:00,Ghe6ADeD68s56VezA8T6KejzSTZRzHd3R9ZjtT9xpump,0.00025106397331268836,0.0002782383379358389,0.00025106397331268836,0.0002782383379358389,1m,5886684.172624
2024-11-08 19:00:00,Ghe6ADeD68s56VezA8T6KejzSTZRzHd3R9ZjtT9xpump,0.00024030826343513878,0.00025106397331268836,0.00024030826343513878,0.00025106397331268836,1m,3156874.9510290003
2024-11-08 19:01:00,Ghe6ADeD68s56VezA8T6KejzSTZRzHd3R9ZjtT9xpump,0.0002405794145699751,0.00024323506501405662,0.00023832505562822556,0.00024030826343513878,1m,3951402.8265139996
2024-11-08 19:02:00,Ghe6ADeD68s56VezA8T6KejzSTZRzHd3R9ZjtT9xpump,0.00023394411765202057,0.0002405794145699751,0.00023394411765202057,0.0002405794145699751,1m,2690965.108451
2024-11-08 19:03:00,Ghe6ADeD68s56VezA8T6KejzSTZRzHd3R9ZjtT9xpump,0.0002278897231118634,0.00023394411765202057,0.0002278897231118634,0.00023394411765202057,1m,960021.8713400001
2024-11-08 19:04:00,Ghe6ADeD68s56VezA8T6KejzSTZRzHd3R9ZjtT9xpump,0.00023107146131806156,0.00023605857693816882,0.00022334693372023278,0.0002278897231118634,1m,8001074.9436449995
2024-11-08 19:05:00,Ghe6ADeD68s56VezA8T6KejzSTZRzHd3R9ZjtT9xpump,0.00021280854396853188,0.00023107146131806156,0.00021280854396853188,0.00023107146131806156,1m,5401291.898479
2024-11-08 19:06:00,Ghe6ADeD68s56VezA8T6KejzSTZRzHd3R9ZjtT9xpump,0.00021227935949395138,0.00021557040457778232,0.0002112492036936467,0.00021280854396853188,1m,4095933.798556
2024-11-08 19:07:00,Ghe6ADeD68s56VezA8T6KejzSTZRzHd3R9ZjtT9xpump,0.00021214738662187233,0.00021227935949395138,0.00021214738662187233,0.00021227935949395138,1m,165412.35026
2024-11-08 19:08:00,Ghe6ADeD68s56VezA8T6KejzSTZRzHd3R9ZjtT9xpump,0.000211303759424622,0.00021341912196014092,0.000211303759424622,0.00021214738662187233,1m,1194178.921803
2024-11-08 19:09:00,Ghe6ADeD68s56VezA8T6KejzSTZRzHd3R9ZjtT9xpump,0.00019061759621598096,0.000211303759424622,0.00019061759621598096,0.000211303759424622,1m,8805309.124118999
2024-11-08 19:10:00,Ghe6ADeD68s56VezA8T6KejzSTZRzHd3R9ZjtT9xpump,0.00018693907395695697,0.00019061759621598096,0.00018693907395695697,0.00019061759621598096,1m,1473693.440782
2024-11-08 19:11:00,Ghe6ADeD68s56VezA8T6KejzSTZRzHd3R9ZjtT9xpump,0.00018771671476181006,0.00018818528044232442,0.0001868289086726375,0.00018693907395695697,1m,989237.63251
2024-11-08 19:12:00,Ghe6ADeD68s56VezA8T6KejzSTZRzHd3R9ZjtT9xpump,0.00019033380401722766,0.00019033380401722766,0.00018771671476181006,0.00018771671476181006,1m,1311988.3652269999
2024-11-08 19:13:00,Ghe6ADeD68s56VezA8T6KejzSTZRzHd3R9ZjtT9xpump,0.00018255150539176954,0.00019033380401722766,0.00018255150539176954,0.00019033380401722766,1m,4418448.354408
2024-11-08 19:14:00,Ghe6ADeD68s56VezA8T6KejzSTZRzHd3R9ZjtT9xpump,0.00018116009607508445,0.00018255150539176954,0.00018116009607508445,0.00018255150539176954,1m,408033.384311
2024-11-08 19:15:00,Ghe6ADeD68s56VezA8T6KejzSTZRzHd3R9ZjtT9xpump,0.00019163437935953162,0.00019163437935953162,0.00018013680544503278,0.00018116009607508445,1m,10626884.947111
2024-11-08 19:16:00,Ghe6ADeD68s56VezA8T6KejzSTZRzHd3R9ZjtT9xpump,0.0002186847667537929,0.0002186847667537929,0.00019163437935953162,0.00019163437935953162,1m,6957534.351885999
2024-11-08 19:17:00,Ghe6ADeD68s56VezA8T6KejzSTZRzHd3R9ZjtT9xpump,0.0002397557221621081,0.0002397557221621081,0.0002186847667537929,0.0002186847667537929,1m,5922958.879847
2024-11-08 19:18:00,Ghe6ADeD68s56VezA8T6KejzSTZRzHd3R9ZjtT9xpump,0.00024243981195080233,0.00024243981195080233,0.0002397557221621081,0.0002397557221621081,1m,761652.8571520001
2024-11-08 19:19:00,Ghe6ADeD68s56VezA8T6KejzSTZRzHd3R9ZjtT9xpump,0.000282605995628859,0.000282605995628859,0.00024243981195080233,0.00024243981195080233,1m,11471578.386597
2024-11-08 19:20:00,Ghe6ADeD68s56VezA8T6KejzSTZRzHd3R9ZjtT9xpump,0.0003367607642726091,0.0003726775256889477,0.000282605995628859,0.000282605995628859,1m,24886646.393976
2024-11-08 19:21:00,Ghe6ADeD68s56VezA8T6KejzSTZRzHd3R9ZjtT9xpump,0.000304973811389763,0.0003367607642726091,0.000304973811389763,0.0003367607642726091,1m,161159.717424
2024-11-08 19:22:00,Ghe6ADeD68s56VezA8T6KejzSTZRzHd3R9ZjtT9xpump,0.0003164443748116258,0.0003164443748116258,0.000304973811389763,0.000304973811389763,1m,3462007.090319
2024-11-08 19:23:00,Ghe6ADeD68s56VezA8T6KejzSTZRzHd3R9ZjtT9xpump,0.00034333419883574213,0.00034333419883574213,0.0003164443748116258,0.0003164443748116258,1m,5881975.979933
2024-11-08 19:24:00,Ghe6ADeD68s56VezA8T6KejzSTZRzHd3R9ZjtT9xpump,0.00036300808846687684,0.00036300808846687684,0.00034333419883574213,0.00034333419883574213,1m,169693.894925
2024-11-08 19:25:00,Ghe6ADeD68s56VezA8T6KejzSTZRzHd3R9ZjtT9xpump,0.0003566007702641383,0.0003647702212823912,0.00035620735685070034,0.00036300808846687684,1m,3399011.5263010003
2024-11-08 19:26:00,Ghe6ADeD68s56VezA8T6KejzSTZRzHd3R9ZjtT9xpump,0.00035930414492437585,0.00035930414492437585,0.0003566007702641383,0.0003566007702641383,1m,279083.371895
2024-11-08 19:27:00,Ghe6ADeD68s56VezA8T6KejzSTZRzHd3R9ZjtT9xpump,0.0003582255105460718,0.00035930414492437585,0.0003582255105460718,0.00035930414492437585,1m,133237.357979
2024-11-08 19:28:00,Ghe6ADeD68s56VezA8T6KejzSTZRzHd3R9ZjtT9xpump,0.00031906219613686175,0.00035989861172864624,0.00031906219613686175,0.0003582255105460718,1m,6930959.510550001
2024-11-08 19:29:00,Ghe6ADeD68s56VezA8T6KejzSTZRzHd3R9ZjtT9xpump,0.00030311030735510593,0.00031906219613686175,0.00030311030735510593,0.00031906219613686175,1m,2436984.848359
2024-11-08 19:30:00,Ghe6ADeD68s56VezA8T6KejzSTZRzHd3R9ZjtT9xpump,0.0003059694084437882,0.0003062986378377793,0.00030311030735510593,0.00030311030735510593,1m,653953.2790479999
2024-11-08 19:31:00,Ghe6ADeD68s56VezA8T6KejzSTZRzHd3R9ZjtT9xpump,0.00028396505488074617,0.0003059694084437882,0.00028396505488074617,0.0003059694084437882,1m,4996070.348019
2024-11-08 19:32:00,Ghe6ADeD68s56VezA8T6KejzSTZRzHd3R9ZjtT9xpump,0.00027970936188504613,0.00028396505488074617,0.00027970936188504613,0.00028396505488074617,1m,58574.970426
2024-11-08 19:33:00,Ghe6ADeD68s56VezA8T6KejzSTZRzHd3R9ZjtT9xpump,0.00027970936188504613,0.00027970936188504613,0.00027970936188504613,0.00027970936188504613,1m,0.0
2024-11-08 19:34:00,Ghe6ADeD68s56VezA8T6KejzSTZRzHd3R9ZjtT9xpump,0.0002790234312941415,0.00027970936188504613,0.0002790234312941415,0.00027970936188504613,1m,80597.376336
2024-11-08 19:35:00,Ghe6ADeD68s56VezA8T6KejzSTZRzHd3R9ZjtT9xpump,0.000281925801593283,0.000281925801593283,0.0002790234312941415,0.0002790234312941415,1m,550424.528535
2024-11-08 19:36:00,Ghe6ADeD68s56VezA8T6KejzSTZRzHd3R9ZjtT9xpump,0.00028670171255796727,0.00028670171255796727,0.000281925801593283,0.000281925801593283,1m,1063399.6514889998
2024-11-08 19:37:00,Ghe6ADeD68s56VezA8T6KejzSTZRzHd3R9ZjtT9xpump,0.00028670171255796727,0.00028670171255796727,0.00028670171255796727,0.00028670171255796727,1m,0.0
2024-11-08 19:38:00,Ghe6ADeD68s56VezA8T6KejzSTZRzHd3R9ZjtT9xpump,0.00028673291325924177,0.00028673291325924177,0.00028670171255796727,0.00028670171255796727,1m,31769.211844
2024-11-08 19:39:00,Ghe6ADeD68s56VezA8T6KejzSTZRzHd3R9ZjtT9xpump,0.00028690848248470014,0.00028690848248470014,0.00028673291325924177,0.00028673291325924177,1m,56036.894275
2024-11-08 19:40:00,Ghe6ADeD68s56VezA8T6KejzSTZRzHd3R9ZjtT9xpump,0.0002858038115085212,0.00028690848248470014,0.0002858038115085212,0.00028690848248470014,1m,496752.351558
2024-11-08 19:41:00,Ghe6ADeD68s56VezA8T6KejzSTZRzHd3R9ZjtT9xpump,0.0002863502354529685,0.0002863502354529685,0.0002844524980568636,0.0002858038115085212,1m,412742.71646
2024-11-08 19:42:00,Ghe6ADeD68s56VezA8T6KejzSTZRzHd3R9ZjtT9xpump,0.0002863502354529685,0.0002863502354529685,0.0002863502354529685,0.0002863502354529685,1m,0.0
2024-11-08 19:43:00,Ghe6ADeD68s56VezA8T6KejzSTZRzHd3R9ZjtT9xpump,0.0002863502354529685,0.0002863502354529685,0.0002863502354529685,0.0002863502354529685,1m,0.0
2024-11-08 19:44:00,Ghe6ADeD68s56VezA8T6KejzSTZRzHd3R9ZjtT9xpump,0.0002878511438242897,0.0002878511438242897,0.0002863502354529685,0.0002863502354529685,1m,176017.838109
2024-11-08 19:45:00,Ghe6ADeD68s56VezA8T6KejzSTZRzHd3R9ZjtT9xpump,0.0002878511438242897,0.0002878511438242897,0.0002878511438242897,0.0002878511438242897,1m,0.0
2024-11-08 19:46:00,Ghe6ADeD68s56VezA8T6KejzSTZRzHd3R9ZjtT9xpump,0.0002873710096310877,0.0002878511438242897,0.0002869899109239281,0.0002878511438242897,1m,42837.367092
2024-11-08 19:47:00,Ghe6ADeD68s56VezA8T6KejzSTZRzHd3R9ZjtT9xpump,0.0002873184780423829,0.0002873710096310877,0.0002873184780423829,0.0002873710096310877,1m,36018.690109
2024-11-08 19:48:00,Ghe6ADeD68s56VezA8T6KejzSTZRzHd3R9ZjtT9xpump,0.0002884832047314495,0.0002884832047314495,0.0002873184780423829,0.0002873184780423829,1m,6901.120098
2024-11-08 19:49:00,Ghe6ADeD68s56VezA8T6KejzSTZRzHd3R9ZjtT9xpump,0.00029264820370184804,0.00029264820370184804,0.0002876054738295396,0.0002884832047314495,1m,1434852.371496
2024-11-08 19:50:00,Ghe6ADeD68s56VezA8T6KejzSTZRzHd3R9ZjtT9xpump,0.00030078553900401484,0.00030078553900401484,0.00029264820370184804,0.00029264820370184804,1m,1828848.853782
2024-11-08 19:51:00,Ghe6ADeD68s56VezA8T6KejzSTZRzHd3R9ZjtT9xpump,0.0003031280973055718,0.00030561595150701643,0.00030078553900401484,0.00030078553900401484,1m,562460.9135820001
2024-11-08 19:52:00,Ghe6ADeD68s56VezA8T6KejzSTZRzHd3R9ZjtT9xpump,0.0003098915954115379,0.0003098915954115379,0.0003031280973055718,0.0003031280973055718,1m,1178657.79623
2024-11-08 19:53:00,Ghe6ADeD68s56VezA8T6KejzSTZRzHd3R9ZjtT9xpump,0.000308677932844463,0.00031050599207520495,0.000308677932844463,0.0003098915954115379,1m,325224.248261
2024-11-08 19:54:00,Ghe6ADeD68s56VezA8T6KejzSTZRzHd3R9ZjtT9xpump,0.0003098234638453193,0.0003098234638453193,0.000308677932844463,0.000308677932844463,1m,39616.526194
2024-11-08 19:55:00,Ghe6ADeD68s56VezA8T6KejzSTZRzHd3R9ZjtT9xpump,0.0003068505196030553,0.0003098234638453193,0.0003068505196030553,0.0003098234638453193,1m,370045.881385
2024-11-08 19:56:00,Ghe6ADeD68s56VezA8T6KejzSTZRzHd3R9ZjtT9xpump,0.0003044430586743116,0.00030744520261170773,0.0003044430586743116,0.0003068505196030553,1m,548433.946733
2024-11-08 19:57:00,Ghe6ADeD68s56VezA8T6KejzSTZRzHd3R9ZjtT9xpump,0.0003072741603833517,0.0003072741603833517,0.0003044430586743116,0.0003044430586743116,1m,698644.180627
2024-11-08 19:58:00,Ghe6ADeD68s56VezA8T6KejzSTZRzHd3R9ZjtT9xpump,0.0003065458175927591,0.0003072741603833517,0.00030592206381799465,0.0003072741603833517,1m,378128.587737
2024-11-08 19:59:00,Ghe6ADeD68s56VezA8T6KejzSTZRzHd3R9ZjtT9xpump,0.0003065458175927591,0.0003065458175927591,0.0003065458175927591,0.0003065458175927591,1m,0.0
2024-11-08 20:00:00,Ghe6ADeD68s56VezA8T6KejzSTZRzHd3R9ZjtT9xpump,0.0003065458175927591,0.0003065458175927591,0.0003065458175927591,0.0003065458175927591,1m,0.0
2024-11-08 20:01:00,Ghe6ADeD68s56VezA8T6KejzSTZRzHd3R9ZjtT9xpump,0.0002967100084028975,0.0003065458175927591,0.0002967100084028975,0.0003065458175927591,1m,1632249.686056
2024-11-08 20:02:00,Ghe6ADeD68s56VezA8T6KejzSTZRzHd3R9ZjtT9xpump,0.0002926068774026104,0.0002984300290166156,0.0002926068774026104,0.0002967100084028975,1m,1884987.447596
2024-11-08 20:03:00,Ghe6ADeD68s56VezA8T6KejzSTZRzHd3R9ZjtT9xpump,0.00029316695708586215,0.00029316695708586215,0.00028799538956999853,0.0002926068774026104,1m,955946.439214
2024-11-08 20:04:00,Ghe6ADeD68s56VezA8T6KejzSTZRzHd3R9ZjtT9xpump,0.00029550538466940104,0.00029556459984009795,0.00029316695708586215,0.00029316695708586215,1m,807933.758268
2024-11-08 20:05:00,Ghe6ADeD68s56VezA8T6KejzSTZRzHd3R9ZjtT9xpump,0.00030546144705862247,0.00030546144705862247,0.00029550538466940104,0.00029550538466940104,1m,1981496.8078840002
2024-11-08 20:06:00,Ghe6ADeD68s56VezA8T6KejzSTZRzHd3R9ZjtT9xpump,0.00031350125057104746,0.00031350125057104746,0.00030546144705862247,0.00030546144705862247,1m,1367994.154925
2024-11-08 20:07:00,Ghe6ADeD68s56VezA8T6KejzSTZRzHd3R9ZjtT9xpump,0.0003184123448646427,0.0003184123448646427,0.00031350125057104746,0.00031350125057104746,1m,912841.9726460001
2024-11-08 20:08:00,Ghe6ADeD68s56VezA8T6KejzSTZRzHd3R9ZjtT9xpump,0.000320480742571552,0.000320480742571552,0.0003184123448646427,0.0003184123448646427,1m,42621.300332000006
2024-11-08 20:09:00,Ghe6ADeD68s56VezA8T6KejzSTZRzHd3R9ZjtT9xpump,0.0003526230812385575,0.0003526230812385575,0.000320480742571552,0.000320480742571552,1m,6840839.758981
2024-11-08 20:10:00,Ghe6ADeD68s56VezA8T6KejzSTZRzHd3R9ZjtT9xpump,0.00036448346034610095,0.00036448346034610095,0.0003526230812385575,0.0003526230812385575,1m,167718.76172100002
2024-11-08 20:11:00,Ghe6ADeD68s56VezA8T6KejzSTZRzHd3R9ZjtT9xpump,0.00036448346034610095,0.00036448346034610095,0.00036448346034610095,0.00036448346034610095,1m,101.735011
2024-11-08 20:12:00,Ghe6ADeD68s56VezA8T6KejzSTZRzHd3R9ZjtT9xpump,0.00036862812978220795,0.00036862812978220795,0.00036448346034610095,0.00036448346034610095,1m,594266.454268
2024-11-08 20:13:00,Ghe6ADeD68s56VezA8T6KejzSTZRzHd3R9ZjtT9xpump,0.0003682496045760094,0.00036862812978220795,0.0003682496045760094,0.00036862812978220795,1m,42291.767005
2024-11-08 20:14:00,Ghe6ADeD68s56VezA8T6KejzSTZRzHd3R9ZjtT9xpump,0.00037058633638834324,0.0003726457788059122,0.0003682496045760094,0.0003682496045760094,1m,603849.669693
2024-11-08 20:15:00,Ghe6ADeD68s56VezA8T6KejzSTZRzHd3R9ZjtT9xpump,0.00037058633638834324,0.00037058633638834324,0.00037058633638834324,0.00037058633638834324,1m,18.195553
2024-11-08 20:16:00,Ghe6ADeD68s56VezA8T6KejzSTZRzHd3R9ZjtT9xpump,0.0003606936101351392,0.00037158979254316225,0.0003606936101351392,0.00037058633638834324,1m,1804773.4414720002
2024-11-08 20:17:00,Ghe6ADeD68s56VezA8T6KejzSTZRzHd3R9ZjtT9xpump,0.00035914625119018716,0.0003606936101351392,0.00035914625119018716,0.0003606936101351392,1m,33795.206787
2024-11-08 20:18:00,Ghe6ADeD68s56VezA8T6KejzSTZRzHd3R9ZjtT9xpump,0.00035914625119018716,0.00035914625119018716,0.00035914625119018716,0.00035914625119018716,1m,2.466408
2024-11-08 20:19:00,Ghe6ADeD68s56VezA8T6KejzSTZRzHd3R9ZjtT9xpump,0.00035914625119018716,0.00035914625119018716,0.00035914625119018716,0.00035914625119018716,1m,0.0
2024-11-08 20:20:00,Ghe6ADeD68s56VezA8T6KejzSTZRzHd3R9ZjtT9xpump,0.00030022513836456665,0.00035914625119018716,0.00030022513836456665,0.00035914625119018716,1m,13269958.577942
2024-11-08 20:21:00,Ghe6ADeD68s56VezA8T6KejzSTZRzHd3R9ZjtT9xpump,0.0002956363940247697,0.00030022513836456665,0.0002956363940247697,0.00030022513836456665,1m,335658.700182
2024-11-08 20:22:00,Ghe6ADeD68s56VezA8T6KejzSTZRzHd3R9ZjtT9xpump,0.0002911685666891143,0.0002956363940247697,0.0002911685666891143,0.0002956363940247697,1m,1547754.134941
2024-11-08 20:23:00,Ghe6ADeD68s56VezA8T6KejzSTZRzHd3R9ZjtT9xpump,0.0002911685666891143,0.0002911685666891143,0.0002911685666891143,0.0002911685666891143,1m,0.0
2024-11-08 20:24:00,Ghe6ADeD68s56VezA8T6KejzSTZRzHd3R9ZjtT9xpump,0.00028685962225977185,0.0002911685666891143,0.00028685962225977185,0.0002911685666891143,1m,150000.0
2024-11-08 20:25:00,Ghe6ADeD68s56VezA8T6KejzSTZRzHd3R9ZjtT9xpump,0.00028685962225977185,0.00028685962225977185,0.00028685962225977185,0.00028685962225977185,1m,0.0
2024-11-08 20:26:00,Ghe6ADeD68s56VezA8T6KejzSTZRzHd3R9ZjtT9xpump,0.0002861109483174299,0.00028685962225977185,0.0002861109483174299,0.00028685962225977185,1m,33795.206786
2024-11-08 20:27:00,Ghe6ADeD68s56VezA8T6KejzSTZRzHd3R9ZjtT9xpump,0.00028929527727318484,0.00028929527727318484,0.0002861109483174299,0.0002861109483174299,1m,680273.843165
2024-11-08 20:28:00,Ghe6ADeD68s56VezA8T6KejzSTZRzHd3R9ZjtT9xpump,0.00028929527727318484,0.00028929527727318484,0.00028929527727318484,0.00028929527727318484,1m,0.0
2024-11-08 20:29:00,Ghe6ADeD68s56VezA8T6KejzSTZRzHd3R9ZjtT9xpump,0.0002809466421958299,0.00028929527727318484,0.0002809466421958299,0.00028929527727318484,1m,3581739.817588
2024-11-08 20:30:00,Ghe6ADeD68s56VezA8T6KejzSTZRzHd3R9ZjtT9xpump,0.0002717511052249383,0.0002809466421958299,0.0002717511052249383,0.0002809466421958299,1m,17602.801266
2024-11-08 20:31:00,Ghe6ADeD68s56VezA8T6KejzSTZRzHd3R9ZjtT9xpump,0.0002717511052249383,0.0002717511052249383,0.0002717511052249383,0.0002717511052249383,1m,0.0
2024-11-08 20:32:00,Ghe6ADeD68s56VezA8T6KejzSTZRzHd3R9ZjtT9xpump,0.00027142315707406265,0.0002717511052249383,0.00027142315707406265,0.0002717511052249383,1m,100000.0
2024-11-08 20:33:00,Ghe6ADeD68s56VezA8T6KejzSTZRzHd3R9ZjtT9xpump,0.00027142315707406265,0.00027142315707406265,0.00027142315707406265,0.00027142315707406265,1m,0.0
2024-11-08 20:34:00,Ghe6ADeD68s56VezA8T6KejzSTZRzHd3R9ZjtT9xpump,0.0002735349384119983,0.0002741635634891968,0.00027142315707406265,0.00027142315707406265,1m,385109.193956
2024-11-08 20:35:00,Ghe6ADeD68s56VezA8T6KejzSTZRzHd3R9ZjtT9xpump,0.0002749144687155393,0.0002749144687155393,0.0002735349384119983,0.0002735349384119983,1m,178859.62039
2024-11-08 20:36:00,Ghe6ADeD68s56VezA8T6KejzSTZRzHd3R9ZjtT9xpump,0.00027130251777171066,0.0002749144687155393,0.00027130251777171066,0.0002749144687155393,1m,1075677.903001
2024-11-08 20:37:00,Ghe6ADeD68s56VezA8T6KejzSTZRzHd3R9ZjtT9xpump,0.00027130251777171066,0.00027130251777171066,0.00027130251777171066,0.00027130251777171066,1m,0.0
2024-11-08 20:38:00,Ghe6ADeD68s56VezA8T6KejzSTZRzHd3R9ZjtT9xpump,0.00027130251777171066,0.00027130251777171066,0.00027130251777171066,0.00027130251777171066,1m,0.0
2024-11-08 20:39:00,Ghe6ADeD68s56VezA8T6KejzSTZRzHd3R9ZjtT9xpump,0.0002683482124380371,0.00027130251777171066,0.0002683482124380371,0.00027130251777171066,1m,337910.535195
2024-11-08 20:40:00,Ghe6ADeD68s56VezA8T6KejzSTZRzHd3R9ZjtT9xpump,0.0002683482124380371,0.0002683482124380371,0.0002683482124380371,0.0002683482124380371,1m,0.0
2024-11-08 20:41:00,Ghe6ADeD68s56VezA8T6KejzSTZRzHd3R9ZjtT9xpump,0.0002683482124380371,0.0002683482124380371,0.0002683482124380371,0.0002683482124380371,1m,0.0
2024-11-08 20:42:00,Ghe6ADeD68s56VezA8T6KejzSTZRzHd3R9ZjtT9xpump,0.0002683482124380371,0.0002683482124380371,0.0002683482124380371,0.0002683482124380371,1m,0.0
2024-11-08 20:43:00,Ghe6ADeD68s56VezA8T6KejzSTZRzHd3R9ZjtT9xpump,0.0002695357888665915,0.0002695357888665915,0.0002683482124380371,0.0002683482124380371,1m,368347.760565
2024-11-08 20:44:00,Ghe6ADeD68s56VezA8T6KejzSTZRzHd3R9ZjtT9xpump,0.0002695357888665915,0.0002695357888665915,0.0002695357888665915,0.0002695357888665915,1m,0.0
2024-11-08 20:45:00,Ghe6ADeD68s56VezA8T6KejzSTZRzHd3R9ZjtT9xpump,0.0002695357888665915,0.0002695357888665915,0.0002695357888665915,0.0002695357888665915,1m,0.0
2024-11-08 20:46:00,Ghe6ADeD68s56VezA8T6KejzSTZRzHd3R9ZjtT9xpump,0.0002695357888665915,0.0002695357888665915,0.0002695357888665915,0.0002695357888665915,1m,0.0
2024-11-08 20:47:00,Ghe6ADeD68s56VezA8T6KejzSTZRzHd3R9ZjtT9xpump,0.0002695357888665915,0.0002695357888665915,0.0002695357888665915,0.0002695357888665915,1m,0.0
2024-11-08 20:48:00,Ghe6ADeD68s56VezA8T6KejzSTZRzHd3R9ZjtT9xpump,0.00026791989560486277,0.0002695357888665915,0.00026791989560486277,0.0002695357888665915,1m,48390.492473
2024-11-08 20:49:00,Ghe6ADeD68s56VezA8T6KejzSTZRzHd3R9ZjtT9xpump,0.0002744170137655345,0.0002744170137655345,0.00026791989560486277,0.00026791989560486277,1m,1461717.105988
2024-11-08 20:50:00,Ghe6ADeD68s56VezA8T6KejzSTZRzHd3R9ZjtT9xpump,0.00028082906030206745,0.00028082906030206745,0.0002744170137655345,0.0002744170137655345,1m,1825730.852495
2024-11-08 20:51:00,Ghe6ADeD68s56VezA8T6KejzSTZRzHd3R9ZjtT9xpump,0.0002829320417811759,0.0002829320417811759,0.00028082906030206745,0.00028082906030206745,1m,248353.598696
2024-11-08 20:52:00,Ghe6ADeD68s56VezA8T6KejzSTZRzHd3R9ZjtT9xpump,0.0002829320417811759,0.0002829320417811759,0.0002829320417811759,0.0002829320417811759,1m,0.0
2024-11-08 20:53:00,Ghe6ADeD68s56VezA8T6KejzSTZRzHd3R9ZjtT9xpump,0.0002829320417811759,0.0002829320417811759,0.0002829320417811759,0.0002829320417811759,1m,0.0
2024-11-08 20:54:00,Ghe6ADeD68s56VezA8T6KejzSTZRzHd3R9ZjtT9xpump,0.0002772004739053614,0.0002829320417811759,0.0002772004739053614,0.0002829320417811759,1m,2155963.590597
2024-11-08 20:55:00,Ghe6ADeD68s56VezA8T6KejzSTZRzHd3R9ZjtT9xpump,0.0002719503953053352,0.0002772004739053614,0.0002719503953053352,0.0002772004739053614,1m,91290.997777
2024-11-08 20:56:00,Ghe6ADeD68s56VezA8T6KejzSTZRzHd3R9ZjtT9xpump,0.0002711955593496172,0.0002719503953053352,0.0002711955593496172,0.0002719503953053352,1m,203629.759188
2024-11-08 20:57:00,Ghe6ADeD68s56VezA8T6KejzSTZRzHd3R9ZjtT9xpump,0.0002711955593496172,0.0002711955593496172,0.0002711955593496172,0.0002711955593496172,1m,0.0
2024-11-08 20:58:00,Ghe6ADeD68s56VezA8T6KejzSTZRzHd3R9ZjtT9xpump,0.0002711955593496172,0.0002711955593496172,0.0002711955593496172,0.0002711955593496172,1m,0.0
2024-11-08 20:59:00,Ghe6ADeD68s56VezA8T6KejzSTZRzHd3R9ZjtT9xpump,0.0002711955593496172,0.0002711955593496172,0.0002711955593496172,0.0002711955593496172,1m,0.0
2024-11-08 21:00:00,Ghe6ADeD68s56VezA8T6KejzSTZRzHd3R9ZjtT9xpump,0.0002706423691610839,0.0002711955593496172,0.0002706423691610839,0.0002711955593496172,1m,368347.760565
2024-11-08 21:01:00,Ghe6ADeD68s56VezA8T6KejzSTZRzHd3R9ZjtT9xpump,0.0002706423691610839,0.0002706423691610839,0.0002706423691610839,0.0002706423691610839,1m,0.0
2024-11-08 21:02:00,Ghe6ADeD68s56VezA8T6KejzSTZRzHd3R9ZjtT9xpump,0.00026871769512254375,0.0002706423691610839,0.00026871769512254375,0.0002706423691610839,1m,545580.180195
2024-11-08 21:03:00,Ghe6ADeD68s56VezA8T6KejzSTZRzHd3R9ZjtT9xpump,0.0002567405759154487,0.00026871769512254375,0.0002567405759154487,0.00026871769512254375,1m,2957942.331654
2024-11-08 21:04:00,Ghe6ADeD68s56VezA8T6KejzSTZRzHd3R9ZjtT9xpump,0.0002567405759154487,0.0002567405759154487,0.0002567405759154487,0.0002567405759154487,1m,0.0
2024-11-08 21:05:00,Ghe6ADeD68s56VezA8T6KejzSTZRzHd3R9ZjtT9xpump,0.0002567405759154487,0.0002567405759154487,0.0002567405759154487,0.0002567405759154487,1m,0.0
2024-11-08 21:06:00,Ghe6ADeD68s56VezA8T6KejzSTZRzHd3R9ZjtT9xpump,0.00024224103369641241,0.0002567405759154487,0.00024224103369641241,0.0002567405759154487,1m,3011977.242025
2024-11-08 21:07:00,Ghe6ADeD68s56VezA8T6KejzSTZRzHd3R9ZjtT9xpump,0.00024213679932546473,0.00024224103369641241,0.00024213679932546473,0.00024224103369641241,1m,5396.386021
2024-11-08 21:08:00,Ghe6ADeD68s56VezA8T6KejzSTZRzHd3R9ZjtT9xpump,0.00024092215938176524,0.00024213679932546473,0.00024092215938176524,0.00024213679932546473,1m,371087.688018
2024-11-08 21:09:00,Ghe6ADeD68s56VezA8T6KejzSTZRzHd3R9ZjtT9xpump,0.00024092215938176524,0.00024092215938176524,0.00024092215938176524,0.00024092215938176524,1m,0.0
2024-11-08 21:10:00,Ghe6ADeD68s56VezA8T6KejzSTZRzHd3R9ZjtT9xpump,0.00023794115598063708,0.00024092215938176524,0.00023794115598063708,0.00024092215938176524,1m,1315312.516099
2024-11-08 21:11:00,Ghe6ADeD68s56VezA8T6KejzSTZRzHd3R9ZjtT9xpump,0.00023412462926744539,0.00023794115598063708,0.00023412462926744539,0.00023794115598063708,1m,582332.899705
2024-11-08 21:12:00,Ghe6ADeD68s56VezA8T6KejzSTZRzHd3R9ZjtT9xpump,0.00023296577711706746,0.00023412462926744539,0.00023296577711706746,0.00023412462926744539,1m,93280.772965
2024-11-08 21:13:00,Ghe6ADeD68s56VezA8T6KejzSTZRzHd3R9ZjtT9xpump,0.00023296577711706746,0.00023296577711706746,0.00023296577711706746,0.00023296577711706746,1m,0.0
2024-11-08 21:14:00,Ghe6ADeD68s56VezA8T6KejzSTZRzHd3R9ZjtT9xpump,0.00023296577711706746,0.00023296577711706746,0.00023296577711706746,0.00023296577711706746,1m,0.0
2024-11-08 21:15:00,Ghe6ADeD68s56VezA8T6KejzSTZRzHd3R9ZjtT9xpump,0.00022997790844019264,0.00023296577711706746,0.00022997790844019264,0.00023296577711706746,1m,731376.417317
2024-11-08 21:16:00,Ghe6ADeD68s56VezA8T6KejzSTZRzHd3R9ZjtT9xpump,0.0002311791423249003,0.0002311791423249003,0.00022990493832295198,0.00022997790844019264,1m,90980.203177
2024-11-08 21:17:00,Ghe6ADeD68s56VezA8T6KejzSTZRzHd3R9ZjtT9xpump,0.0002311791423249003,0.0002311791423249003,0.0002311791423249003,0.0002311791423249003,1m,0.0
2024-11-08 21:18:00,Ghe6ADeD68s56VezA8T6KejzSTZRzHd3R9ZjtT9xpump,0.00022807311032205452,0.0002311791423249003,0.00022807311032205452,0.0002311791423249003,1m,796981.278527
2024-11-08 21:19:00,Ghe6ADeD68s56VezA8T6KejzSTZRzHd3R9ZjtT9xpump,0.00022694854020205817,0.00022807311032205452,0.00022694854020205817,0.00022807311032205452,1m,10278.014265
2024-11-08 21:20:00,Ghe6ADeD68s56VezA8T6KejzSTZRzHd3R9ZjtT9xpump,0.00022615218554461076,0.00022694854020205817,0.00022615218554461076,0.00022694854020205817,1m,576046.834224
2024-11-08 21:21:00,Ghe6ADeD68s56VezA8T6KejzSTZRzHd3R9ZjtT9xpump,0.00022615218554461076,0.00022615218554461076,0.00022615218554461076,0.00022615218554461076,1m,0.0
2024-11-08 21:22:00,Ghe6ADeD68s56VezA8T6KejzSTZRzHd3R9ZjtT9xpump,0.00022615218554461076,0.00022615218554461076,0.00022615218554461076,0.00022615218554461076,1m,0.0
2024-11-08 21:23:00,Ghe6ADeD68s56VezA8T6KejzSTZRzHd3R9ZjtT9xpump,0.00022652029581308027,0.00022652029581308027,0.00022615218554461076,0.00022615218554461076,1m,50000.0
2024-11-08 21:24:00,Ghe6ADeD68s56VezA8T6KejzSTZRzHd3R9ZjtT9xpump,0.00022343674043338375,0.00022652029581308027,0.00022343674043338375,0.00022652029581308027,1m,706985.8323110001
2024-11-08 21:25:00,Ghe6ADeD68s56VezA8T6KejzSTZRzHd3R9ZjtT9xpump,0.00023219732245755029,0.00023219732245755029,0.00022343674043338375,0.00022343674043338375,1m,7713857.499064
2024-11-08 21:26:00,Ghe6ADeD68s56VezA8T6KejzSTZRzHd3R9ZjtT9xpump,0.00023219732245755029,0.00023219732245755029,0.00023219732245755029,0.00023219732245755029,1m,0.0
2024-11-08 21:27:00,Ghe6ADeD68s56VezA8T6KejzSTZRzHd3R9ZjtT9xpump,0.00022520655850578495,0.00023219732245755029,0.00022520655850578495,0.00023219732245755029,1m,540363.774099
2024-11-08 21:28:00,Ghe6ADeD68s56VezA8T6KejzSTZRzHd3R9ZjtT9xpump,0.00022520655850578495,0.00022520655850578495,0.00022520655850578495,0.00022520655850578495,1m,0.0
2024-11-08 21:29:00,Ghe6ADeD68s56VezA8T6KejzSTZRzHd3R9ZjtT9xpump,0.00022520655850578495,0.00022520655850578495,0.00022520655850578495,0.00022520655850578495,1m,0.0
2024-11-08 21:30:00,Ghe6ADeD68s56VezA8T6KejzSTZRzHd3R9ZjtT9xpump,0.00022432314995685565,0.00022520655850578495,0.00022432314995685565,0.00022520655850578495,1m,52008.128507
2024-11-08 21:31:00,Ghe6ADeD68s56VezA8T6KejzSTZRzHd3R9ZjtT9xpump,0.0002238624359946882,0.00022432314995685565,0.0002238624359946882,0.00022432314995685565,1m,105971.474472
2024-11-08 21:32:00,Ghe6ADeD68s56VezA8T6KejzSTZRzHd3R9ZjtT9xpump,0.0002254957950454072,0.0002254957950454072,0.0002238624359946882,0.0002238624359946882,1m,218215.874754
2024-11-08 21:33:00,Ghe6ADeD68s56VezA8T6KejzSTZRzHd3R9ZjtT9xpump,0.0002254957950454072,0.0002254957950454072,0.0002254957950454072,0.0002254957950454072,1m,0.0
2024-11-08 21:34:00,Ghe6ADeD68s56VezA8T6KejzSTZRzHd3R9ZjtT9xpump,0.00022587596814372654,0.00022587596814372654,0.0002254957950454072,0.0002254957950454072,1m,43928.477408
2024-11-08 21:35:00,Ghe6ADeD68s56VezA8T6KejzSTZRzHd3R9ZjtT9xpump,0.00023153938486194877,0.00023153938486194877,0.00022587596814372654,0.00022587596814372654,1m,2429471.375512
2024-11-08 21:36:00,Ghe6ADeD68s56VezA8T6KejzSTZRzHd3R9ZjtT9xpump,0.00023671201846267394,0.00023671201846267394,0.00023153938486194877,0.00023153938486194877,1m,433251.79358299996
2024-11-08 21:37:00,Ghe6ADeD68s56VezA8T6KejzSTZRzHd3R9ZjtT9xpump,0.00023671201846267394,0.00023671201846267394,0.00023671201846267394,0.00023671201846267394,1m,0.0
2024-11-08 21:38:00,Ghe6ADeD68s56VezA8T6KejzSTZRzHd3R9ZjtT9xpump,0.00023837090418002776,0.00023837090418002776,0.00023671201846267394,0.00023671201846267394,1m,826129.295376
2024-11-08 21:39:00,Ghe6ADeD68s56VezA8T6KejzSTZRzHd3R9ZjtT9xpump,0.00023837090418002776,0.00023837090418002776,0.00023837090418002776,0.00023837090418002776,1m,0.0
2024-11-08 21:40:00,Ghe6ADeD68s56VezA8T6KejzSTZRzHd3R9ZjtT9xpump,0.00023837090418002776,0.00023837090418002776,0.00023837090418002776,0.00023837090418002776,1m,0.0
2024-11-08 21:41:00,Ghe6ADeD68s56VezA8T6KejzSTZRzHd3R9ZjtT9xpump,0.00023831868712024046,0.00023837090418002776,0.00023831868712024046,0.00023837090418002776,1m,184839.812651
2024-11-08 21:42:00,Ghe6ADeD68s56VezA8T6KejzSTZRzHd3R9ZjtT9xpump,0.00023799432343367868,0.00023831868712024046,0.00023799432343367868,0.00023831868712024046,1m,39634.126664
2024-11-08 21:43:00,Ghe6ADeD68s56VezA8T6KejzSTZRzHd3R9ZjtT9xpump,0.00023799432343367868,0.00023799432343367868,0.00023799432343367868,0.00023799432343367868,1m,0.0
2024-11-08 21:44:00,Ghe6ADeD68s56VezA8T6KejzSTZRzHd3R9ZjtT9xpump,0.00023799432343367868,0.00023799432343367868,0.00023799432343367868,0.00023799432343367868,1m,0.0
2024-11-08 21:45:00,Ghe6ADeD68s56VezA8T6KejzSTZRzHd3R9ZjtT9xpump,0.00023799432343367868,0.00023799432343367868,0.00023799432343367868,0.00023799432343367868,1m,0.0
2024-11-08 21:46:00,Ghe6ADeD68s56VezA8T6KejzSTZRzHd3R9ZjtT9xpump,0.00023886745985949822,0.00023886745985949822,0.00023799432343367868,0.00023799432343367868,1m,287625.375446
2024-11-08 21:47:00,Ghe6ADeD68s56VezA8T6KejzSTZRzHd3R9ZjtT9xpump,0.0002435459278546318,0.0002435459278546318,0.00023886745985949822,0.00023886745985949822,1m,1068468.8644390001
2024-11-08 21:48:00,Ghe6ADeD68s56VezA8T6KejzSTZRzHd3R9ZjtT9xpump,0.00024235270886155237,0.0002435459278546318,0.00024235270886155237,0.0002435459278546318,1m,100138.22253
2024-11-08 21:49:00,Ghe6ADeD68s56VezA8T6KejzSTZRzHd3R9ZjtT9xpump,0.00024235270886155237,0.00024235270886155237,0.00024235270886155237,0.00024235270886155237,1m,0.0
2024-11-08 21:50:00,Ghe6ADeD68s56VezA8T6KejzSTZRzHd3R9ZjtT9xpump,0.0002441525721989291,0.0002441525721989291,0.00024235270886155237,0.00024235270886155237,1m,515678.876515
2024-11-08 21:51:00,Ghe6ADeD68s56VezA8T6KejzSTZRzHd3R9ZjtT9xpump,0.0002441525721989291,0.0002441525721989291,0.0002441525721989291,0.0002441525721989291,1m,0.0
2024-11-08 21:52:00,Ghe6ADeD68s56VezA8T6KejzSTZRzHd3R9ZjtT9xpump,0.0002441525721989291,0.0002441525721989291,0.0002441525721989291,0.0002441525721989291,1m,0.0
2024-11-08 21:53:00,Ghe6ADeD68s56VezA8T6KejzSTZRzHd3R9ZjtT9xpump,0.00024418668453237753,0.00024418668453237753,0.0002441525721989291,0.0002441525721989291,1m,19487.555669
2024-11-08 21:54:00,Ghe6ADeD68s56VezA8T6KejzSTZRzHd3R9ZjtT9xpump,0.00024418668453237753,0.00024418668453237753,0.00024418668453237753,0.00024418668453237753,1m,0.0
2024-11-08 21:55:00,Ghe6ADeD68s56VezA8T6KejzSTZRzHd3R9ZjtT9xpump,0.00024418668453237753,0.00024418668453237753,0.00024418668453237753,0.00024418668453237753,1m,0.0
2024-11-08 21:56:00,Ghe6ADeD68s56VezA8T6KejzSTZRzHd3R9ZjtT9xpump,0.0002460578225668168,0.0002460578225668168,0.00024418668453237753,0.00024418668453237753,1m,156568.675605
2024-11-08 21:57:00,Ghe6ADeD68s56VezA8T6KejzSTZRzHd3R9ZjtT9xpump,0.0002474134676437566,0.0002474134676437566,0.0002460578225668168,0.0002460578225668168,1m,398194.350039
2024-11-08 21:58:00,Ghe6ADeD68s56VezA8T6KejzSTZRzHd3R9ZjtT9xpump,0.00025063377029081393,0.00025063377029081393,0.0002474134676437566,0.0002474134676437566,1m,1191236.776558
2024-11-08 21:59:00,Ghe6ADeD68s56VezA8T6KejzSTZRzHd3R9ZjtT9xpump,0.00028163439768734156,0.00028163439768734156,0.00025063377029081393,0.00025063377029081393,1m,13322535.102955
2024-11-08 22:00:00,Ghe6ADeD68s56VezA8T6KejzSTZRzHd3R9ZjtT9xpump,0.00028163439768734156,0.00028163439768734156,0.00028163439768734156,0.00028163439768734156,1m,0.0
2024-11-08 22:01:00,Ghe6ADeD68s56VezA8T6KejzSTZRzHd3R9ZjtT9xpump,0.00028797564736927754,0.00028797564736927754,0.00028163439768734156,0.00028163439768734156,1m,76023.83985799999
2024-11-08 22:02:00,Ghe6ADeD68s56VezA8T6KejzSTZRzHd3R9ZjtT9xpump,0.00028977167613179094,0.00028977167613179094,0.00028797564736927754,0.00028797564736927754,1m,303781.550574
2024-11-08 22:03:00,Ghe6ADeD68s56VezA8T6KejzSTZRzHd3R9ZjtT9xpump,0.0002997090448142764,0.00030502189188507783,0.00028977167613179094,0.00028977167613179094,1m,5687518.888363999
2024-11-08 22:04:00,Ghe6ADeD68s56VezA8T6KejzSTZRzHd3R9ZjtT9xpump,0.0002997090448142764,0.0002997090448142764,0.0002997090448142764,0.0002997090448142764,1m,0.0
2024-11-08 22:05:00,Ghe6ADeD68s56VezA8T6KejzSTZRzHd3R9ZjtT9xpump,0.0003029003715029135,0.0003029003715029135,0.0002997090448142764,0.0002997090448142764,1m,376813.571663
2024-11-08 22:06:00,Ghe6ADeD68s56VezA8T6KejzSTZRzHd3R9ZjtT9xpump,0.0003029003715029135,0.0003029003715029135,0.0003029003715029135,0.0003029003715029135,1m,0.0
2024-11-08 22:07:00,Ghe6ADeD68s56VezA8T6KejzSTZRzHd3R9ZjtT9xpump,0.00030497081029508055,0.00030497081029508055,0.0003029003715029135,0.0003029003715029135,1m,770724.304918
2024-11-08 22:08:00,Ghe6ADeD68s56VezA8T6KejzSTZRzHd3R9ZjtT9xpump,0.0003253466590436689,0.0003253466590436689,0.00030497081029508055,0.00030497081029508055,1m,4653232.216500999
2024-11-08 22:09:00,Ghe6ADeD68s56VezA8T6KejzSTZRzHd3R9ZjtT9xpump,0.00031360040110604777,0.00033922474136114864,0.00031360040110604777,0.0003253466590436689,1m,5655930.002769001
2024-11-08 22:10:00,Ghe6ADeD68s56VezA8T6KejzSTZRzHd3R9ZjtT9xpump,0.00033120090362028453,0.00033120090362028453,0.00031360040110604777,0.00031360040110604777,1m,3312193.6523910007
2024-11-08 22:11:00,Ghe6ADeD68s56VezA8T6KejzSTZRzHd3R9ZjtT9xpump,0.0003246694679386506,0.00033120090362028453,0.0003246694679386506,0.00033120090362028453,1m,1560807.704813
2024-11-08 22:12:00,Ghe6ADeD68s56VezA8T6KejzSTZRzHd3R9ZjtT9xpump,0.0003186579283164325,0.0003246694679386506,0.0003186579283164325,0.0003246694679386506,1m,324220.326399
2024-11-08 22:13:00,Ghe6ADeD68s56VezA8T6KejzSTZRzHd3R9ZjtT9xpump,0.00031751468910121817,0.0003186579283164325,0.00031751468910121817,0.0003186579283164325,1m,69000.0
2024-11-08 22:14:00,Ghe6ADeD68s56VezA8T6KejzSTZRzHd3R9ZjtT9xpump,0.00031751468910121817,0.00031751468910121817,0.00031751468910121817,0.00031751468910121817,1m,0.0
2024-11-08 22:15:00,Ghe6ADeD68s56VezA8T6KejzSTZRzHd3R9ZjtT9xpump,0.00031751468910121817,0.00031751468910121817,0.00031751468910121817,0.00031751468910121817,1m,0.0
2024-11-08 22:16:00,Ghe6ADeD68s56VezA8T6KejzSTZRzHd3R9ZjtT9xpump,0.0003216275305057105,0.0003216275305057105,0.00031751468910121817,0.00031751468910121817,1m,1072570.52067
2024-11-08 22:17:00,Ghe6ADeD68s56VezA8T6KejzSTZRzHd3R9ZjtT9xpump,0.0003216275305057105,0.0003216275305057105,0.0003216275305057105,0.0003216275305057105,1m,14.615329
2024-11-08 22:18:00,Ghe6ADeD68s56VezA8T6KejzSTZRzHd3R9ZjtT9xpump,0.00032505421671736673,0.00032505421671736673,0.0003216275305057105,0.0003216275305057105,1m,30754.143649
2024-11-08 22:19:00,Ghe6ADeD68s56VezA8T6KejzSTZRzHd3R9ZjtT9xpump,0.000325834356487979,0.000325834356487979,0.00032505421671736673,0.00032505421671736673,1m,193735.682606
2024-11-08 22:20:00,Ghe6ADeD68s56VezA8T6KejzSTZRzHd3R9ZjtT9xpump,0.00032635158686835335,0.00032635158686835335,0.000325834356487979,0.000325834356487979,1m,121773.121981
2024-11-08 22:21:00,Ghe6ADeD68s56VezA8T6KejzSTZRzHd3R9ZjtT9xpump,0.00032635158686835335,0.00032635158686835335,0.00032635158686835335,0.00032635158686835335,1m,0.0
2024-11-08 22:22:00,Ghe6ADeD68s56VezA8T6KejzSTZRzHd3R9ZjtT9xpump,0.00032635158686835335,0.00032635158686835335,0.00032635158686835335,0.00032635158686835335,1m,0.0
2024-11-08 22:23:00,Ghe6ADeD68s56VezA8T6KejzSTZRzHd3R9ZjtT9xpump,0.00032635158686835335,0.00032635158686835335,0.00032635158686835335,0.00032635158686835335,1m,0.0
2024-11-08 22:24:00,Ghe6ADeD68s56VezA8T6KejzSTZRzHd3R9ZjtT9xpump,0.000338329220202095,0.000338329220202095,0.00032635158686835335,0.00032635158686835335,1m,1853044.0393120002
2024-11-08 22:25:00,Ghe6ADeD68s56VezA8T6KejzSTZRzHd3R9ZjtT9xpump,0.0003451034852325207,0.0003451034852325207,0.000338329220202095,0.000338329220202095,1m,1901696.799136
2024-11-08 22:26:00,Ghe6ADeD68s56VezA8T6KejzSTZRzHd3R9ZjtT9xpump,0.0003581292469794818,0.0003581292469794818,0.0003451034852325207,0.0003451034852325207,1m,3118397.494102
2024-11-08 22:27:00,Ghe6ADeD68s56VezA8T6KejzSTZRzHd3R9ZjtT9xpump,0.0003581292469794818,0.0003581292469794818,0.0003581292469794818,0.0003581292469794818,1m,0.0
2024-11-08 22:28:00,Ghe6ADeD68s56VezA8T6KejzSTZRzHd3R9ZjtT9xpump,0.00037299540695603304,0.00037299540695603304,0.0003581292469794818,0.0003581292469794818,1m,844213.047451
2024-11-08 22:29:00,Ghe6ADeD68s56VezA8T6KejzSTZRzHd3R9ZjtT9xpump,0.0003947278504465786,0.0003947278504465786,0.00037299540695603304,0.00037299540695603304,1m,2589972.86791
2024-11-08 22:30:00,Ghe6ADeD68s56VezA8T6KejzSTZRzHd3R9ZjtT9xpump,0.0003921943547561274,0.0003947278504465786,0.0003921943547561274,0.0003947278504465786,1m,54448.014883
2024-11-08 22:31:00,Ghe6ADeD68s56VezA8T6KejzSTZRzHd3R9ZjtT9xpump,0.0003921943547561274,0.0003921943547561274,0.0003921943547561274,0.0003921943547561274,1m,0.0
2024-11-08 22:32:00,Ghe6ADeD68s56VezA8T6KejzSTZRzHd3R9ZjtT9xpump,0.000392346112476512,0.000392346112476512,0.0003921943547561274,0.0003921943547561274,1m,53602.441354
2024-11-08 22:33:00,Ghe6ADeD68s56VezA8T6KejzSTZRzHd3R9ZjtT9xpump,0.0003936318610352265,0.0003936318610352265,0.000392346112476512,0.000392346112476512,1m,50547.668031
2024-11-08 22:34:00,Ghe6ADeD68s56VezA8T6KejzSTZRzHd3R9ZjtT9xpump,0.0003944979843839511,0.0003944979843839511,0.0003936318610352265,0.0003936318610352265,1m,124882.778017
2024-11-08 22:35:00,Ghe6ADeD68s56VezA8T6KejzSTZRzHd3R9ZjtT9xpump,0.0003944979843839511,0.0003944979843839511,0.0003944979843839511,0.0003944979843839511,1m,0.0
2024-11-08 22:36:00,Ghe6ADeD68s56VezA8T6KejzSTZRzHd3R9ZjtT9xpump,0.0003944979843839511,0.0003944979843839511,0.0003944979843839511,0.0003944979843839511,1m,0.0
2024-11-08 22:37:00,Ghe6ADeD68s56VezA8T6KejzSTZRzHd3R9ZjtT9xpump,0.00039207679101481674,0.0003944979843839511,0.0003897829559789708,0.0003944979843839511,1m,515343.250342
2024-11-08 22:38:00,Ghe6ADeD68s56VezA8T6KejzSTZRzHd3R9ZjtT9xpump,0.00039207679101481674,0.00039207679101481674,0.00039207679101481674,0.00039207679101481674,1m,0.0
2024-11-08 22:39:00,Ghe6ADeD68s56VezA8T6KejzSTZRzHd3R9ZjtT9xpump,0.00039207679101481674,0.00039207679101481674,0.00039207679101481674,0.00039207679101481674,1m,0.0
2024-11-08 22:40:00,Ghe6ADeD68s56VezA8T6KejzSTZRzHd3R9ZjtT9xpump,0.0003899360342792466,0.00039207679101481674,0.0003899360342792466,0.00039207679101481674,1m,90182.938625
2024-11-08 22:41:00,Ghe6ADeD68s56VezA8T6KejzSTZRzHd3R9ZjtT9xpump,0.00039248206822553296,0.00039248206822553296,0.0003899360342792466,0.0003899360342792466,1m,60867.055364
2024-11-08 22:42:00,Ghe6ADeD68s56VezA8T6KejzSTZRzHd3R9ZjtT9xpump,0.00038949899034671897,0.0003946613036298176,0.00037021943101849626,0.00039248206822553296,1m,8854826.208707001
2024-11-08 22:43:00,Ghe6ADeD68s56VezA8T6KejzSTZRzHd3R9ZjtT9xpump,0.00041142493084464016,0.00041142493084464016,0.00038949899034671897,0.00038949899034671897,1m,339249.174427
2024-11-08 22:44:00,Ghe6ADeD68s56VezA8T6KejzSTZRzHd3R9ZjtT9xpump,0.00041799273915525616,0.00041799273915525616,0.00041142493084464016,0.00041142493084464016,1m,1466784.068769
2024-11-08 22:45:00,Ghe6ADeD68s56VezA8T6KejzSTZRzHd3R9ZjtT9xpump,0.0004407545991221839,0.0004407545991221839,0.00041799273915525616,0.00041799273915525616,1m,1853863.506157
2024-11-08 22:46:00,Ghe6ADeD68s56VezA8T6KejzSTZRzHd3R9ZjtT9xpump,0.0004433977633542473,0.0004433977633542473,0.0004407545991221839,0.0004407545991221839,1m,493543.266905
2024-11-08 22:47:00,Ghe6ADeD68s56VezA8T6KejzSTZRzHd3R9ZjtT9xpump,0.0004427399881341023,0.0004433977633542473,0.0004427399881341023,0.0004433977633542473,1m,125696.852376
2024-11-08 22:48:00,Ghe6ADeD68s56VezA8T6KejzSTZRzHd3R9ZjtT9xpump,0.0004427399881341023,0.0004427399881341023,0.0004427399881341023,0.0004427399881341023,1m,0.0
2024-11-08 22:49:00,Ghe6ADeD68s56VezA8T6KejzSTZRzHd3R9ZjtT9xpump,0.0004467595397553169,0.0004467595397553169,0.0004427399881341023,0.0004427399881341023,1m,263220.087881
2024-11-08 22:50:00,Ghe6ADeD68s56VezA8T6KejzSTZRzHd3R9ZjtT9xpump,0.0004470243652538211,0.0004470243652538211,0.0004467595397553169,0.0004467595397553169,1m,22357.544854
2024-11-08 22:51:00,Ghe6ADeD68s56VezA8T6KejzSTZRzHd3R9ZjtT9xpump,0.0004471825495922483,0.0004471825495922483,0.0004470243652538211,0.0004470243652538211,1m,4403.431422
2024-11-08 22:52:00,Ghe6ADeD68s56VezA8T6KejzSTZRzHd3R9ZjtT9xpump,0.00046301203842776396,0.00046301203842776396,0.0004471825495922483,0.0004471825495922483,1m,1669688.715268
2024-11-08 22:53:00,Ghe6ADeD68s56VezA8T6KejzSTZRzHd3R9ZjtT9xpump,0.0004633241714136142,0.0004633241714136142,0.00046301203842776396,0.00046301203842776396,1m,42863.674251
2024-11-08 22:54:00,Ghe6ADeD68s56VezA8T6KejzSTZRzHd3R9ZjtT9xpump,0.0004639811860738324,0.000464078889070304,0.0004633241714136142,0.0004633241714136142,1m,59898.361801
2024-11-08 22:55:00,Ghe6ADeD68s56VezA8T6KejzSTZRzHd3R9ZjtT9xpump,0.00044542088755884307,0.0004639811860738324,0.00044542088755884307,0.0004639811860738324,1m,3511511.333219
2024-11-08 22:56:00,Ghe6ADeD68s56VezA8T6KejzSTZRzHd3R9ZjtT9xpump,0.00042875701242854413,0.00044542088755884307,0.00042875701242854413,0.00044542088755884307,1m,45483.833843
2024-11-08 22:57:00,Ghe6ADeD68s56VezA8T6KejzSTZRzHd3R9ZjtT9xpump,0.000433781462586159,0.00043552602052477404,0.00042875701242854413,0.00042875701242854413,1m,826539.2496219999
2024-11-08 22:58:00,Ghe6ADeD68s56VezA8T6KejzSTZRzHd3R9ZjtT9xpump,0.0004335162681458002,0.000433781462586159,0.0004335162681458002,0.000433781462586159,1m,23050.176676
2024-11-08 22:59:00,Ghe6ADeD68s56VezA8T6KejzSTZRzHd3R9ZjtT9xpump,0.00043099880017159303,0.0004335162681458002,0.00043099880017159303,0.0004335162681458002,1m,430000.0
2024-11-08 23:00:00,Ghe6ADeD68s56VezA8T6KejzSTZRzHd3R9ZjtT9xpump,0.00043099880017159303,0.00043099880017159303,0.00043099880017159303,0.00043099880017159303,1m,0.0
2024-11-08 23:01:00,Ghe6ADeD68s56VezA8T6KejzSTZRzHd3R9ZjtT9xpump,0.00042922681759015313,0.00043099880017159303,0.0004261396613834445,0.00043099880017159303,1m,641153.3033370001
2024-11-08 23:02:00,Ghe6ADeD68s56VezA8T6KejzSTZRzHd3R9ZjtT9xpump,0.0004297486532049147,0.0004315355065198111,0.00042922681759015313,0.00042922681759015313,1m,330097.83713
2024-11-08 23:03:00,Ghe6ADeD68s56VezA8T6KejzSTZRzHd3R9ZjtT9xpump,0.00042762685200330066,0.0004297486532049147,0.00042762685200330066,0.0004297486532049147,1m,128219.184773
2024-11-08 23:04:00,Ghe6ADeD68s56VezA8T6KejzSTZRzHd3R9ZjtT9xpump,0.0005087743020979917,0.0005358018738516006,0.00042762685200330066,0.00042762685200330066,1m,19539230.962497
2024-11-08 23:05:00,Ghe6ADeD68s56VezA8T6KejzSTZRzHd3R9ZjtT9xpump,0.0004902201305953074,0.0005087743020979917,0.00047679589692847145,0.0005087743020979917,1m,2157754.1014610003
2024-11-08 23:06:00,Ghe6ADeD68s56VezA8T6KejzSTZRzHd3R9ZjtT9xpump,0.0005021620589154868,0.0005021620589154868,0.0004902201305953074,0.0004902201305953074,1m,1156640.223361
2024-11-08 23:07:00,Ghe6ADeD68s56VezA8T6KejzSTZRzHd3R9ZjtT9xpump,0.0005043890227984287,0.0005043890227984287,0.0005021620589154868,0.0005021620589154868,1m,76651.727115
2024-11-08 23:08:00,Ghe6ADeD68s56VezA8T6KejzSTZRzHd3R9ZjtT9xpump,0.0005050728971166289,0.0005051528196497288,0.0005043890227984287,0.0005043890227984287,1m,62658.164346
2024-11-08 23:09:00,Ghe6ADeD68s56VezA8T6KejzSTZRzHd3R9ZjtT9xpump,0.0005066269260631894,0.0005066269260631894,0.0005050728971166289,0.0005050728971166289,1m,115350.78667500001
2024-11-08 23:10:00,Ghe6ADeD68s56VezA8T6KejzSTZRzHd3R9ZjtT9xpump,0.0005027357144050347,0.0005066269260631894,0.0005027357144050347,0.0005066269260631894,1m,601156.358003
2024-11-08 23:11:00,Ghe6ADeD68s56VezA8T6KejzSTZRzHd3R9ZjtT9xpump,0.0005052111745743772,0.0005052111745743772,0.0005027357144050347,0.0005027357144050347,1m,78663.999767
2024-11-08 23:12:00,Ghe6ADeD68s56VezA8T6KejzSTZRzHd3R9ZjtT9xpump,0.0005061487666977851,0.0005061487666977851,0.0005052111745743772,0.0005052111745743772,1m,43133.397914
2024-11-08 23:13:00,Ghe6ADeD68s56VezA8T6KejzSTZRzHd3R9ZjtT9xpump,0.0005080858757321182,0.0005080858757321182,0.0005061487666977851,0.0005061487666977851,1m,220455.169111
2024-11-08 23:14:00,Ghe6ADeD68s56VezA8T6KejzSTZRzHd3R9ZjtT9xpump,0.0005054128438006985,0.0005080858757321182,0.0005054128438006985,0.0005080858757321182,1m,64792.480507
2024-11-08 23:15:00,Ghe6ADeD68s56VezA8T6KejzSTZRzHd3R9ZjtT9xpump,0.0005079189601574346,0.0005082599087040461,0.0005053947503163785,0.0005054128438006985,1m,49015.596374
2024-11-08 23:16:00,Ghe6ADeD68s56VezA8T6KejzSTZRzHd3R9ZjtT9xpump,0.0005565552721048967,0.0005565552721048967,0.0005079189601574346,0.0005079189601574346,1m,4209222.226017
2024-11-08 23:17:00,Ghe6ADeD68s56VezA8T6KejzSTZRzHd3R9ZjtT9xpump,0.0005565552721048967,0.0005565552721048967,0.0005565552721048967,0.0005565552721048967,1m,0.0
2024-11-08 23:18:00,Ghe6ADeD68s56VezA8T6KejzSTZRzHd3R9ZjtT9xpump,0.0005559210011241066,0.0005565552721048967,0.0005559210011241066,0.0005565552721048967,1m,32677.280633
2024-11-08 23:19:00,Ghe6ADeD68s56VezA8T6KejzSTZRzHd3R9ZjtT9xpump,0.0005559210011241066,0.0005559210011241066,0.0005559210011241066,0.0005559210011241066,1m,0.0
2024-11-08 23:20:00,Ghe6ADeD68s56VezA8T6KejzSTZRzHd3R9ZjtT9xpump,0.0005561147641804012,0.0005561147641804012,0.0005559210011241066,0.0005559210011241066,1m,9710.543099
2024-11-08 23:21:00,Ghe6ADeD68s56VezA8T6KejzSTZRzHd3R9ZjtT9xpump,0.0005585009293284477,0.0005585009293284477,0.0005561147641804012,0.0005561147641804012,1m,35532.573316
2024-11-08 23:22:00,Ghe6ADeD68s56VezA8T6KejzSTZRzHd3R9ZjtT9xpump,0.0005585009293284477,0.0005585009293284477,0.0005585009293284477,0.0005585009293284477,1m,0.0
2024-11-08 23:23:00,Ghe6ADeD68s56VezA8T6KejzSTZRzHd3R9ZjtT9xpump,0.0005599188618820469,0.0005599188618820469,0.0005585009293284477,0.0005585009293284477,1m,123431.724279
2024-11-08 23:24:00,Ghe6ADeD68s56VezA8T6KejzSTZRzHd3R9ZjtT9xpump,0.0005548421455936293,0.0005599188618820469,0.0005548421455936293,0.0005599188618820469,1m,398794.050904
2024-11-08 23:25:00,Ghe6ADeD68s56VezA8T6KejzSTZRzHd3R9ZjtT9xpump,0.0005450202454838238,0.0005548421455936293,0.0005450202454838238,0.0005548421455936293,1m,611773.374853
2024-11-08 23:26:00,Ghe6ADeD68s56VezA8T6KejzSTZRzHd3R9ZjtT9xpump,0.0005418071806906422,0.0005469778222620814,0.0005418071806906422,0.0005450202454838238,1m,420900.04266700003
2024-11-08 23:27:00,Ghe6ADeD68s56VezA8T6KejzSTZRzHd3R9ZjtT9xpump,0.0005426814591804205,0.0005426814591804205,0.0005418071806906422,0.0005418071806906422,1m,2562.618995
2024-11-08 23:28:00,Ghe6ADeD68s56VezA8T6KejzSTZRzHd3R9ZjtT9xpump,0.0005409990480640808,0.0005426814591804205,0.0005388613792392418,0.0005426814591804205,1m,127004.682248
2024-11-08 23:29:00,Ghe6ADeD68s56VezA8T6KejzSTZRzHd3R9ZjtT9xpump,0.0005409990480640808,0.0005409990480640808,0.0005409990480640808,0.0005409990480640808,1m,0.0
2024-11-08 23:30:00,Ghe6ADeD68s56VezA8T6KejzSTZRzHd3R9ZjtT9xpump,0.0005409990480640808,0.0005409990480640808,0.0005409990480640808,0.0005409990480640808,1m,0.0
2024-11-08 23:31:00,Ghe6ADeD68s56VezA8T6KejzSTZRzHd3R9ZjtT9xpump,0.0005434738401096293,0.0005434738401096293,0.0005409990480640808,0.0005409990480640808,1m,91608.768697
2024-11-08 23:32:00,Ghe6ADeD68s56VezA8T6KejzSTZRzHd3R9ZjtT9xpump,0.000546295695171687,0.000546295695171687,0.0005434738401096293,0.0005434738401096293,1m,95521.02406499999
2024-11-08 23:33:00,Ghe6ADeD68s56VezA8T6KejzSTZRzHd3R9ZjtT9xpump,0.0005435302368137047,0.000546295695171687,0.0005435302368137047,0.000546295695171687,1m,10828.17906
2024-11-08 23:34:00,Ghe6ADeD68s56VezA8T6KejzSTZRzHd3R9ZjtT9xpump,0.0005422375038010296,0.0005435302368137047,0.0005422375038010296,0.0005435302368137047,1m,9431.382894
2024-11-08 23:35:00,Ghe6ADeD68s56VezA8T6KejzSTZRzHd3R9ZjtT9xpump,0.0005422375038010296,0.0005422375038010296,0.0005422375038010296,0.0005422375038010296,1m,0.0
2024-11-08 23:36:00,Ghe6ADeD68s56VezA8T6KejzSTZRzHd3R9ZjtT9xpump,0.0005443446361093908,0.0005443446361093908,0.0005410450515696437,0.0005422375038010296,1m,217903.651353
2024-11-08 23:37:00,Ghe6ADeD68s56VezA8T6KejzSTZRzHd3R9ZjtT9xpump,0.0005425526843300486,0.0005451648249505496,0.0005425526843300486,0.0005443446361093908,1m,56135.8242
2024-11-08 23:38:00,Ghe6ADeD68s56VezA8T6KejzSTZRzHd3R9ZjtT9xpump,0.0005460346577879449,0.0005460346577879449,0.0005425526843300486,0.0005425526843300486,1m,47163.148765000005
2024-11-08 23:39:00,Ghe6ADeD68s56VezA8T6KejzSTZRzHd3R9ZjtT9xpump,0.0005422402903524735,0.0005460346577879449,0.0005422402903524735,0.0005460346577879449,1m,184249.249132
2024-11-08 23:40:00,Ghe6ADeD68s56VezA8T6KejzSTZRzHd3R9ZjtT9xpump,0.0005422402903524735,0.0005422402903524735,0.0005422402903524735,0.0005422402903524735,1m,0.0
2024-11-08 23:41:00,Ghe6ADeD68s56VezA8T6KejzSTZRzHd3R9ZjtT9xpump,0.0005186429851813648,0.0005422402903524735,0.0005186429851813648,0.0005422402903524735,1m,3556865.189742
2024-11-08 23:42:00,Ghe6ADeD68s56VezA8T6KejzSTZRzHd3R9ZjtT9xpump,0.0004874552425137175,0.0005186429851813648,0.0004874552425137175,0.0005186429851813648,1m,2079110.314457
2024-11-08 23:43:00,Ghe6ADeD68s56VezA8T6KejzSTZRzHd3R9ZjtT9xpump,0.000482439033830388,0.0004874552425137175,0.00047941350573805564,0.0004874552425137175,1m,1142099.137296
2024-11-08 23:44:00,Ghe6ADeD68s56VezA8T6KejzSTZRzHd3R9ZjtT9xpump,0.00045921367292919385,0.000482439033830388,0.00045921367292919385,0.000482439033830388,1m,2378326.64562
2024-11-08 23:45:00,Ghe6ADeD68s56VezA8T6KejzSTZRzHd3R9ZjtT9xpump,0.0004546154784292207,0.0004593272239416904,0.0004546154784292207,0.00045921367292919385,1m,365086.669281
2024-11-08 23:46:00,Ghe6ADeD68s56VezA8T6KejzSTZRzHd3R9ZjtT9xpump,0.0004382560165864243,0.0004546154784292207,0.0004382560165864243,0.0004546154784292207,1m,1784719.9531120001
2024-11-08 23:47:00,Ghe6ADeD68s56VezA8T6KejzSTZRzHd3R9ZjtT9xpump,0.0003914774212858713,0.0004382560165864243,0.0003914774212858713,0.0004382560165864243,1m,6785175.0317710005
2024-11-08 23:48:00,Ghe6ADeD68s56VezA8T6KejzSTZRzHd3R9ZjtT9xpump,0.0003866042524638245,0.00039247739748041297,0.0003863743064833379,0.0003914774212858713,1m,1110431.861672
2024-11-08 23:49:00,Ghe6ADeD68s56VezA8T6KejzSTZRzHd3R9ZjtT9xpump,0.0003600029100171628,0.0003866042524638245,0.0003600029100171628,0.0003866042524638245,1m,3669375.471641
2024-11-08 23:50:00,Ghe6ADeD68s56VezA8T6KejzSTZRzHd3R9ZjtT9xpump,0.0003600029100171628,0.0003600029100171628,0.0003600029100171628,0.0003600029100171628,1m,0.0
2024-11-08 23:51:00,Ghe6ADeD68s56VezA8T6KejzSTZRzHd3R9ZjtT9xpump,0.00035981916877027,0.0003600029100171628,0.0003575035511313542,0.0003600029100171628,1m,585521.3954650001
2024-11-08 23:52:00,Ghe6ADeD68s56VezA8T6KejzSTZRzHd3R9ZjtT9xpump,0.00035777572049216176,0.00035981916877027,0.00035777572049216176,0.00035981916877027,1m,138089.074246
2024-11-08 23:53:00,Ghe6ADeD68s56VezA8T6KejzSTZRzHd3R9ZjtT9xpump,0.0003578327264456557,0.00035964042402101664,0.00035777572049216176,0.00035777572049216176,1m,44375.180362
2024-11-08 23:54:00,Ghe6ADeD68s56VezA8T6KejzSTZRzHd3R9ZjtT9xpump,0.0003578327264456557,0.0003578327264456557,0.0003578327264456557,0.0003578327264456557,1m,0.0
2024-11-08 23:55:00,Ghe6ADeD68s56VezA8T6KejzSTZRzHd3R9ZjtT9xpump,0.00036203959189344374,0.00036203959189344374,0.00035734844383290197,0.0003578327264456557,1m,1069805.961005
2024-11-08 23:56:00,Ghe6ADeD68s56VezA8T6KejzSTZRzHd3R9ZjtT9xpump,0.000365888120692332,0.000365888120692332,0.00036203959189344374,0.00036203959189344374,1m,135200.612665
2024-11-08 23:57:00,Ghe6ADeD68s56VezA8T6KejzSTZRzHd3R9ZjtT9xpump,0.0003686299877746168,0.00038429814119914026,0.000365888120692332,0.000365888120692332,1m,4856793.577741999
2024-11-08 23:58:00,Ghe6ADeD68s56VezA8T6KejzSTZRzHd3R9ZjtT9xpump,0.00035117375511126804,0.0003686299877746168,0.00035117375511126804,0.0003686299877746168,1m,2939466.804288
2024-11-08 23:59:00,Ghe6ADeD68s56VezA8T6KejzSTZRzHd3R9ZjtT9xpump,0.00035117375511126804,0.00035117375511126804,0.00035117375511126804,0.00035117375511126804,1m,0.0
2024-11-09 00:00:00,Ghe6ADeD68s56VezA8T6KejzSTZRzHd3R9ZjtT9xpump,0.00035117375511126804,0.00035117375511126804,0.00035117375511126804,0.00035117375511126804,1m,0.0
2024-11-09 00:01:00,Ghe6ADeD68s56VezA8T6KejzSTZRzHd3R9ZjtT9xpump,0.0003493503012030136,0.00035117375511126804,0.0003493503012030136,0.00035117375511126804,1m,231477.90437200002
2024-11-09 00:02:00,Ghe6ADeD68s56VezA8T6KejzSTZRzHd3R9ZjtT9xpump,0.0003495562139754589,0.0003495562139754589,0.00034845990310998406,0.0003493503012030136,1m,371632.965501
2024-11-09 00:03:00,Ghe6ADeD68s56VezA8T6KejzSTZRzHd3R9ZjtT9xpump,0.0003495562139754589,0.0003495562139754589,0.0003495562139754589,0.0003495562139754589,1m,0.0
2024-11-09 00:04:00,Ghe6ADeD68s56VezA8T6KejzSTZRzHd3R9ZjtT9xpump,0.0003495562139754589,0.0003495562139754589,0.0003495562139754589,0.0003495562139754589,1m,0.0
2024-11-09 00:05:00,Ghe6ADeD68s56VezA8T6KejzSTZRzHd3R9ZjtT9xpump,0.0003495562139754589,0.0003495562139754589,0.0003495562139754589,0.0003495562139754589,1m,0.0
2024-11-09 00:06:00,Ghe6ADeD68s56VezA8T6KejzSTZRzHd3R9ZjtT9xpump,0.0003495562139754589,0.0003495562139754589,0.0003495562139754589,0.0003495562139754589,1m,0.0
2024-11-09 00:07:00,Ghe6ADeD68s56VezA8T6KejzSTZRzHd3R9ZjtT9xpump,0.00034864118657691414,0.0003495562139754589,0.00034864118657691414,0.0003495562139754589,1m,100000.0
2024-11-09 00:08:00,Ghe6ADeD68s56VezA8T6KejzSTZRzHd3R9ZjtT9xpump,0.00034818706938377923,0.00034864118657691414,0.00034818706938377923,0.00034864118657691414,1m,32980.377472
2024-11-09 00:09:00,Ghe6ADeD68s56VezA8T6KejzSTZRzHd3R9ZjtT9xpump,0.00035973247829064394,0.00035973247829064394,0.00034818706938377923,0.00034818706938377923,1m,2780954.173568
2024-11-09 00:10:00,Ghe6ADeD68s56VezA8T6KejzSTZRzHd3R9ZjtT9xpump,0.00038348268827638704,0.00038348268827638704,0.00035973247829064394,0.00035973247829064394,1m,2445117.470976
2024-11-09 00:11:00,Ghe6ADeD68s56VezA8T6KejzSTZRzHd3R9ZjtT9xpump,0.00038534165384463537,0.00038534165384463537,0.0003827634748280227,0.00038348268827638704,1m,192712.083059
2024-11-09 00:12:00,Ghe6ADeD68s56VezA8T6KejzSTZRzHd3R9ZjtT9xpump,0.00042149103281643123,0.00042149103281643123,0.00038417830030625116,0.00038534165384463537,1m,4883598.067107001
2024-11-09 00:13:00,Ghe6ADeD68s56VezA8T6KejzSTZRzHd3R9ZjtT9xpump,0.00042149103281643123,0.00042149103281643123,0.00042149103281643123,0.00042149103281643123,1m,0.0
2024-11-09 00:14:00,Ghe6ADeD68s56VezA8T6KejzSTZRzHd3R9ZjtT9xpump,0.00042023187772746506,0.0004216531441040781,0.00042023187772746506,0.00042149103281643123,1m,141035.554363
2024-11-09 00:15:00,Ghe6ADeD68s56VezA8T6KejzSTZRzHd3R9ZjtT9xpump,0.00042023187772746506,0.00042023187772746506,0.00042023187772746506,0.00042023187772746506,1m,0.0
2024-11-09 00:16:00,Ghe6ADeD68s56VezA8T6KejzSTZRzHd3R9ZjtT9xpump,0.00041821002243352186,0.00042023187772746506,0.00041821002243352186,0.00042023187772746506,1m,94049.329777
2024-11-09 00:17:00,Ghe6ADeD68s56VezA8T6KejzSTZRzHd3R9ZjtT9xpump,0.00041809277069794606,0.00041821002243352186,0.00041809277069794606,0.00041821002243352186,1m,30000.0
2024-11-09 00:18:00,Ghe6ADeD68s56VezA8T6KejzSTZRzHd3R9ZjtT9xpump,0.0004219001154665496,0.0004219001154665496,0.00041809277069794606,0.00041809277069794606,1m,425631.130884
2024-11-09 00:19:00,Ghe6ADeD68s56VezA8T6KejzSTZRzHd3R9ZjtT9xpump,0.0004219001154665496,0.0004219001154665496,0.0004219001154665496,0.0004219001154665496,1m,0.0
2024-11-09 00:20:00,Ghe6ADeD68s56VezA8T6KejzSTZRzHd3R9ZjtT9xpump,0.000424829381108696,0.000424829381108696,0.0004219001154665496,0.0004219001154665496,1m,234827.538878
2024-11-09 00:21:00,Ghe6ADeD68s56VezA8T6KejzSTZRzHd3R9ZjtT9xpump,0.00042546256483836736,0.00042546256483836736,0.00042348270485945204,0.000424829381108696,1m,126317.05002200001
2024-11-09 00:22:00,Ghe6ADeD68s56VezA8T6KejzSTZRzHd3R9ZjtT9xpump,0.0004274415669550461,0.0004274415669550461,0.00042546256483836736,0.00042546256483836736,1m,466513.270681
2024-11-09 00:23:00,Ghe6ADeD68s56VezA8T6KejzSTZRzHd3R9ZjtT9xpump,0.00043853775063143306,0.00043853775063143306,0.0004274415669550461,0.0004274415669550461,1m,964460.3890750001
2024-11-09 00:24:00,Ghe6ADeD68s56VezA8T6KejzSTZRzHd3R9ZjtT9xpump,0.0004363614241327007,0.00043853775063143306,0.0004363614241327007,0.00043853775063143306,1m,56492.330943
2024-11-09 00:25:00,Ghe6ADeD68s56VezA8T6KejzSTZRzHd3R9ZjtT9xpump,0.0004363614241327007,0.0004363614241327007,0.0004363614241327007,0.0004363614241327007,1m,0.0
2024-11-09 00:26:00,Ghe6ADeD68s56VezA8T6KejzSTZRzHd3R9ZjtT9xpump,0.0004363614241327007,0.0004363614241327007,0.0004363614241327007,0.0004363614241327007,1m,0.0
2024-11-09 00:27:00,Ghe6ADeD68s56VezA8T6KejzSTZRzHd3R9ZjtT9xpump,0.0004363614241327007,0.0004363614241327007,0.0004363614241327007,0.0004363614241327007,1m,0.0
2024-11-09 00:28:00,Ghe6ADeD68s56VezA8T6KejzSTZRzHd3R9ZjtT9xpump,0.0004363614241327007,0.0004363614241327007,0.0004363614241327007,0.0004363614241327007,1m,0.0
2024-11-09 00:29:00,Ghe6ADeD68s56VezA8T6KejzSTZRzHd3R9ZjtT9xpump,0.0004319981425270315,0.0004363614241327007,0.0004319981425270315,0.0004363614241327007,1m,910220.274406
2024-11-09 00:30:00,Ghe6ADeD68s56VezA8T6KejzSTZRzHd3R9ZjtT9xpump,0.0004319981425270315,0.0004319981425270315,0.0004319981425270315,0.0004319981425270315,1m,0.0
2024-11-09 00:31:00,Ghe6ADeD68s56VezA8T6KejzSTZRzHd3R9ZjtT9xpump,0.0004271493419241175,0.0004319981425270315,0.0004271493419241175,0.0004319981425270315,1m,26172.282354
2024-11-09 00:32:00,Ghe6ADeD68s56VezA8T6KejzSTZRzHd3R9ZjtT9xpump,0.0004271493419241175,0.0004271493419241175,0.0004271493419241175,0.0004271493419241175,1m,0.0
2024-11-09 00:33:00,Ghe6ADeD68s56VezA8T6KejzSTZRzHd3R9ZjtT9xpump,0.00042596484345119417,0.0004271493419241175,0.00042596484345119417,0.0004271493419241175,1m,17897.16691
2024-11-09 00:34:00,Ghe6ADeD68s56VezA8T6KejzSTZRzHd3R9ZjtT9xpump,0.00042596484345119417,0.00042596484345119417,0.00042596484345119417,0.00042596484345119417,1m,0.0
2024-11-09 00:35:00,Ghe6ADeD68s56VezA8T6KejzSTZRzHd3R9ZjtT9xpump,0.00042596484345119417,0.00042596484345119417,0.00042596484345119417,0.00042596484345119417,1m,0.0
2024-11-09 00:36:00,Ghe6ADeD68s56VezA8T6KejzSTZRzHd3R9ZjtT9xpump,0.0004281636980516978,0.0004281636980516978,0.00042596484345119417,0.00042596484345119417,1m,69646.050546
2024-11-09 00:37:00,Ghe6ADeD68s56VezA8T6KejzSTZRzHd3R9ZjtT9xpump,0.00043010399310261673,0.00043010399310261673,0.0004281636980516978,0.0004281636980516978,1m,207169.029907
2024-11-09 00:38:00,Ghe6ADeD68s56VezA8T6KejzSTZRzHd3R9ZjtT9xpump,0.00043010399310261673,0.00043010399310261673,0.00043010399310261673,0.00043010399310261673,1m,0.0
2024-11-09 00:39:00,Ghe6ADeD68s56VezA8T6KejzSTZRzHd3R9ZjtT9xpump,0.00043010399310261673,0.00043010399310261673,0.00043010399310261673,0.00043010399310261673,1m,0.0
2024-11-09 00:40:00,Ghe6ADeD68s56VezA8T6KejzSTZRzHd3R9ZjtT9xpump,0.0004326575523598916,0.0004326575523598916,0.00043010399310261673,0.00043010399310261673,1m,46170.580781
2024-11-09 00:41:00,Ghe6ADeD68s56VezA8T6KejzSTZRzHd3R9ZjtT9xpump,0.00042738701161537906,0.0004326575523598916,0.0004256904114344521,0.0004326575523598916,1m,1085128.360386
2024-11-09 00:42:00,Ghe6ADeD68s56VezA8T6KejzSTZRzHd3R9ZjtT9xpump,0.0004244505218069281,0.00042738701161537906,0.0004244505218069281,0.00042738701161537906,1m,309470.314686
2024-11-09 00:43:00,Ghe6ADeD68s56VezA8T6KejzSTZRzHd3R9ZjtT9xpump,0.0004229606436845847,0.0004244505218069281,0.0004229606436845847,0.0004244505218069281,1m,106793.454036
2024-11-09 00:44:00,Ghe6ADeD68s56VezA8T6KejzSTZRzHd3R9ZjtT9xpump,0.0004229606436845847,0.0004229606436845847,0.0004229606436845847,0.0004229606436845847,1m,0.0
2024-11-09 00:45:00,Ghe6ADeD68s56VezA8T6KejzSTZRzHd3R9ZjtT9xpump,0.0004229606436845847,0.0004229606436845847,0.0004229606436845847,0.0004229606436845847,1m,0.0
2024-11-09 00:46:00,Ghe6ADeD68s56VezA8T6KejzSTZRzHd3R9ZjtT9xpump,0.000406564063646742,0.0004229606436845847,0.00040569547996284613,0.0004229606436845847,1m,2488196.593128
2024-11-09 00:47:00,Ghe6ADeD68s56VezA8T6KejzSTZRzHd3R9ZjtT9xpump,0.0004041517753767247,0.000406564063646742,0.0004041517753767247,0.000406564063646742,1m,69947.370869
2024-11-09 00:48:00,Ghe6ADeD68s56VezA8T6KejzSTZRzHd3R9ZjtT9xpump,0.0004041702194088363,0.0004041702194088363,0.0004041517753767247,0.0004041517753767247,1m,7344.427858
2024-11-09 00:49:00,Ghe6ADeD68s56VezA8T6KejzSTZRzHd3R9ZjtT9xpump,0.00040325698730984353,0.0004041702194088363,0.00040325698730984353,0.0004041702194088363,1m,160907.832944
2024-11-09 00:50:00,Ghe6ADeD68s56VezA8T6KejzSTZRzHd3R9ZjtT9xpump,0.0004024273235993888,0.00040325698730984353,0.0004024273235993888,0.00040325698730984353,1m,73253.460211
2024-11-09 00:51:00,Ghe6ADeD68s56VezA8T6KejzSTZRzHd3R9ZjtT9xpump,0.00045408384473432907,0.0004979177372951331,0.0004024273235993888,0.0004024273235993888,1m,23885097.897816
2024-11-09 00:52:00,Ghe6ADeD68s56VezA8T6KejzSTZRzHd3R9ZjtT9xpump,0.0010195594451638402,0.0010259541360597318,0.00045408384473432907,0.00045408384473432907,1m,62422162.55952304
2024-11-09 00:53:00,Ghe6ADeD68s56VezA8T6KejzSTZRzHd3R9ZjtT9xpump,0.001699119441763904,0.001699119441763904,0.0009360911942975079,0.0010195594451638402,1m,62963063.00788503
2024-11-09 00:54:00,Ghe6ADeD68s56VezA8T6KejzSTZRzHd3R9ZjtT9xpump,0.0014858763085822428,0.0017907428640558604,0.0013662524816959378,0.001699119441763904,1m,47034051.15224102
2024-11-09 00:55:00,Ghe6ADeD68s56VezA8T6KejzSTZRzHd3R9ZjtT9xpump,0.002070267123319336,0.002070267123319336,0.0013838955402025372,0.0014858763085822428,1m,48264778.757741995
2024-11-09 00:56:00,Ghe6ADeD68s56VezA8T6KejzSTZRzHd3R9ZjtT9xpump,0.0019296688600891432,0.0023289190581294774,0.0019296688600891432,0.002070267123319336,1m,10233906.025736002
2024-11-09 00:57:00,Ghe6ADeD68s56VezA8T6KejzSTZRzHd3R9ZjtT9xpump,0.0018391483449677617,0.002138798758050143,0.0017836502096848755,0.0019296688600891432,1m,15426675.328433007
2024-11-09 00:58:00,Ghe6ADeD68s56VezA8T6KejzSTZRzHd3R9ZjtT9xpump,0.0016005157800141737,0.001849309688832677,0.0015413160029247015,0.0018391483449677617,1m,9477707.337364
2024-11-09 00:59:00,Ghe6ADeD68s56VezA8T6KejzSTZRzHd3R9ZjtT9xpump,0.001880747819082291,0.001880747819082291,0.0016005157800141737,0.0016005157800141737,1m,5791752.117052001
2024-11-09 01:00:00,Ghe6ADeD68s56VezA8T6KejzSTZRzHd3R9ZjtT9xpump,0.0021582624525273517,0.002392287638624397,0.001880747819082291,0.001880747819082291,1m,12799215.615447
2024-11-09 01:01:00,Ghe6ADeD68s56VezA8T6KejzSTZRzHd3R9ZjtT9xpump,0.002177085827513629,0.0022923255739140873,0.001967365544147266,0.0021582624525273517,1m,14275628.666069001
2024-11-09 01:02:00,Ghe6ADeD68s56VezA8T6KejzSTZRzHd3R9ZjtT9xpump,0.0020326124663833517,0.0022513228108132833,0.0020130546160824713,0.002177085827513629,1m,8056215.205953001
2024-11-09 01:03:00,Ghe6ADeD68s56VezA8T6KejzSTZRzHd3R9ZjtT9xpump,0.002079859776593956,0.002177995294106799,0.002025823468627459,0.0020326124663833517,1m,3996150.1667179996
2024-11-09 01:04:00,Ghe6ADeD68s56VezA8T6KejzSTZRzHd3R9ZjtT9xpump,0.0018422646754543155,0.002111494847140274,0.0018422646754543155,0.002079859776593956,1m,9697237.264076
2024-11-09 01:05:00,Ghe6ADeD68s56VezA8T6KejzSTZRzHd3R9ZjtT9xpump,0.0014500305760707106,0.0018441535766923842,0.0013880055096235095,0.0018422646754543155,1m,11778277.608222004
2024-11-09 01:06:00,Ghe6ADeD68s56VezA8T6KejzSTZRzHd3R9ZjtT9xpump,0.0015369955420045645,0.0015474195959002477,0.0014500305760707106,0.0014500305760707106,1m,6336659.453503
2024-11-09 01:07:00,Ghe6ADeD68s56VezA8T6KejzSTZRzHd3R9ZjtT9xpump,0.0014786376653468038,0.0015369955420045645,0.0014777862552905372,0.0015369955420045645,1m,1951123.2538619996
2024-11-09 01:08:00,Ghe6ADeD68s56VezA8T6KejzSTZRzHd3R9ZjtT9xpump,0.0011720458874251065,0.0014786376653468038,0.0011325157146206692,0.0014786376653468038,1m,15976346.491951002
2024-11-09 01:09:00,Ghe6ADeD68s56VezA8T6KejzSTZRzHd3R9ZjtT9xpump,0.0011713661582553954,0.0012529569027813151,0.0011622351764279872,0.0011720458874251065,1m,5298509.285309
2024-11-09 01:10:00,Ghe6ADeD68s56VezA8T6KejzSTZRzHd3R9ZjtT9xpump,0.0013462595049614475,0.0013462595049614475,0.0011713661582553954,0.0011713661582553954,1m,5531500.079541
2024-11-09 01:11:00,Ghe6ADeD68s56VezA8T6KejzSTZRzHd3R9ZjtT9xpump,0.0014461882555851862,0.0014461882555851862,0.0013445126489334547,0.0013462595049614475,1m,2946346.299784
2024-11-09 01:12:00,Ghe6ADeD68s56VezA8T6KejzSTZRzHd3R9ZjtT9xpump,0.0015926282979790206,0.0016581302853244404,0.0014461882555851862,0.0014461882555851862,1m,5057570.098751999
2024-11-09 01:13:00,Ghe6ADeD68s56VezA8T6KejzSTZRzHd3R9ZjtT9xpump,0.0016717804623345566,0.0016717804623345566,0.0015926282979790206,0.0015926282979790206,1m,1153908.4503640002
2024-11-09 01:14:00,Ghe6ADeD68s56VezA8T6KejzSTZRzHd3R9ZjtT9xpump,0.0017082646635454663,0.0017359747095767517,0.0016717804623345566,0.0016717804623345566,1m,2210501.8082769997
2024-11-09 01:15:00,Ghe6ADeD68s56VezA8T6KejzSTZRzHd3R9ZjtT9xpump,0.001680918670910246,0.0017082646635454663,0.001680918670910246,0.0017082646635454663,1m,337883.325909
2024-11-09 01:16:00,Ghe6ADeD68s56VezA8T6KejzSTZRzHd3R9ZjtT9xpump,0.001444720588184758,0.001680918670910246,0.001444720588184758,0.001680918670910246,1m,6725664.603873
2024-11-09 01:17:00,Ghe6ADeD68s56VezA8T6KejzSTZRzHd3R9ZjtT9xpump,0.0013788071082192987,0.0014888619687911447,0.001371857935117374,0.001444720588184758,1m,3698991.251254
2024-11-09 01:18:00,Ghe6ADeD68s56VezA8T6KejzSTZRzHd3R9ZjtT9xpump,0.0012420127542977825,0.0013795566593532208,0.0012420127542977825,0.0013788071082192987,1m,2792613.088385
2024-11-09 01:19:00,Ghe6ADeD68s56VezA8T6KejzSTZRzHd3R9ZjtT9xpump,0.0012073569199528519,0.0012467919199284554,0.0012073569199528519,0.0012420127542977825,1m,855159.255099
2024-11-09 01:20:00,Ghe6ADeD68s56VezA8T6KejzSTZRzHd3R9ZjtT9xpump,0.0010522076989814618,0.0012073569199528519,0.0010522076989814618,0.0012073569199528519,1m,8316167.609393001
2024-11-09 01:21:00,Ghe6ADeD68s56VezA8T6KejzSTZRzHd3R9ZjtT9xpump,0.0009270711100133034,0.0010522076989814618,0.000865666977696148,0.0010522076989814618,1m,10781907.329559999
2024-11-09 01:22:00,Ghe6ADeD68s56VezA8T6KejzSTZRzHd3R9ZjtT9xpump,0.0009379168585984593,0.0010608764047252415,0.0008899903670478438,0.0009270711100133034,1m,24281117.322384994
2024-11-09 01:23:00,Ghe6ADeD68s56VezA8T6KejzSTZRzHd3R9ZjtT9xpump,0.0009599649733846497,0.0009652026692512322,0.0009332432458534737,0.0009379168585984593,1m,2495363.8472979995
2024-11-09 01:24:00,Ghe6ADeD68s56VezA8T6KejzSTZRzHd3R9ZjtT9xpump,0.0009645393424678562,0.000969279500255416,0.000958456506101802,0.0009599649733846497,1m,543744.9758300001
2024-11-09 01:25:00,Ghe6ADeD68s56VezA8T6KejzSTZRzHd3R9ZjtT9xpump,0.0009861403613240561,0.0009861403613240561,0.0009645393424678562,0.0009645393424678562,1m,568724.938656
2024-11-09 01:26:00,Ghe6ADeD68s56VezA8T6KejzSTZRzHd3R9ZjtT9xpump,0.001110209885401303,0.001110209885401303,0.0009814484350777108,0.0009861403613240561,1m,5368920.2154560005
2024-11-09 01:27:00,Ghe6ADeD68s56VezA8T6KejzSTZRzHd3R9ZjtT9xpump,0.001208032539110939,0.0012280358366533028,0.001110209885401303,0.001110209885401303,1m,2645535.1186079998
2024-11-09 01:28:00,Ghe6ADeD68s56VezA8T6KejzSTZRzHd3R9ZjtT9xpump,0.0010846703704254744,0.001208032539110939,0.0010846703704254744,0.001208032539110939,1m,3190667.9831540002
2024-11-09 01:29:00,Ghe6ADeD68s56VezA8T6KejzSTZRzHd3R9ZjtT9xpump,0.0010569945638241732,0.0010846703704254744,0.0010569945638241732,0.0010846703704254744,1m,556702.439155
2024-11-09 01:30:00,Ghe6ADeD68s56VezA8T6KejzSTZRzHd3R9ZjtT9xpump,0.0010976806738533654,0.0010976806738533654,0.0010476473181030646,0.0010569945638241732,1m,1786608.254861
2024-11-09 01:31:00,Ghe6ADeD68s56VezA8T6KejzSTZRzHd3R9ZjtT9xpump,0.0012204109922324756,0.0012204109922324756,0.0010976806738533654,0.0010976806738533654,1m,6981909.776878
2024-11-09 01:32:00,Ghe6ADeD68s56VezA8T6KejzSTZRzHd3R9ZjtT9xpump,0.0012628423525495823,0.0014306770281488513,0.0012204109922324756,0.0012204109922324756,1m,15971814.439825
2024-11-09 01:33:00,Ghe6ADeD68s56VezA8T6KejzSTZRzHd3R9ZjtT9xpump,0.0012682453413220176,0.0014224819993311608,0.00120960158013365,0.0012628423525495823,1m,11915213.538654
2024-11-09 01:34:00,Ghe6ADeD68s56VezA8T6KejzSTZRzHd3R9ZjtT9xpump,0.0012814859158825906,0.0012836262903566538,0.0012682453413220176,0.0012682453413220176,1m,942430.8442949998
2024-11-09 01:35:00,Ghe6ADeD68s56VezA8T6KejzSTZRzHd3R9ZjtT9xpump,0.0012920395470058016,0.0012920395470058016,0.0012748177832592464,0.0012814859158825906,1m,550221.7304
2024-11-09 01:36:00,Ghe6ADeD68s56VezA8T6KejzSTZRzHd3R9ZjtT9xpump,0.0012068550612871186,0.0012920395470058016,0.0011642545025144313,0.0012920395470058016,1m,5594526.602453
2024-11-09 01:37:00,Ghe6ADeD68s56VezA8T6KejzSTZRzHd3R9ZjtT9xpump,0.0011249356377577297,0.0012459952830566315,0.0011150765400164276,0.0012068550612871186,1m,5194352.201340999
2024-11-09 01:38:00,Ghe6ADeD68s56VezA8T6KejzSTZRzHd3R9ZjtT9xpump,0.0010179572260199834,0.001164233404239463,0.0010179572260199834,0.0011249356377577297,1m,11258094.901148
2024-11-09 01:39:00,Ghe6ADeD68s56VezA8T6KejzSTZRzHd3R9ZjtT9xpump,0.0008937105297719497,0.0010227804753403576,0.0008916133898953538,0.0010179572260199834,1m,6687594.178376
2024-11-09 01:40:00,Ghe6ADeD68s56VezA8T6KejzSTZRzHd3R9ZjtT9xpump,0.0009083894413327942,0.0009157229754499633,0.0008531623374838719,0.0008937105297719497,1m,4066278.746485
2024-11-09 01:41:00,Ghe6ADeD68s56VezA8T6KejzSTZRzHd3R9ZjtT9xpump,0.0009216329394029651,0.0009216329394029651,0.0009083894413327942,0.0009083894413327942,1m,491022.109367
2024-11-09 01:42:00,Ghe6ADeD68s56VezA8T6KejzSTZRzHd3R9ZjtT9xpump,0.0008633275279634187,0.0009243956847373631,0.0008633275279634187,0.0009216329394029651,1m,2275658.536074
2024-11-09 01:43:00,Ghe6ADeD68s56VezA8T6KejzSTZRzHd3R9ZjtT9xpump,0.0008325505485146807,0.0008731665182433604,0.0008296202100748858,0.0008633275279634187,1m,2003414.1791229998
2024-11-09 01:44:00,Ghe6ADeD68s56VezA8T6KejzSTZRzHd3R9ZjtT9xpump,0.0007502845309930738,0.0008325505485146807,0.0007502845309930738,0.0008325505485146807,1m,4216640.160026001
2024-11-09 01:45:00,Ghe6ADeD68s56VezA8T6KejzSTZRzHd3R9ZjtT9xpump,0.000871640312749879,0.000871640312749879,0.0007360178298192499,0.0007502845309930738,1m,8524934.862387
2024-11-09 01:46:00,Ghe6ADeD68s56VezA8T6KejzSTZRzHd3R9ZjtT9xpump,0.0008448171283679298,0.000871640312749879,0.0008448171283679298,0.000871640312749879,1m,1021650.540679
2024-11-09 01:47:00,Ghe6ADeD68s56VezA8T6KejzSTZRzHd3R9ZjtT9xpump,0.0008344398316807863,0.0008448171283679298,0.0008344398316807863,0.0008448171283679298,1m,367911.590724
2024-11-09 01:48:00,Ghe6ADeD68s56VezA8T6KejzSTZRzHd3R9ZjtT9xpump,0.0008359841749665562,0.0008384111779597661,0.0008269669202502457,0.0008344398316807863,1m,1417007.7293999998
2024-11-09 01:49:00,Ghe6ADeD68s56VezA8T6KejzSTZRzHd3R9ZjtT9xpump,0.0008226347450021008,0.0008359841749665562,0.0008226347450021008,0.0008359841749665562,1m,697025.789072
2024-11-09 01:50:00,Ghe6ADeD68s56VezA8T6KejzSTZRzHd3R9ZjtT9xpump,0.0007691267594060419,0.0008226347450021008,0.0007691267594060419,0.0008226347450021008,1m,2676055.8413230004
2024-11-09 01:51:00,Ghe6ADeD68s56VezA8T6KejzSTZRzHd3R9ZjtT9xpump,0.0007658444574133792,0.0007707573444177405,0.0007658444574133792,0.0007691267594060419,1m,205807.704904
2024-11-09 01:52:00,Ghe6ADeD68s56VezA8T6KejzSTZRzHd3R9ZjtT9xpump,0.0007671336189885278,0.0007671336189885278,0.000754918427912038,0.0007658444574133792,1m,1277778.782338
2024-11-09 01:53:00,Ghe6ADeD68s56VezA8T6KejzSTZRzHd3R9ZjtT9xpump,0.0007956416428188535,0.0007956416428188535,0.0007568507603751575,0.0007671336189885278,1m,2630334.560615
2024-11-09 01:54:00,Ghe6ADeD68s56VezA8T6KejzSTZRzHd3R9ZjtT9xpump,0.0009186603756320756,0.0009186603756320756,0.0007956416428188535,0.0007956416428188535,1m,5475747.168707
2024-11-09 01:55:00,Ghe6ADeD68s56VezA8T6KejzSTZRzHd3R9ZjtT9xpump,0.0009193343821414475,0.0009193343821414475,0.0009186603756320756,0.0009186603756320756,1m,33573.504555
2024-11-09 01:56:00,Ghe6ADeD68s56VezA8T6KejzSTZRzHd3R9ZjtT9xpump,0.0009377124090353576,0.0009377124090353576,0.0009193343821414475,0.0009193343821414475,1m,676261.4695019999
2024-11-09 01:57:00,Ghe6ADeD68s56VezA8T6KejzSTZRzHd3R9ZjtT9xpump,0.000890180364614846,0.0009377124090353576,0.000890180364614846,0.0009377124090353576,1m,2235814.166
2024-11-09 01:58:00,Ghe6ADeD68s56VezA8T6KejzSTZRzHd3R9ZjtT9xpump,0.0008956575078681075,0.0008964851339900114,0.000890180364614846,0.000890180364614846,1m,229856.35302100002
2024-11-09 01:59:00,Ghe6ADeD68s56VezA8T6KejzSTZRzHd3R9ZjtT9xpump,0.0008798428161494311,0.0008956575078681075,0.0008798428161494311,0.0008956575078681075,1m,782395.937635
2024-11-09 02:00:00,Ghe6ADeD68s56VezA8T6KejzSTZRzHd3R9ZjtT9xpump,0.0008791344771228789,0.0008798428161494311,0.0008791344771228789,0.0008798428161494311,1m,43071.929151
2024-11-09 02:01:00,Ghe6ADeD68s56VezA8T6KejzSTZRzHd3R9ZjtT9xpump,0.0008924830591392797,0.0008924830591392797,0.0008784331671567756,0.0008791344771228789,1m,1558802.8621
2024-11-09 02:02:00,Ghe6ADeD68s56VezA8T6KejzSTZRzHd3R9ZjtT9xpump,0.000870197517960731,0.0008933824545318554,0.000870197517960731,0.0008924830591392797,1m,1157320.1302750001
2024-11-09 02:03:00,Ghe6ADeD68s56VezA8T6KejzSTZRzHd3R9ZjtT9xpump,0.0008586740374402809,0.000870197517960731,0.0008586740374402809,0.000870197517960731,1m,221160.10747
2024-11-09 02:04:00,Ghe6ADeD68s56VezA8T6KejzSTZRzHd3R9ZjtT9xpump,0.0008278548994903505,0.0008586740374402809,0.0008278548994903505,0.0008586740374402809,1m,1359441.8916469999
2024-11-09 02:05:00,Ghe6ADeD68s56VezA8T6KejzSTZRzHd3R9ZjtT9xpump,0.0008228928044605734,0.0008278548994903505,0.0008228928044605734,0.0008278548994903505,1m,170000.0
2024-11-09 02:06:00,Ghe6ADeD68s56VezA8T6KejzSTZRzHd3R9ZjtT9xpump,0.0008197311215205542,0.0008239816727394881,0.0008197311215205542,0.0008228928044605734,1m,35700.402467
2024-11-09 02:07:00,Ghe6ADeD68s56VezA8T6KejzSTZRzHd3R9ZjtT9xpump,0.000787081508224355,0.0008197311215205542,0.000787081508224355,0.0008197311215205542,1m,2032623.335946
2024-11-09 02:08:00,Ghe6ADeD68s56VezA8T6KejzSTZRzHd3R9ZjtT9xpump,0.000767292268094884,0.000787081508224355,0.000767292268094884,0.000787081508224355,1m,536113.462391
2024-11-09 02:09:00,Ghe6ADeD68s56VezA8T6KejzSTZRzHd3R9ZjtT9xpump,0.0007656176406234015,0.000767292268094884,0.0007656176406234015,0.000767292268094884,1m,15585.034182
2024-11-09 02:10:00,Ghe6ADeD68s56VezA8T6KejzSTZRzHd3R9ZjtT9xpump,0.0009366400850907765,0.0009559005708292534,0.0006778331811047718,0.0007656176406234015,1m,20523792.921243
2024-11-09 02:11:00,Ghe6ADeD68s56VezA8T6KejzSTZRzHd3R9ZjtT9xpump,0.0009360884448277253,0.0009366400850907765,0.0009360884448277253,0.0009366400850907765,1m,212393.425405
2024-11-09 02:12:00,Ghe6ADeD68s56VezA8T6KejzSTZRzHd3R9ZjtT9xpump,0.0009518776537511394,0.0009587322510907772,0.0009360884448277253,0.0009360884448277253,1m,1359286.668412
2024-11-09 02:13:00,Ghe6ADeD68s56VezA8T6KejzSTZRzHd3R9ZjtT9xpump,0.0009506357992018052,0.0009518776537511394,0.0009506357992018052,0.0009518776537511394,1m,39038.818057
2024-11-09 02:14:00,Ghe6ADeD68s56VezA8T6KejzSTZRzHd3R9ZjtT9xpump,0.0009503291799980583,0.00095366214727967,0.0009503291799980583,0.0009506357992018052,1m,92923.49266199999
2024-11-09 02:15:00,Ghe6ADeD68s56VezA8T6KejzSTZRzHd3R9ZjtT9xpump,0.0009440743832499778,0.0009510645709066794,0.0009440743832499778,0.0009503291799980583,1m,81114.344241
2024-11-09 02:16:00,Ghe6ADeD68s56VezA8T6KejzSTZRzHd3R9ZjtT9xpump,0.0009440743832499778,0.0009440743832499778,0.0009440743832499778,0.0009440743832499778,1m,0.0
2024-11-09 02:17:00,Ghe6ADeD68s56VezA8T6KejzSTZRzHd3R9ZjtT9xpump,0.0009503272457882289,0.0009503272457882289,0.0009440743832499778,0.0009440743832499778,1m,104170.642909
2024-11-09 02:18:00,Ghe6ADeD68s56VezA8T6KejzSTZRzHd3R9ZjtT9xpump,0.0009390803513492943,0.0009503272457882289,0.0009385673120633181,0.0009503272457882289,1m,919510.214535
2024-11-09 02:19:00,Ghe6ADeD68s56VezA8T6KejzSTZRzHd3R9ZjtT9xpump,0.0009390803513492943,0.0009390803513492943,0.0009390803513492943,0.0009390803513492943,1m,0.0
2024-11-09 02:20:00,Ghe6ADeD68s56VezA8T6KejzSTZRzHd3R9ZjtT9xpump,0.0009626935496609642,0.0009626935496609642,0.0009390803513492943,0.0009390803513492943,1m,1383310.815966
2024-11-09 02:21:00,Ghe6ADeD68s56VezA8T6KejzSTZRzHd3R9ZjtT9xpump,0.0009626935496609642,0.0009626935496609642,0.0009626935496609642,0.0009626935496609642,1m,0.0
2024-11-09 02:22:00,Ghe6ADeD68s56VezA8T6KejzSTZRzHd3R9ZjtT9xpump,0.0009788556705739113,0.0009788556705739113,0.0009626935496609642,0.0009626935496609642,1m,641.824908
2024-11-09 02:23:00,Ghe6ADeD68s56VezA8T6KejzSTZRzHd3R9ZjtT9xpump,0.0009841428126234463,0.0009841428126234463,0.0009788556705739113,0.0009788556705739113,1m,46182.721895
2024-11-09 02:24:00,Ghe6ADeD68s56VezA8T6KejzSTZRzHd3R9ZjtT9xpump,0.000988290194825068,0.000988290194825068,0.0009822735660630058,0.0009841428126234463,1m,121163.34869599999
2024-11-09 02:25:00,Ghe6ADeD68s56VezA8T6KejzSTZRzHd3R9ZjtT9xpump,0.000988511808501996,0.000988511808501996,0.000988290194825068,0.000988290194825068,1m,905.628184
2024-11-09 02:26:00,Ghe6ADeD68s56VezA8T6KejzSTZRzHd3R9ZjtT9xpump,0.000988511808501996,0.000988511808501996,0.000988511808501996,0.000988511808501996,1m,0.0
2024-11-09 02:27:00,Ghe6ADeD68s56VezA8T6KejzSTZRzHd3R9ZjtT9xpump,0.0009778996766172327,0.000988511808501996,0.0009778996766172327,0.000988511808501996,1m,500000.0
2024-11-09 02:28:00,Ghe6ADeD68s56VezA8T6KejzSTZRzHd3R9ZjtT9xpump,0.0009297454292016254,0.0009778996766172327,0.0009297454292016254,0.0009778996766172327,1m,1393310.815966
2024-11-09 02:29:00,Ghe6ADeD68s56VezA8T6KejzSTZRzHd3R9ZjtT9xpump,0.0009349752567007128,0.0009349752567007128,0.0009297454292016254,0.0009297454292016254,1m,104993.737228
2024-11-09 02:30:00,Ghe6ADeD68s56VezA8T6KejzSTZRzHd3R9ZjtT9xpump,0.0009254564379487695,0.0009349752567007128,0.0009254564379487695,0.0009349752567007128,1m,328998.007331
2024-11-09 02:31:00,Ghe6ADeD68s56VezA8T6KejzSTZRzHd3R9ZjtT9xpump,0.0009107555258383608,0.0009254564379487695,0.0009107555258383608,0.0009254564379487695,1m,567657.8909369999
2024-11-09 02:32:00,Ghe6ADeD68s56VezA8T6KejzSTZRzHd3R9ZjtT9xpump,0.0009104419227420272,0.0009107555258383608,0.0009104419227420272,0.0009107555258383608,1m,51050.696946
2024-11-09 02:33:00,Ghe6ADeD68s56VezA8T6KejzSTZRzHd3R9ZjtT9xpump,0.000909998683518597,0.0009104419227420272,0.000909998683518597,0.0009104419227420272,1m,9998.546261
2024-11-09 02:34:00,Ghe6ADeD68s56VezA8T6KejzSTZRzHd3R9ZjtT9xpump,0.0009090646458311802,0.000909998683518597,0.0009090646458311802,0.000909998683518597,1m,62705.915801
2024-11-09 02:35:00,Ghe6ADeD68s56VezA8T6KejzSTZRzHd3R9ZjtT9xpump,0.0009111334986666913,0.0009143094582772515,0.0009090646458311802,0.0009090646458311802,1m,115116.14105
2024-11-09 02:36:00,Ghe6ADeD68s56VezA8T6KejzSTZRzHd3R9ZjtT9xpump,0.0009111334986666913,0.0009111334986666913,0.0009111334986666913,0.0009111334986666913,1m,0.0
2024-11-09 02:37:00,Ghe6ADeD68s56VezA8T6KejzSTZRzHd3R9ZjtT9xpump,0.0009111334986666913,0.0009111334986666913,0.0009111334986666913,0.0009111334986666913,1m,0.0
2024-11-09 02:38:00,Ghe6ADeD68s56VezA8T6KejzSTZRzHd3R9ZjtT9xpump,0.0009111334986666913,0.0009111334986666913,0.0009111334986666913,0.0009111334986666913,1m,3.046002
2024-11-09 02:39:00,Ghe6ADeD68s56VezA8T6KejzSTZRzHd3R9ZjtT9xpump,0.0009129584782228851,0.0009129584782228851,0.0009092651058618927,0.0009111334986666913,1m,185597.830337
2024-11-09 02:40:00,Ghe6ADeD68s56VezA8T6KejzSTZRzHd3R9ZjtT9xpump,0.0009129365654018473,0.0009129584782228851,0.0009073536957709994,0.0009129584782228851,1m,306684.22111399996
2024-11-09 02:41:00,Ghe6ADeD68s56VezA8T6KejzSTZRzHd3R9ZjtT9xpump,0.0008864058781514075,0.0009129365654018473,0.0008864058781514075,0.0009129365654018473,1m,877471.8507630001
2024-11-09 02:42:00,Ghe6ADeD68s56VezA8T6KejzSTZRzHd3R9ZjtT9xpump,0.0008846021429019509,0.0008864058781514075,0.0008846021429019509,0.0008864058781514075,1m,83559.421137
2024-11-09 02:43:00,Ghe6ADeD68s56VezA8T6KejzSTZRzHd3R9ZjtT9xpump,0.0008846021429019509,0.0008846021429019509,0.0008846021429019509,0.0008846021429019509,1m,0.0
2024-11-09 02:44:00,Ghe6ADeD68s56VezA8T6KejzSTZRzHd3R9ZjtT9xpump,0.0008849053430281324,0.0008849053430281324,0.0008846021429019509,0.0008846021429019509,1m,120000.0
2024-11-09 02:45:00,Ghe6ADeD68s56VezA8T6KejzSTZRzHd3R9ZjtT9xpump,0.0008849053430281324,0.0008849053430281324,0.0008849053430281324,0.0008849053430281324,1m,0.0
2024-11-09 02:46:00,Ghe6ADeD68s56VezA8T6KejzSTZRzHd3R9ZjtT9xpump,0.000882861676005626,0.0008849053430281324,0.000882861676005626,0.0008849053430281324,1m,120000.0
2024-11-09 02:47:00,Ghe6ADeD68s56VezA8T6KejzSTZRzHd3R9ZjtT9xpump,0.000882861676005626,0.000882861676005626,0.000882861676005626,0.000882861676005626,1m,0.0
2024-11-09 02:48:00,Ghe6ADeD68s56VezA8T6KejzSTZRzHd3R9ZjtT9xpump,0.000886493349150017,0.000886493349150017,0.000882861676005626,0.000882861676005626,1m,4499.932673
2024-11-09 02:49:00,Ghe6ADeD68s56VezA8T6KejzSTZRzHd3R9ZjtT9xpump,0.0008764339689082892,0.000886493349150017,0.0008764339689082892,0.000886493349150017,1m,286420.441701
2024-11-09 02:50:00,Ghe6ADeD68s56VezA8T6KejzSTZRzHd3R9ZjtT9xpump,0.0008644289843637793,0.0008764339689082892,0.0008644289843637793,0.0008764339689082892,1m,462340.47545699996
2024-11-09 02:51:00,Ghe6ADeD68s56VezA8T6KejzSTZRzHd3R9ZjtT9xpump,0.0008629553084887291,0.0008644289843637793,0.0008629553084887291,0.0008644289843637793,1m,49052.153373
2024-11-09 02:52:00,Ghe6ADeD68s56VezA8T6KejzSTZRzHd3R9ZjtT9xpump,0.0008630300137581605,0.0008630300137581605,0.0008629553084887291,0.0008629553084887291,1m,641.824917
2024-11-09 02:53:00,Ghe6ADeD68s56VezA8T6KejzSTZRzHd3R9ZjtT9xpump,0.0008630300137581605,0.0008630300137581605,0.0008630300137581605,0.0008630300137581605,1m,0.0
2024-11-09 02:54:00,Ghe6ADeD68s56VezA8T6KejzSTZRzHd3R9ZjtT9xpump,0.0008598357438536754,0.0008630300137581605,0.0008598357438536754,0.0008630300137581605,1m,241542.363489
2024-11-09 02:55:00,Ghe6ADeD68s56VezA8T6KejzSTZRzHd3R9ZjtT9xpump,0.0008598357438536754,0.0008598357438536754,0.0008598357438536754,0.0008598357438536754,1m,0.0
2024-11-09 02:56:00,Ghe6ADeD68s56VezA8T6KejzSTZRzHd3R9ZjtT9xpump,0.0008598357438536754,0.0008598357438536754,0.0008598357438536754,0.0008598357438536754,1m,0.0
2024-11-09 02:57:00,Ghe6ADeD68s56VezA8T6KejzSTZRzHd3R9ZjtT9xpump,0.0008598357438536754,0.0008598357438536754,0.0008598357438536754,0.0008598357438536754,1m,0.0
2024-11-09 02:58:00,Ghe6ADeD68s56VezA8T6KejzSTZRzHd3R9ZjtT9xpump,0.0008565935617127985,0.0008598357438536754,0.0008565935617127985,0.0008598357438536754,1m,2170.870889
2024-11-09 02:59:00,Ghe6ADeD68s56VezA8T6KejzSTZRzHd3R9ZjtT9xpump,0.0008556503942830442,0.0008565935617127985,0.0008556503942830442,0.0008565935617127985,1m,16312.433457
2024-11-09 03:00:00,Ghe6ADeD68s56VezA8T6KejzSTZRzHd3R9ZjtT9xpump,0.0008556503942830442,0.0008556503942830442,0.0008556503942830442,0.0008556503942830442,1m,0.0
2024-11-09 03:01:00,Ghe6ADeD68s56VezA8T6KejzSTZRzHd3R9ZjtT9xpump,0.0008556503942830442,0.0008556503942830442,0.0008556503942830442,0.0008556503942830442,1m,0.0
2024-11-09 03:02:00,Ghe6ADeD68s56VezA8T6KejzSTZRzHd3R9ZjtT9xpump,0.0008531331605035663,0.0008575745531739227,0.0008531331605035663,0.0008556503942830442,1m,222678.37864200003
2024-11-09 03:03:00,Ghe6ADeD68s56VezA8T6KejzSTZRzHd3R9ZjtT9xpump,0.0008492427792913407,0.0008531331605035663,0.0008492427792913407,0.0008531331605035663,1m,281436.209567
2024-11-09 03:04:00,Ghe6ADeD68s56VezA8T6KejzSTZRzHd3R9ZjtT9xpump,0.0008492427792913407,0.0008492427792913407,0.0008492427792913407,0.0008492427792913407,1m,0.0
2024-11-09 03:05:00,Ghe6ADeD68s56VezA8T6KejzSTZRzHd3R9ZjtT9xpump,0.0008492427792913407,0.0008492427792913407,0.0008492427792913407,0.0008492427792913407,1m,0.0
2024-11-09 03:06:00,Ghe6ADeD68s56VezA8T6KejzSTZRzHd3R9ZjtT9xpump,0.0008492427792913407,0.0008492427792913407,0.0008492427792913407,0.0008492427792913407,1m,0.0
2024-11-09 03:07:00,Ghe6ADeD68s56VezA8T6KejzSTZRzHd3R9ZjtT9xpump,0.0008492427792913407,0.0008492427792913407,0.0008492427792913407,0.0008492427792913407,1m,0.0
2024-11-09 03:08:00,Ghe6ADeD68s56VezA8T6KejzSTZRzHd3R9ZjtT9xpump,0.0008492427792913407,0.0008492427792913407,0.0008492427792913407,0.0008492427792913407,1m,0.0
2024-11-09 03:09:00,Ghe6ADeD68s56VezA8T6KejzSTZRzHd3R9ZjtT9xpump,0.0008492427792913407,0.0008492427792913407,0.0008492427792913407,0.0008492427792913407,1m,0.0
2024-11-09 03:10:00,Ghe6ADeD68s56VezA8T6KejzSTZRzHd3R9ZjtT9xpump,0.000850661091354825,0.000850661091354825,0.0008492427792913407,0.0008492427792913407,1m,117450.675992
2024-11-09 03:11:00,Ghe6ADeD68s56VezA8T6KejzSTZRzHd3R9ZjtT9xpump,0.000850661091354825,0.000850661091354825,0.000850661091354825,0.000850661091354825,1m,0.0
2024-11-09 03:12:00,Ghe6ADeD68s56VezA8T6KejzSTZRzHd3R9ZjtT9xpump,0.000847048688363212,0.000850661091354825,0.000847048688363212,0.000850661091354825,1m,65757.512621
2024-11-09 03:13:00,Ghe6ADeD68s56VezA8T6KejzSTZRzHd3R9ZjtT9xpump,0.000847048688363212,0.000847048688363212,0.000847048688363212,0.000847048688363212,1m,0.0
2024-11-09 03:14:00,Ghe6ADeD68s56VezA8T6KejzSTZRzHd3R9ZjtT9xpump,0.0008663226914110085,0.0008663226914110085,0.0008453386331126293,0.000847048688363212,1m,1468210.136071
2024-11-09 03:15:00,Ghe6ADeD68s56VezA8T6KejzSTZRzHd3R9ZjtT9xpump,0.0008663226914110085,0.0008663226914110085,0.0008663226914110085,0.0008663226914110085,1m,0.0
2024-11-09 03:16:00,Ghe6ADeD68s56VezA8T6KejzSTZRzHd3R9ZjtT9xpump,0.0008790301926829133,0.0008790301926829133,0.0008663226914110085,0.0008663226914110085,1m,81978.816324
2024-11-09 03:17:00,Ghe6ADeD68s56VezA8T6KejzSTZRzHd3R9ZjtT9xpump,0.0009013829682488925,0.0009013829682488925,0.0008790301926829133,0.0008790301926829133,1m,893888.173796
2024-11-09 03:18:00,Ghe6ADeD68s56VezA8T6KejzSTZRzHd3R9ZjtT9xpump,0.0009202794510568961,0.0009252751499630927,0.0009013829682488925,0.0009013829682488925,1m,737460.7570339999
2024-11-09 03:19:00,Ghe6ADeD68s56VezA8T6KejzSTZRzHd3R9ZjtT9xpump,0.0009641886676718898,0.0009641886676718898,0.0009202794510568961,0.0009202794510568961,1m,1617757.224624
2024-11-09 03:20:00,Ghe6ADeD68s56VezA8T6KejzSTZRzHd3R9ZjtT9xpump,0.0009916620427811778,0.0009916620427811778,0.0009641886676718898,0.0009641886676718898,1m,1141070.680239
2024-11-09 03:21:00,Ghe6ADeD68s56VezA8T6KejzSTZRzHd3R9ZjtT9xpump,0.0009783652180776158,0.001031470552914558,0.0009711579777782678,0.0009916620427811778,1m,3530133.0575069995
2024-11-09 03:22:00,Ghe6ADeD68s56VezA8T6KejzSTZRzHd3R9ZjtT9xpump,0.0009744819793011435,0.0009840748730672842,0.0009744819793011435,0.0009783652180776158,1m,400681.356082
2024-11-09 03:23:00,Ghe6ADeD68s56VezA8T6KejzSTZRzHd3R9ZjtT9xpump,0.0009638535985045808,0.0009744819793011435,0.0009638535985045808,0.0009744819793011435,1m,611641.454626
2024-11-09 03:24:00,Ghe6ADeD68s56VezA8T6KejzSTZRzHd3R9ZjtT9xpump,0.0009638535985045808,0.0009638535985045808,0.0009638535985045808,0.0009638535985045808,1m,0.0
2024-11-09 03:25:00,Ghe6ADeD68s56VezA8T6KejzSTZRzHd3R9ZjtT9xpump,0.000909479205278802,0.0009638535985045808,0.000909479205278802,0.0009638535985045808,1m,1597701.344777
2024-11-09 03:26:00,Ghe6ADeD68s56VezA8T6KejzSTZRzHd3R9ZjtT9xpump,0.0009127486948124932,0.0009127486948124932,0.000909479205278802,0.000909479205278802,1m,578.539982
2024-11-09 03:27:00,Ghe6ADeD68s56VezA8T6KejzSTZRzHd3R9ZjtT9xpump,0.0009081641853248599,0.0009127486948124932,0.0009081641853248599,0.0009127486948124932,1m,22683.055924
2024-11-09 03:28:00,Ghe6ADeD68s56VezA8T6KejzSTZRzHd3R9ZjtT9xpump,0.000906323731604986,0.0009081641853248599,0.000906323731604986,0.0009081641853248599,1m,236836.854917
2024-11-09 03:29:00,Ghe6ADeD68s56VezA8T6KejzSTZRzHd3R9ZjtT9xpump,0.000906323731604986,0.000906323731604986,0.000906323731604986,0.000906323731604986,1m,0.0
2024-11-09 03:30:00,Ghe6ADeD68s56VezA8T6KejzSTZRzHd3R9ZjtT9xpump,0.000906323731604986,0.000906323731604986,0.000906323731604986,0.000906323731604986,1m,0.0
2024-11-09 03:31:00,Ghe6ADeD68s56VezA8T6KejzSTZRzHd3R9ZjtT9xpump,0.000906323731604986,0.000906323731604986,0.000906323731604986,0.000906323731604986,1m,0.0
2024-11-09 03:32:00,Ghe6ADeD68s56VezA8T6KejzSTZRzHd3R9ZjtT9xpump,0.0009000913517952187,0.000906323731604986,0.0009000913517952187,0.000906323731604986,1m,110251.262738
2024-11-09 03:33:00,Ghe6ADeD68s56VezA8T6KejzSTZRzHd3R9ZjtT9xpump,0.0008903633372574226,0.0009000913517952187,0.0008903633372574226,0.0009000913517952187,1m,523367.160174
2024-11-09 03:34:00,Ghe6ADeD68s56VezA8T6KejzSTZRzHd3R9ZjtT9xpump,0.0008843958699842621,0.0008903633372574226,0.0008843958699842621,0.0008903633372574226,1m,70000.0
2024-11-09 03:35:00,Ghe6ADeD68s56VezA8T6KejzSTZRzHd3R9ZjtT9xpump,0.0008818699585959973,0.0008843958699842621,0.0008818699585959973,0.0008843958699842621,1m,152252.214703
2024-11-09 03:36:00,Ghe6ADeD68s56VezA8T6KejzSTZRzHd3R9ZjtT9xpump,0.0008818699585959973,0.0008818699585959973,0.0008818699585959973,0.0008818699585959973,1m,0.0
2024-11-09 03:37:00,Ghe6ADeD68s56VezA8T6KejzSTZRzHd3R9ZjtT9xpump,0.0008818699585959973,0.0008818699585959973,0.0008818699585959973,0.0008818699585959973,1m,0.0
2024-11-09 03:38:00,Ghe6ADeD68s56VezA8T6KejzSTZRzHd3R9ZjtT9xpump,0.0008818699585959973,0.0008818699585959973,0.0008818699585959973,0.0008818699585959973,1m,0.0
2024-11-09 03:39:00,Ghe6ADeD68s56VezA8T6KejzSTZRzHd3R9ZjtT9xpump,0.0008818699585959973,0.0008818699585959973,0.0008818699585959973,0.0008818699585959973,1m,0.0
2024-11-09 03:40:00,Ghe6ADeD68s56VezA8T6KejzSTZRzHd3R9ZjtT9xpump,0.0008818699585959973,0.0008818699585959973,0.0008818699585959973,0.0008818699585959973,1m,0.0
2024-11-09 03:41:00,Ghe6ADeD68s56VezA8T6KejzSTZRzHd3R9ZjtT9xpump,0.0008818699585959973,0.0008818699585959973,0.0008818699585959973,0.0008818699585959973,1m,0.0
2024-11-09 03:42:00,Ghe6ADeD68s56VezA8T6KejzSTZRzHd3R9ZjtT9xpump,0.0008789508903578729,0.0008818699585959973,0.0008789508903578729,0.0008818699585959973,1m,19498.294181
2024-11-09 03:43:00,Ghe6ADeD68s56VezA8T6KejzSTZRzHd3R9ZjtT9xpump,0.0008698109862079163,0.0008789508903578729,0.0008698109862079163,0.0008789508903578729,1m,616152.581231
2024-11-09 03:44:00,Ghe6ADeD68s56VezA8T6KejzSTZRzHd3R9ZjtT9xpump,0.0008698109862079163,0.0008698109862079163,0.0008698109862079163,0.0008698109862079163,1m,0.0
2024-11-09 03:45:00,Ghe6ADeD68s56VezA8T6KejzSTZRzHd3R9ZjtT9xpump,0.0008698109862079163,0.0008698109862079163,0.0008698109862079163,0.0008698109862079163,1m,0.0
2024-11-09 03:46:00,Ghe6ADeD68s56VezA8T6KejzSTZRzHd3R9ZjtT9xpump,0.0007978069344937892,0.0008698109862079163,0.0007978069344937892,0.0008698109862079163,1m,2815129.90655
2024-11-09 03:47:00,Ghe6ADeD68s56VezA8T6KejzSTZRzHd3R9ZjtT9xpump,0.000832186926198513,0.0009366612563157337,0.0007978069344937892,0.0007978069344937892,1m,10672784.049965002
2024-11-09 03:48:00,Ghe6ADeD68s56VezA8T6KejzSTZRzHd3R9ZjtT9xpump,0.0008325255580358391,0.0008325255580358391,0.000832186926198513,0.000832186926198513,1m,4773.105014
2024-11-09 03:49:00,Ghe6ADeD68s56VezA8T6KejzSTZRzHd3R9ZjtT9xpump,0.0008386417713383785,0.0008386417713383785,0.0008325255580358391,0.0008325255580358391,1m,348047.00670200004
2024-11-09 03:50:00,Ghe6ADeD68s56VezA8T6KejzSTZRzHd3R9ZjtT9xpump,0.0008386417713383785,0.0008386417713383785,0.0008386417713383785,0.0008386417713383785,1m,0.0
2024-11-09 03:51:00,Ghe6ADeD68s56VezA8T6KejzSTZRzHd3R9ZjtT9xpump,0.000844847417009644,0.000844847417009644,0.0008386417713383785,0.0008386417713383785,1m,282067.991324
2024-11-09 03:52:00,Ghe6ADeD68s56VezA8T6KejzSTZRzHd3R9ZjtT9xpump,0.000852275735202502,0.0008527365131117284,0.000844847417009644,0.000844847417009644,1m,622435.16956
2024-11-09 03:53:00,Ghe6ADeD68s56VezA8T6KejzSTZRzHd3R9ZjtT9xpump,0.0008417623743610132,0.0008601360079736967,0.0008417623743610132,0.000852275735202502,1m,1078496.8383499999
2024-11-09 03:54:00,Ghe6ADeD68s56VezA8T6KejzSTZRzHd3R9ZjtT9xpump,0.0008417623743610132,0.0008417623743610132,0.0008417623743610132,0.0008417623743610132,1m,0.0
2024-11-09 03:55:00,Ghe6ADeD68s56VezA8T6KejzSTZRzHd3R9ZjtT9xpump,0.0008452259621819228,0.0008452259621819228,0.0008323598430118665,0.0008417623743610132,1m,1797205.344386
2024-11-09 03:56:00,Ghe6ADeD68s56VezA8T6KejzSTZRzHd3R9ZjtT9xpump,0.0008452259621819228,0.0008452259621819228,0.0008452259621819228,0.0008452259621819228,1m,0.0
2024-11-09 03:57:00,Ghe6ADeD68s56VezA8T6KejzSTZRzHd3R9ZjtT9xpump,0.0008559067091469071,0.0008559067091469071,0.0008452259621819228,0.0008452259621819228,1m,16188.012092
2024-11-09 03:58:00,Ghe6ADeD68s56VezA8T6KejzSTZRzHd3R9ZjtT9xpump,0.0009076281084099668,0.0009076281084099668,0.0008559067091469071,0.0008559067091469071,1m,2018960.666238
2024-11-09 03:59:00,Ghe6ADeD68s56VezA8T6KejzSTZRzHd3R9ZjtT9xpump,0.0009076281084099668,0.0009076281084099668,0.0009076281084099668,0.0009076281084099668,1m,0.0
2024-11-09 04:00:00,Ghe6ADeD68s56VezA8T6KejzSTZRzHd3R9ZjtT9xpump,0.0009260099611747795,0.0009260099611747795,0.0009076281084099668,0.0009076281084099668,1m,530866.653169
2024-11-09 04:01:00,Ghe6ADeD68s56VezA8T6KejzSTZRzHd3R9ZjtT9xpump,0.000951550728697135,0.0009572621655396575,0.0009260099611747795,0.0009260099611747795,1m,1456642.5741279998
2024-11-09 04:02:00,Ghe6ADeD68s56VezA8T6KejzSTZRzHd3R9ZjtT9xpump,0.0009111138678537306,0.0009530572185577255,0.0009111138678537306,0.000951550728697135,1m,1590617.180955
2024-11-09 04:03:00,Ghe6ADeD68s56VezA8T6KejzSTZRzHd3R9ZjtT9xpump,0.0009356409513472064,0.0009356409513472064,0.0009111138678537306,0.0009111138678537306,1m,872678.0745539999
2024-11-09 04:04:00,Ghe6ADeD68s56VezA8T6KejzSTZRzHd3R9ZjtT9xpump,0.0008964961397287885,0.0009394554445312107,0.0008964961397287885,0.0009356409513472064,1m,2018801.5280799998
2024-11-09 04:05:00,Ghe6ADeD68s56VezA8T6KejzSTZRzHd3R9ZjtT9xpump,0.0008759358557503649,0.0008964961397287885,0.0008759358557503649,0.0008964961397287885,1m,811459.657059
2024-11-09 04:06:00,Ghe6ADeD68s56VezA8T6KejzSTZRzHd3R9ZjtT9xpump,0.0008759358557503649,0.0008759358557503649,0.0008759358557503649,0.0008759358557503649,1m,0.0
2024-11-09 04:07:00,Ghe6ADeD68s56VezA8T6KejzSTZRzHd3R9ZjtT9xpump,0.0008631329427125012,0.0008759358557503649,0.0008631329427125012,0.0008759358557503649,1m,232131.314183
2024-11-09 04:08:00,Ghe6ADeD68s56VezA8T6KejzSTZRzHd3R9ZjtT9xpump,0.0008631329427125012,0.0008631329427125012,0.0008631329427125012,0.0008631329427125012,1m,0.0
2024-11-09 04:09:00,Ghe6ADeD68s56VezA8T6KejzSTZRzHd3R9ZjtT9xpump,0.0008631329427125012,0.0008631329427125012,0.0008631329427125012,0.0008631329427125012,1m,0.0
2024-11-09 04:10:00,Ghe6ADeD68s56VezA8T6KejzSTZRzHd3R9ZjtT9xpump,0.0008625436582015314,0.0008664217274927213,0.0008625436582015314,0.0008631329427125012,1m,136444.422394
2024-11-09 04:11:00,Ghe6ADeD68s56VezA8T6KejzSTZRzHd3R9ZjtT9xpump,0.0008551443137875383,0.0008741158328777171,0.0008551443137875383,0.0008625436582015314,1m,1610321.604452
2024-11-09 04:12:00,Ghe6ADeD68s56VezA8T6KejzSTZRzHd3R9ZjtT9xpump,0.0008463852396342206,0.0008551443137875383,0.0008463852396342206,0.0008551443137875383,1m,236092.421785
2024-11-09 04:13:00,Ghe6ADeD68s56VezA8T6KejzSTZRzHd3R9ZjtT9xpump,0.000806508796153554,0.0008463852396342206,0.000806508796153554,0.0008463852396342206,1m,1725801.8161809999
2024-11-09 04:14:00,Ghe6ADeD68s56VezA8T6KejzSTZRzHd3R9ZjtT9xpump,0.0008026909912547558,0.000806508796153554,0.0008026909912547558,0.000806508796153554,1m,100000.0
2024-11-09 04:15:00,Ghe6ADeD68s56VezA8T6KejzSTZRzHd3R9ZjtT9xpump,0.0008062776729377434,0.0008062776729377434,0.0008026909912547558,0.0008026909912547558,1m,7439.357325
2024-11-09 04:16:00,Ghe6ADeD68s56VezA8T6KejzSTZRzHd3R9ZjtT9xpump,0.0008074010559610754,0.0008074010559610754,0.0008062776729377434,0.0008062776729377434,1m,83487.669459
2024-11-09 04:17:00,Ghe6ADeD68s56VezA8T6KejzSTZRzHd3R9ZjtT9xpump,0.0008074010559610754,0.0008074010559610754,0.0008074010559610754,0.0008074010559610754,1m,0.0
2024-11-09 04:18:00,Ghe6ADeD68s56VezA8T6KejzSTZRzHd3R9ZjtT9xpump,0.000804611951180105,0.0008074010559610754,0.000804611951180105,0.0008074010559610754,1m,15984.612326
2024-11-09 04:19:00,Ghe6ADeD68s56VezA8T6KejzSTZRzHd3R9ZjtT9xpump,0.000804611951180105,0.000804611951180105,0.000804611951180105,0.000804611951180105,1m,0.0
2024-11-09 04:20:00,Ghe6ADeD68s56VezA8T6KejzSTZRzHd3R9ZjtT9xpump,0.000804611951180105,0.000804611951180105,0.000804611951180105,0.000804611951180105,1m,0.0
2024-11-09 04:21:00,Ghe6ADeD68s56VezA8T6KejzSTZRzHd3R9ZjtT9xpump,0.000804611951180105,0.000804611951180105,0.000804611951180105,0.000804611951180105,1m,0.0
2024-11-09 04:22:00,Ghe6ADeD68s56VezA8T6KejzSTZRzHd3R9ZjtT9xpump,0.0008118672192972562,0.0008118672192972562,0.0008000093587775661,0.000804611951180105,1m,1270398.2732000002
2024-11-09 04:23:00,Ghe6ADeD68s56VezA8T6KejzSTZRzHd3R9ZjtT9xpump,0.0008172001188806642,0.0008172001188806642,0.0008118672192972562,0.0008118672192972562,1m,257931.207886
2024-11-09 04:24:00,Ghe6ADeD68s56VezA8T6KejzSTZRzHd3R9ZjtT9xpump,0.0008172001188806642,0.0008172001188806642,0.0008172001188806642,0.0008172001188806642,1m,0.0
2024-11-09 04:25:00,Ghe6ADeD68s56VezA8T6KejzSTZRzHd3R9ZjtT9xpump,0.0008188217012025658,0.0008209093355852198,0.0008172001188806642,0.0008172001188806642,1m,316749.86215400003
2024-11-09 04:26:00,Ghe6ADeD68s56VezA8T6KejzSTZRzHd3R9ZjtT9xpump,0.0008188217012025658,0.0008188217012025658,0.0008188217012025658,0.0008188217012025658,1m,0.0
2024-11-09 04:27:00,Ghe6ADeD68s56VezA8T6KejzSTZRzHd3R9ZjtT9xpump,0.0008188217012025658,0.0008188217012025658,0.0008188217012025658,0.0008188217012025658,1m,0.0
2024-11-09 04:28:00,Ghe6ADeD68s56VezA8T6KejzSTZRzHd3R9ZjtT9xpump,0.0008174866525352492,0.0008188217012025658,0.0008174866525352492,0.0008188217012025658,1m,100000.0
2024-11-09 04:29:00,Ghe6ADeD68s56VezA8T6KejzSTZRzHd3R9ZjtT9xpump,0.0008174866525352492,0.0008174866525352492,0.0008174866525352492,0.0008174866525352492,1m,0.0
2024-11-09 04:30:00,Ghe6ADeD68s56VezA8T6KejzSTZRzHd3R9ZjtT9xpump,0.0008290720748926863,0.0008290720748926863,0.0008125659796884678,0.0008174866525352492,1m,1710680.101241
2024-11-09 04:31:00,Ghe6ADeD68s56VezA8T6KejzSTZRzHd3R9ZjtT9xpump,0.0008290720748926863,0.0008290720748926863,0.0008290720748926863,0.0008290720748926863,1m,0.0
2024-11-09 04:32:00,Ghe6ADeD68s56VezA8T6KejzSTZRzHd3R9ZjtT9xpump,0.0008362485654372294,0.0008362485654372294,0.0008290720748926863,0.0008290720748926863,1m,298534.720277
2024-11-09 04:33:00,Ghe6ADeD68s56VezA8T6KejzSTZRzHd3R9ZjtT9xpump,0.0008433068160725778,0.0008433068160725778,0.0008362485654372294,0.0008362485654372294,1m,338256.033496
2024-11-09 04:34:00,Ghe6ADeD68s56VezA8T6KejzSTZRzHd3R9ZjtT9xpump,0.000858847275642625,0.000858847275642625,0.0008433068160725778,0.0008433068160725778,1m,1217727.611355
2024-11-09 04:35:00,Ghe6ADeD68s56VezA8T6KejzSTZRzHd3R9ZjtT9xpump,0.0008737266713658965,0.0008737266713658965,0.000858847275642625,0.000858847275642625,1m,6853.873189
2024-11-09 04:36:00,Ghe6ADeD68s56VezA8T6KejzSTZRzHd3R9ZjtT9xpump,0.0008809503723099425,0.0008809503723099425,0.0008737266713658965,0.0008737266713658965,1m,263774.89031600003
2024-11-09 04:37:00,Ghe6ADeD68s56VezA8T6KejzSTZRzHd3R9ZjtT9xpump,0.0008809503723099425,0.0008809503723099425,0.0008809503723099425,0.0008809503723099425,1m,0.0
2024-11-09 04:38:00,Ghe6ADeD68s56VezA8T6KejzSTZRzHd3R9ZjtT9xpump,0.0008202013693187303,0.0008809503723099425,0.0008202013693187303,0.0008809503723099425,1m,2983778.3301609997
2024-11-09 04:39:00,Ghe6ADeD68s56VezA8T6KejzSTZRzHd3R9ZjtT9xpump,0.0008202013693187303,0.0008202013693187303,0.0008202013693187303,0.0008202013693187303,1m,0.0
2024-11-09 04:40:00,Ghe6ADeD68s56VezA8T6KejzSTZRzHd3R9ZjtT9xpump,0.000794080471229582,0.0008248559460694349,0.000794080471229582,0.0008202013693187303,1m,1288028.827783
2024-11-09 04:41:00,Ghe6ADeD68s56VezA8T6KejzSTZRzHd3R9ZjtT9xpump,0.0007859189654186235,0.000794080471229582,0.0007859189654186235,0.000794080471229582,1m,690835.031695
2024-11-09 04:42:00,Ghe6ADeD68s56VezA8T6KejzSTZRzHd3R9ZjtT9xpump,0.0007747079243176981,0.0007859189654186235,0.0007747079243176981,0.0007859189654186235,1m,338189.771563
2024-11-09 04:43:00,Ghe6ADeD68s56VezA8T6KejzSTZRzHd3R9ZjtT9xpump,0.0007674672550679425,0.0007747079243176981,0.0007674672550679425,0.0007747079243176981,1m,244526.607615
2024-11-09 04:44:00,Ghe6ADeD68s56VezA8T6KejzSTZRzHd3R9ZjtT9xpump,0.000705571986470646,0.0007674672550679425,0.000705571986470646,0.0007674672550679425,1m,3712571.511725
2024-11-09 04:45:00,Ghe6ADeD68s56VezA8T6KejzSTZRzHd3R9ZjtT9xpump,0.0007033941681763795,0.000705571986470646,0.0007033941681763795,0.000705571986470646,1m,205078.92862
2024-11-09 04:46:00,Ghe6ADeD68s56VezA8T6KejzSTZRzHd3R9ZjtT9xpump,0.0006574664950104766,0.0007033941681763795,0.0006574664950104766,0.0007033941681763795,1m,3235110.954821
2024-11-09 04:47:00,Ghe6ADeD68s56VezA8T6KejzSTZRzHd3R9ZjtT9xpump,0.0006869695639809036,0.0006869695639809036,0.0006574664950104766,0.0006574664950104766,1m,1782644.260774
2024-11-09 04:48:00,Ghe6ADeD68s56VezA8T6KejzSTZRzHd3R9ZjtT9xpump,0.0006869695639809036,0.0006869695639809036,0.0006869695639809036,0.0006869695639809036,1m,0.0
2024-11-09 04:49:00,Ghe6ADeD68s56VezA8T6KejzSTZRzHd3R9ZjtT9xpump,0.0007007448227285173,0.0007007448227285173,0.0006869695639809036,0.0006869695639809036,1m,1140546.832711
2024-11-09 04:50:00,Ghe6ADeD68s56VezA8T6KejzSTZRzHd3R9ZjtT9xpump,0.0007116663101337673,0.0007116663101337673,0.0007007448227285173,0.0007007448227285173,1m,27792.442299
2024-11-09 04:51:00,Ghe6ADeD68s56VezA8T6KejzSTZRzHd3R9ZjtT9xpump,0.0007063928446988148,0.0007116663101337673,0.0007063928446988148,0.0007116663101337673,1m,78376.806636
2024-11-09 04:52:00,Ghe6ADeD68s56VezA8T6KejzSTZRzHd3R9ZjtT9xpump,0.0008328924506093563,0.0008328924506093563,0.0007063928446988148,0.0007063928446988148,1m,5731100.037618
2024-11-09 04:53:00,Ghe6ADeD68s56VezA8T6KejzSTZRzHd3R9ZjtT9xpump,0.0008252481139456495,0.0008383316833401023,0.0008234429735629473,0.0008328924506093563,1m,2173973.476479
2024-11-09 04:54:00,Ghe6ADeD68s56VezA8T6KejzSTZRzHd3R9ZjtT9xpump,0.000819470851962393,0.0008375163480753898,0.000819470851962393,0.0008252481139456495,1m,1442489.397705
2024-11-09 04:55:00,Ghe6ADeD68s56VezA8T6KejzSTZRzHd3R9ZjtT9xpump,0.0008724908590962463,0.0008724908590962463,0.000819470851962393,0.000819470851962393,1m,2646201.431259
2024-11-09 04:56:00,Ghe6ADeD68s56VezA8T6KejzSTZRzHd3R9ZjtT9xpump,0.0009056903519184735,0.0009056903519184735,0.0008724908590962463,0.0008724908590962463,1m,1311514.186403
2024-11-09 04:57:00,Ghe6ADeD68s56VezA8T6KejzSTZRzHd3R9ZjtT9xpump,0.0009073756760635592,0.0009073756760635592,0.0009056903519184735,0.0009056903519184735,1m,65000.0
2024-11-09 04:58:00,Ghe6ADeD68s56VezA8T6KejzSTZRzHd3R9ZjtT9xpump,0.0009073756760635592,0.0009073756760635592,0.0009073756760635592,0.0009073756760635592,1m,0.0
2024-11-09 04:59:00,Ghe6ADeD68s56VezA8T6KejzSTZRzHd3R9ZjtT9xpump,0.0010036807066553298,0.0010300402869785179,0.0009073756760635592,0.0009073756760635592,1m,5776019.031514
2024-11-09 05:00:00,Ghe6ADeD68s56VezA8T6KejzSTZRzHd3R9ZjtT9xpump,0.0009215597993382646,0.0010036807066553298,0.0009215597993382646,0.0010036807066553298,1m,2590852.022222
2024-11-09 05:01:00,Ghe6ADeD68s56VezA8T6KejzSTZRzHd3R9ZjtT9xpump,0.0009215597993382646,0.0009215597993382646,0.0009215597993382646,0.0009215597993382646,1m,0.0
2024-11-09 05:02:00,Ghe6ADeD68s56VezA8T6KejzSTZRzHd3R9ZjtT9xpump,0.0009359728812842615,0.0009359728812842615,0.0009195605460784401,0.0009215597993382646,1m,534579.817606
2024-11-09 05:03:00,Ghe6ADeD68s56VezA8T6KejzSTZRzHd3R9ZjtT9xpump,0.0009388106667163186,0.0009416291357358863,0.0009341221748844455,0.0009359728812842615,1m,640119.795864
2024-11-09 05:04:00,Ghe6ADeD68s56VezA8T6KejzSTZRzHd3R9ZjtT9xpump,0.0009510797347705581,0.00095239168327557,0.0009366670103560885,0.0009388106667163186,1m,1024877.0862869999
2024-11-09 05:05:00,Ghe6ADeD68s56VezA8T6KejzSTZRzHd3R9ZjtT9xpump,0.0009125960573667399,0.0010601793563263932,0.0009125960573667399,0.0009510797347705581,1m,8717739.070043001
2024-11-09 05:06:00,Ghe6ADeD68s56VezA8T6KejzSTZRzHd3R9ZjtT9xpump,0.0009185407757257914,0.0009185407757257914,0.0009125960573667399,0.0009125960573667399,1m,110000.0
2024-11-09 05:07:00,Ghe6ADeD68s56VezA8T6KejzSTZRzHd3R9ZjtT9xpump,0.0009185407757257914,0.0009185407757257914,0.0009185407757257914,0.0009185407757257914,1m,0.0
2024-11-09 05:08:00,Ghe6ADeD68s56VezA8T6KejzSTZRzHd3R9ZjtT9xpump,0.0009166128717100318,0.0009185407757257914,0.0009166128717100318,0.0009185407757257914,1m,18956.760897
2024-11-09 05:09:00,Ghe6ADeD68s56VezA8T6KejzSTZRzHd3R9ZjtT9xpump,0.0009158121996097647,0.0009166128717100318,0.0009158121996097647,0.0009166128717100318,1m,7241.411384
2024-11-09 05:10:00,Ghe6ADeD68s56VezA8T6KejzSTZRzHd3R9ZjtT9xpump,0.0009158121996097647,0.0009158121996097647,0.0009158121996097647,0.0009158121996097647,1m,0.0
2024-11-09 05:11:00,Ghe6ADeD68s56VezA8T6KejzSTZRzHd3R9ZjtT9xpump,0.0009158121996097647,0.0009158121996097647,0.0009158121996097647,0.0009158121996097647,1m,0.0
2024-11-09 05:12:00,Ghe6ADeD68s56VezA8T6KejzSTZRzHd3R9ZjtT9xpump,0.0009158121996097647,0.0009158121996097647,0.0009158121996097647,0.0009158121996097647,1m,0.0
2024-11-09 05:13:00,Ghe6ADeD68s56VezA8T6KejzSTZRzHd3R9ZjtT9xpump,0.0009158121996097647,0.0009158121996097647,0.0009158121996097647,0.0009158121996097647,1m,0.0
2024-11-09 05:14:00,Ghe6ADeD68s56VezA8T6KejzSTZRzHd3R9ZjtT9xpump,0.0009158121996097647,0.0009158121996097647,0.0009158121996097647,0.0009158121996097647,1m,0.0
2024-11-09 05:15:00,Ghe6ADeD68s56VezA8T6KejzSTZRzHd3R9ZjtT9xpump,0.0009474995817893448,0.0009474995817893448,0.0009158121996097647,0.0009158121996097647,1m,1882737.918537
2024-11-09 05:16:00,Ghe6ADeD68s56VezA8T6KejzSTZRzHd3R9ZjtT9xpump,0.0016066895585254949,0.0016256483813031123,0.0009474995817893448,0.0009474995817893448,1m,19575535.348834995
2024-11-09 05:17:00,Ghe6ADeD68s56VezA8T6KejzSTZRzHd3R9ZjtT9xpump,0.0016151541160326864,0.0016151541160326864,0.0014878160329999965,0.0016066895585254949,1m,5474690.996465998
2024-11-09 05:18:00,Ghe6ADeD68s56VezA8T6KejzSTZRzHd3R9ZjtT9xpump,0.0016939364995445167,0.001698471434952663,0.0016068999654214296,0.0016151541160326864,1m,3577031.525588
2024-11-09 05:19:00,Ghe6ADeD68s56VezA8T6KejzSTZRzHd3R9ZjtT9xpump,0.0017261758950944531,0.0017469627616572185,0.0016928479402883191,0.0016939364995445167,1m,1446527.9595
2024-11-09 05:20:00,Ghe6ADeD68s56VezA8T6KejzSTZRzHd3R9ZjtT9xpump,0.0015581428335080206,0.0017334847481754565,0.0015547171329685153,0.0017261758950944531,1m,3886524.62156
2024-11-09 05:21:00,Ghe6ADeD68s56VezA8T6KejzSTZRzHd3R9ZjtT9xpump,0.0014065433203618867,0.0015581428335080206,0.0014065433203618867,0.0015581428335080206,1m,2787603.259859
2024-11-09 05:22:00,Ghe6ADeD68s56VezA8T6KejzSTZRzHd3R9ZjtT9xpump,0.0014652554949314176,0.0014720442930196542,0.0013945852300139743,0.0014065433203618867,1m,1705284.5550869997
2024-11-09 05:23:00,Ghe6ADeD68s56VezA8T6KejzSTZRzHd3R9ZjtT9xpump,0.001508177410171214,0.0015587233924101286,0.0014652554949314176,0.0014652554949314176,1m,2372365.5648570005
2024-11-09 05:24:00,Ghe6ADeD68s56VezA8T6KejzSTZRzHd3R9ZjtT9xpump,0.0015686831248594498,0.0015686831248594498,0.001508177410171214,0.001508177410171214,1m,1185520.142883
2024-11-09 05:25:00,Ghe6ADeD68s56VezA8T6KejzSTZRzHd3R9ZjtT9xpump,0.0015536710584545107,0.0015686831248594498,0.0015536710584545107,0.0015686831248594498,1m,297590.26775500004
2024-11-09 05:26:00,Ghe6ADeD68s56VezA8T6KejzSTZRzHd3R9ZjtT9xpump,0.0015690178105997646,0.0015690178105997646,0.0015536710584545107,0.0015536710584545107,1m,295755.973723
2024-11-09 05:27:00,Ghe6ADeD68s56VezA8T6KejzSTZRzHd3R9ZjtT9xpump,0.0015690178105997646,0.0015690178105997646,0.0015690178105997646,0.0015690178105997646,1m,0.0
2024-11-09 05:28:00,Ghe6ADeD68s56VezA8T6KejzSTZRzHd3R9ZjtT9xpump,0.001557639780344797,0.0015690178105997646,0.001557639780344797,0.0015690178105997646,1m,50000.0
2024-11-09 05:29:00,Ghe6ADeD68s56VezA8T6KejzSTZRzHd3R9ZjtT9xpump,0.001506261005161889,0.001557639780344797,0.001506261005161889,0.001557639780344797,1m,817083.91283
2024-11-09 05:30:00,Ghe6ADeD68s56VezA8T6KejzSTZRzHd3R9ZjtT9xpump,0.001497728995681633,0.001506261005161889,0.0014947311900491275,0.001506261005161889,1m,237956.89710599996
2024-11-09 05:31:00,Ghe6ADeD68s56VezA8T6KejzSTZRzHd3R9ZjtT9xpump,0.001497198608724919,0.0014980471709064014,0.0014898075742743853,0.001497728995681633,1m,45363.488467
2024-11-09 05:32:00,Ghe6ADeD68s56VezA8T6KejzSTZRzHd3R9ZjtT9xpump,0.001497198608724919,0.001497198608724919,0.001497198608724919,0.001497198608724919,1m,0.0
2024-11-09 05:33:00,Ghe6ADeD68s56VezA8T6KejzSTZRzHd3R9ZjtT9xpump,0.001546752092935068,0.001546752092935068,0.001491764291379899,0.001497198608724919,1m,928045.423923
2024-11-09 05:34:00,Ghe6ADeD68s56VezA8T6KejzSTZRzHd3R9ZjtT9xpump,0.0015559022204734048,0.0015559022204734048,0.001546752092935068,0.001546752092935068,1m,38730.489527
2024-11-09 05:35:00,Ghe6ADeD68s56VezA8T6KejzSTZRzHd3R9ZjtT9xpump,0.0014766553864687378,0.0015559022204734048,0.0014766553864687378,0.0015559022204734048,1m,1652654.9150760002
2024-11-09 05:36:00,Ghe6ADeD68s56VezA8T6KejzSTZRzHd3R9ZjtT9xpump,0.0014629539703096943,0.0014766553864687378,0.0014629539703096943,0.0014766553864687378,1m,13750.413694
2024-11-09 05:37:00,Ghe6ADeD68s56VezA8T6KejzSTZRzHd3R9ZjtT9xpump,0.0014558743078683524,0.0014629539703096943,0.0014558743078683524,0.0014629539703096943,1m,18286.447226
2024-11-09 05:38:00,Ghe6ADeD68s56VezA8T6KejzSTZRzHd3R9ZjtT9xpump,0.0014173880807139719,0.0014558743078683524,0.0013990067847417572,0.0014558743078683524,1m,1455766.5805580001
2024-11-09 05:39:00,Ghe6ADeD68s56VezA8T6KejzSTZRzHd3R9ZjtT9xpump,0.0014019638817942173,0.0014291644838739846,0.0014019638817942173,0.0014173880807139719,1m,751181.279966
2024-11-09 05:40:00,Ghe6ADeD68s56VezA8T6KejzSTZRzHd3R9ZjtT9xpump,0.0013836609831406914,0.0014019638817942173,0.0013836609831406914,0.0014019638817942173,1m,30698.748929
2024-11-09 05:41:00,Ghe6ADeD68s56VezA8T6KejzSTZRzHd3R9ZjtT9xpump,0.0013836609831406914,0.0013836609831406914,0.0013836609831406914,0.0013836609831406914,1m,0.0
2024-11-09 05:42:00,Ghe6ADeD68s56VezA8T6KejzSTZRzHd3R9ZjtT9xpump,0.0013901315394101532,0.0013901315394101532,0.0013836609831406914,0.0013836609831406914,1m,8688.089285
2024-11-09 05:43:00,Ghe6ADeD68s56VezA8T6KejzSTZRzHd3R9ZjtT9xpump,0.0013751127499724606,0.0013937112442294348,0.0013751127499724606,0.0013901315394101532,1m,649867.696821
2024-11-09 05:44:00,Ghe6ADeD68s56VezA8T6KejzSTZRzHd3R9ZjtT9xpump,0.0013751127499724606,0.0013751127499724606,0.0013751127499724606,0.0013751127499724606,1m,0.0
2024-11-09 05:45:00,Ghe6ADeD68s56VezA8T6KejzSTZRzHd3R9ZjtT9xpump,0.001289856077359988,0.0013751127499724606,0.001289856077359988,0.0013751127499724606,1m,1789162.921062
2024-11-09 05:46:00,Ghe6ADeD68s56VezA8T6KejzSTZRzHd3R9ZjtT9xpump,0.001282287373998326,0.001289856077359988,0.001267393289776664,0.001289856077359988,1m,1327365.861579
2024-11-09 05:47:00,Ghe6ADeD68s56VezA8T6KejzSTZRzHd3R9ZjtT9xpump,0.0012705292486495958,0.0012842844274156353,0.0012705292486495958,0.001282287373998326,1m,605127.961597
2024-11-09 05:48:00,Ghe6ADeD68s56VezA8T6KejzSTZRzHd3R9ZjtT9xpump,0.0012442962375000173,0.0012705292486495958,0.0012442962375000173,0.0012705292486495958,1m,328484.001452
2024-11-09 05:49:00,Ghe6ADeD68s56VezA8T6KejzSTZRzHd3R9ZjtT9xpump,0.00123163143235096,0.0012442962375000173,0.00123163143235096,0.0012442962375000173,1m,665266.46828
2024-11-09 05:50:00,Ghe6ADeD68s56VezA8T6KejzSTZRzHd3R9ZjtT9xpump,0.0012336074783625994,0.0012336074783625994,0.00123163143235096,0.00123163143235096,1m,81398.261171
2024-11-09 05:51:00,Ghe6ADeD68s56VezA8T6KejzSTZRzHd3R9ZjtT9xpump,0.001227639676592291,0.0012336074783625994,0.001227639676592291,0.0012336074783625994,1m,31030.633728
2024-11-09 05:52:00,Ghe6ADeD68s56VezA8T6KejzSTZRzHd3R9ZjtT9xpump,0.001227639676592291,0.001227639676592291,0.001227639676592291,0.001227639676592291,1m,0.0
2024-11-09 05:53:00,Ghe6ADeD68s56VezA8T6KejzSTZRzHd3R9ZjtT9xpump,0.001227639676592291,0.001227639676592291,0.001227639676592291,0.001227639676592291,1m,0.0
2024-11-09 05:54:00,Ghe6ADeD68s56VezA8T6KejzSTZRzHd3R9ZjtT9xpump,0.001209734666331697,0.001238336418047007,0.0012000144607884609,0.001227639676592291,1m,2077072.938447
2024-11-09 05:55:00,Ghe6ADeD68s56VezA8T6KejzSTZRzHd3R9ZjtT9xpump,0.0011979203631751166,0.001209734666331697,0.0011979203631751166,0.001209734666331697,1m,149503.64338
2024-11-09 05:56:00,Ghe6ADeD68s56VezA8T6KejzSTZRzHd3R9ZjtT9xpump,0.001271647636439862,0.001271647636439862,0.0011979203631751166,0.0011979203631751166,1m,1675407.4608959998
2024-11-09 05:57:00,Ghe6ADeD68s56VezA8T6KejzSTZRzHd3R9ZjtT9xpump,0.0012620530855474428,0.0013039806756362927,0.0012620530855474428,0.001271647636439862,1m,2203329.5850529997
2024-11-09 05:58:00,Ghe6ADeD68s56VezA8T6KejzSTZRzHd3R9ZjtT9xpump,0.0012432640678895573,0.0012620530855474428,0.0012394310748599425,0.0012620530855474428,1m,507998.92096799996
2024-11-09 05:59:00,Ghe6ADeD68s56VezA8T6KejzSTZRzHd3R9ZjtT9xpump,0.0012083861446337061,0.0012432640678895573,0.0012083861446337061,0.0012432640678895573,1m,1287108.9681799999
2024-11-09 06:00:00,Ghe6ADeD68s56VezA8T6KejzSTZRzHd3R9ZjtT9xpump,0.0011529556171062342,0.0012083861446337061,0.0011529556171062342,0.0012083861446337061,1m,2012497.9874999998
2024-11-09 06:01:00,Ghe6ADeD68s56VezA8T6KejzSTZRzHd3R9ZjtT9xpump,0.0011529556171062342,0.0011529556171062342,0.0011529556171062342,0.0011529556171062342,1m,0.0
2024-11-09 06:02:00,Ghe6ADeD68s56VezA8T6KejzSTZRzHd3R9ZjtT9xpump,0.0011463936484171502,0.0011529556171062342,0.0011463936484171502,0.0011529556171062342,1m,500000.0
2024-11-09 06:03:00,Ghe6ADeD68s56VezA8T6KejzSTZRzHd3R9ZjtT9xpump,0.0011785838116569862,0.0011796767323982926,0.0011463936484171502,0.0011463936484171502,1m,1085485.7534400001
2024-11-09 06:04:00,Ghe6ADeD68s56VezA8T6KejzSTZRzHd3R9ZjtT9xpump,0.0011996461048279017,0.0011996461048279017,0.0011785838116569862,0.0011785838116569862,1m,819661.222447
2024-11-09 06:05:00,Ghe6ADeD68s56VezA8T6KejzSTZRzHd3R9ZjtT9xpump,0.001242957086932859,0.001242957086932859,0.0011996461048279017,0.0011996461048279017,1m,611520.2498710001
2024-11-09 06:06:00,Ghe6ADeD68s56VezA8T6KejzSTZRzHd3R9ZjtT9xpump,0.0012867479739600925,0.0012867479739600925,0.001242957086932859,0.001242957086932859,1m,1708527.204287
2024-11-09 06:07:00,Ghe6ADeD68s56VezA8T6KejzSTZRzHd3R9ZjtT9xpump,0.0013274888181654867,0.0013274888181654867,0.0012867479739600925,0.0012867479739600925,1m,104657.671367
2024-11-09 06:08:00,Ghe6ADeD68s56VezA8T6KejzSTZRzHd3R9ZjtT9xpump,0.001367346854676063,0.001367346854676063,0.0013274888181654867,0.0013274888181654867,1m,794286.3978960001
2024-11-09 06:09:00,Ghe6ADeD68s56VezA8T6KejzSTZRzHd3R9ZjtT9xpump,0.001432366480386295,0.001432366480386295,0.001367346854676063,0.001367346854676063,1m,1298633.5397100002
2024-11-09 06:10:00,Ghe6ADeD68s56VezA8T6KejzSTZRzHd3R9ZjtT9xpump,0.0013604003411858293,0.0014355818606708193,0.0013604003411858293,0.001432366480386295,1m,1507706.997608
2024-11-09 06:11:00,Ghe6ADeD68s56VezA8T6KejzSTZRzHd3R9ZjtT9xpump,0.0012902418401131504,0.0013604003411858293,0.0012902418401131504,0.0013604003411858293,1m,1845178.7149220002
2024-11-09 06:12:00,Ghe6ADeD68s56VezA8T6KejzSTZRzHd3R9ZjtT9xpump,0.0012947158159891104,0.0012947158159891104,0.0012902418401131504,0.0012902418401131504,1m,1714.057047
2024-11-09 06:13:00,Ghe6ADeD68s56VezA8T6KejzSTZRzHd3R9ZjtT9xpump,0.0012947158159891104,0.0012947158159891104,0.0012947158159891104,0.0012947158159891104,1m,0.0
2024-11-09 06:14:00,Ghe6ADeD68s56VezA8T6KejzSTZRzHd3R9ZjtT9xpump,0.0012897575346712785,0.0012947158159891104,0.0012854556927010701,0.0012947158159891104,1m,238614.652764
2024-11-09 06:15:00,Ghe6ADeD68s56VezA8T6KejzSTZRzHd3R9ZjtT9xpump,0.0012862456222338004,0.0012897575346712785,0.0012862456222338004,0.0012897575346712785,1m,3328.527215
2024-11-09 06:16:00,Ghe6ADeD68s56VezA8T6KejzSTZRzHd3R9ZjtT9xpump,0.0012862456222338004,0.0012862456222338004,0.0012862456222338004,0.0012862456222338004,1m,0.0
2024-11-09 06:17:00,Ghe6ADeD68s56VezA8T6KejzSTZRzHd3R9ZjtT9xpump,0.0012943896229387563,0.0012943896229387563,0.0012862456222338004,0.0012862456222338004,1m,70000.0
2024-11-09 06:18:00,Ghe6ADeD68s56VezA8T6KejzSTZRzHd3R9ZjtT9xpump,0.0012928985513267395,0.0012943896229387563,0.0012862027035120268,0.0012943896229387563,1m,284103.965805
2024-11-09 06:19:00,Ghe6ADeD68s56VezA8T6KejzSTZRzHd3R9ZjtT9xpump,0.0015460320207692025,0.001611072822503327,0.0012928985513267395,0.0012928985513267395,1m,11310807.246311
2024-11-09 06:20:00,Ghe6ADeD68s56VezA8T6KejzSTZRzHd3R9ZjtT9xpump,0.0013787140681422757,0.0015460320207692025,0.0013369942201857136,0.0015460320207692025,1m,5643314.752761999
2024-11-09 06:21:00,Ghe6ADeD68s56VezA8T6KejzSTZRzHd3R9ZjtT9xpump,0.001400749736845817,0.001400749736845817,0.0013787140681422757,0.0013787140681422757,1m,655930.5789839999
2024-11-09 06:22:00,Ghe6ADeD68s56VezA8T6KejzSTZRzHd3R9ZjtT9xpump,0.0015380520739859127,0.0015380520739859127,0.001400749736845817,0.001400749736845817,1m,3733296.281638
2024-11-09 06:23:00,Ghe6ADeD68s56VezA8T6KejzSTZRzHd3R9ZjtT9xpump,0.001622888597404143,0.001622888597404143,0.0015380520739859127,0.0015380520739859127,1m,1490299.663025
2024-11-09 06:24:00,Ghe6ADeD68s56VezA8T6KejzSTZRzHd3R9ZjtT9xpump,0.0016531509928394451,0.0016531509928394451,0.001622888597404143,0.001622888597404143,1m,356858.487196
2024-11-09 06:25:00,Ghe6ADeD68s56VezA8T6KejzSTZRzHd3R9ZjtT9xpump,0.0016822710035022494,0.0017610445953062444,0.0016444309067819602,0.0016531509928394451,1m,3250741.689893
2024-11-09 06:26:00,Ghe6ADeD68s56VezA8T6KejzSTZRzHd3R9ZjtT9xpump,0.001666888472260463,0.0016901896434429618,0.001666888472260463,0.0016822710035022494,1m,885983.377019
2024-11-09 06:27:00,Ghe6ADeD68s56VezA8T6KejzSTZRzHd3R9ZjtT9xpump,0.001723442289663821,0.001723442289663821,0.001641086795756452,0.001666888472260463,1m,1794282.4571830002
2024-11-09 06:28:00,Ghe6ADeD68s56VezA8T6KejzSTZRzHd3R9ZjtT9xpump,0.001796939365056697,0.001796939365056697,0.001723442289663821,0.001723442289663821,1m,538702.78749
2024-11-09 06:29:00,Ghe6ADeD68s56VezA8T6KejzSTZRzHd3R9ZjtT9xpump,0.001801962150829585,0.001801962150829585,0.001796939365056697,0.001796939365056697,1m,79158.687455
2024-11-09 06:30:00,Ghe6ADeD68s56VezA8T6KejzSTZRzHd3R9ZjtT9xpump,0.0017953539082964888,0.0018036963541868587,0.0017953539082964888,0.001801962150829585,1m,41928.822438
2024-11-09 06:31:00,Ghe6ADeD68s56VezA8T6KejzSTZRzHd3R9ZjtT9xpump,0.0017577743109628828,0.0017953539082964888,0.0017117981535964843,0.0017953539082964888,1m,1952600.4087120001
2024-11-09 06:32:00,Ghe6ADeD68s56VezA8T6KejzSTZRzHd3R9ZjtT9xpump,0.0017377972230715616,0.0017798676557770226,0.0017292809343308951,0.0017577743109628828,1m,741437.6685389999
2024-11-09 06:33:00,Ghe6ADeD68s56VezA8T6KejzSTZRzHd3R9ZjtT9xpump,0.0015083750408079483,0.0017377972230715616,0.0015083750408079483,0.0017377972230715616,1m,3831631.717635
2024-11-09 06:34:00,Ghe6ADeD68s56VezA8T6KejzSTZRzHd3R9ZjtT9xpump,0.0014769663568538274,0.0015083750408079483,0.0014769663568538274,0.0015083750408079483,1m,865919.789506
2024-11-09 06:35:00,Ghe6ADeD68s56VezA8T6KejzSTZRzHd3R9ZjtT9xpump,0.0014556014306056936,0.0014769663568538274,0.0014556014306056936,0.0014769663568538274,1m,99724.577558
2024-11-09 06:36:00,Ghe6ADeD68s56VezA8T6KejzSTZRzHd3R9ZjtT9xpump,0.001468969713150444,0.001468969713150444,0.0014556014306056936,0.0014556014306056936,1m,183738.62624
2024-11-09 06:37:00,Ghe6ADeD68s56VezA8T6KejzSTZRzHd3R9ZjtT9xpump,0.0013345494398414278,0.001468969713150444,0.0013249264905172118,0.001468969713150444,1m,5332992.781305001
2024-11-09 06:38:00,Ghe6ADeD68s56VezA8T6KejzSTZRzHd3R9ZjtT9xpump,0.0013345494398414278,0.0013345494398414278,0.0013345494398414278,0.0013345494398414278,1m,0.0
2024-11-09 06:39:00,Ghe6ADeD68s56VezA8T6KejzSTZRzHd3R9ZjtT9xpump,0.0013345494398414278,0.0013345494398414278,0.0013345494398414278,0.0013345494398414278,1m,0.0
2024-11-09 06:40:00,Ghe6ADeD68s56VezA8T6KejzSTZRzHd3R9ZjtT9xpump,0.001290401591225128,0.0013345494398414278,0.001290401591225128,0.0013345494398414278,1m,753312.7307610001
2024-11-09 06:41:00,Ghe6ADeD68s56VezA8T6KejzSTZRzHd3R9ZjtT9xpump,0.001267991644430188,0.001290401591225128,0.001267991644430188,0.001290401591225128,1m,762155.009588
2024-11-09 06:42:00,Ghe6ADeD68s56VezA8T6KejzSTZRzHd3R9ZjtT9xpump,0.0012744246983986242,0.0012744246983986242,0.001267991644430188,0.001267991644430188,1m,31502.794314
2024-11-09 06:43:00,Ghe6ADeD68s56VezA8T6KejzSTZRzHd3R9ZjtT9xpump,0.0012758578701576265,0.0012758578701576265,0.0012744246983986242,0.0012744246983986242,1m,31467.40721
2024-11-09 06:44:00,Ghe6ADeD68s56VezA8T6KejzSTZRzHd3R9ZjtT9xpump,0.0013294579832791617,0.0013294579832791617,0.0012758578701576265,0.0012758578701576265,1m,1122013.479211
2024-11-09 06:45:00,Ghe6ADeD68s56VezA8T6KejzSTZRzHd3R9ZjtT9xpump,0.0013093792131346515,0.001332854080241185,0.0013093792131346515,0.0013294579832791617,1m,865524.010823
2024-11-09 06:46:00,Ghe6ADeD68s56VezA8T6KejzSTZRzHd3R9ZjtT9xpump,0.0012935839138680943,0.0013093792131346515,0.0012935839138680943,0.0013093792131346515,1m,82493.809461
2024-11-09 06:47:00,Ghe6ADeD68s56VezA8T6KejzSTZRzHd3R9ZjtT9xpump,0.0012659724608976041,0.0012935839138680943,0.0012659724608976041,0.0012935839138680943,1m,679327.740091
2024-11-09 06:48:00,Ghe6ADeD68s56VezA8T6KejzSTZRzHd3R9ZjtT9xpump,0.001270269600650542,0.001270269600650542,0.0012602389248210426,0.0012659724608976041,1m,365939.700127
2024-11-09 06:49:00,Ghe6ADeD68s56VezA8T6KejzSTZRzHd3R9ZjtT9xpump,0.0012403422776662374,0.001270269600650542,0.0012403422776662374,0.001270269600650542,1m,1203083.79549
2024-11-09 06:50:00,Ghe6ADeD68s56VezA8T6KejzSTZRzHd3R9ZjtT9xpump,0.0011888960915312635,0.0012403422776662374,0.0011888960915312635,0.0012403422776662374,1m,1333449.08947
2024-11-09 06:51:00,Ghe6ADeD68s56VezA8T6KejzSTZRzHd3R9ZjtT9xpump,0.00118233737682432,0.0011888960915312635,0.0011553205191913933,0.0011888960915312635,1m,2785066.047216
2024-11-09 06:52:00,Ghe6ADeD68s56VezA8T6KejzSTZRzHd3R9ZjtT9xpump,0.0012072084702494212,0.0012072084702494212,0.00118233737682432,0.00118233737682432,1m,333359.462829
2024-11-09 06:53:00,Ghe6ADeD68s56VezA8T6KejzSTZRzHd3R9ZjtT9xpump,0.0012908892205805097,0.0012919779309379892,0.0012072084702494212,0.0012072084702494212,1m,1982865.9104819999
2024-11-09 06:54:00,Ghe6ADeD68s56VezA8T6KejzSTZRzHd3R9ZjtT9xpump,0.0012908892205805097,0.0012908892205805097,0.0012908892205805097,0.0012908892205805097,1m,0.0
2024-11-09 06:55:00,Ghe6ADeD68s56VezA8T6KejzSTZRzHd3R9ZjtT9xpump,0.0013037003526100415,0.0013037003526100415,0.0012908892205805097,0.0012908892205805097,1m,185389.558945
2024-11-09 06:56:00,Ghe6ADeD68s56VezA8T6KejzSTZRzHd3R9ZjtT9xpump,0.0013869648933975186,0.0013869648933975186,0.0013037003526100415,0.0013037003526100415,1m,3843800.2266140003
2024-11-09 06:57:00,Ghe6ADeD68s56VezA8T6KejzSTZRzHd3R9ZjtT9xpump,0.0014092895312789143,0.0014155757151100316,0.0013869648933975186,0.0013869648933975186,1m,52614.896976
2024-11-09 06:58:00,Ghe6ADeD68s56VezA8T6KejzSTZRzHd3R9ZjtT9xpump,0.0014236437634068135,0.0014236437634068135,0.0014092895312789143,0.0014092895312789143,1m,282541.13878
2024-11-09 06:59:00,Ghe6ADeD68s56VezA8T6KejzSTZRzHd3R9ZjtT9xpump,0.00142239111807808,0.001430651291396883,0.00142239111807808,0.0014236437634068135,1m,48678.574936000005
2024-11-09 07:00:00,Ghe6ADeD68s56VezA8T6KejzSTZRzHd3R9ZjtT9xpump,0.0013546255265539033,0.00142239111807808,0.0013546255265539033,0.00142239111807808,1m,1263938.87778
2024-11-09 07:01:00,Ghe6ADeD68s56VezA8T6KejzSTZRzHd3R9ZjtT9xpump,0.0014297945384925132,0.0014297945384925132,0.0013546255265539033,0.0013546255265539033,1m,1778917.3790169999
2024-11-09 07:02:00,Ghe6ADeD68s56VezA8T6KejzSTZRzHd3R9ZjtT9xpump,0.001440039690584836,0.001440039690584836,0.0014297945384925132,0.0014297945384925132,1m,362712.059642
2024-11-09 07:03:00,Ghe6ADeD68s56VezA8T6KejzSTZRzHd3R9ZjtT9xpump,0.0015139498231976512,0.0015139498231976512,0.001440039690584836,0.001440039690584836,1m,1804162.188102
2024-11-09 07:04:00,Ghe6ADeD68s56VezA8T6KejzSTZRzHd3R9ZjtT9xpump,0.0015453796922309873,0.0015453796922309873,0.0015139498231976512,0.0015139498231976512,1m,4033.409438
2024-11-09 07:05:00,Ghe6ADeD68s56VezA8T6KejzSTZRzHd3R9ZjtT9xpump,0.001485074009523606,0.0015453796922309873,0.0014837738567259364,0.0015453796922309873,1m,1692803.242954
2024-11-09 07:06:00,Ghe6ADeD68s56VezA8T6KejzSTZRzHd3R9ZjtT9xpump,0.0016229479426641484,0.0016229479426641484,0.001485074009523606,0.001485074009523606,1m,3494279.821323
2024-11-09 07:07:00,Ghe6ADeD68s56VezA8T6KejzSTZRzHd3R9ZjtT9xpump,0.0017409032613105698,0.0017409032613105698,0.0016229479426641484,0.0016229479426641484,1m,1657920.556627
2024-11-09 07:08:00,Ghe6ADeD68s56VezA8T6KejzSTZRzHd3R9ZjtT9xpump,0.0017972980814485798,0.0017972980814485798,0.0017409032613105698,0.0017409032613105698,1m,2339295.648464
2024-11-09 07:09:00,Ghe6ADeD68s56VezA8T6KejzSTZRzHd3R9ZjtT9xpump,0.0019105875649275306,0.0019105875649275306,0.0017972980814485798,0.0017972980814485798,1m,3000845.609526
2024-11-09 07:10:00,Ghe6ADeD68s56VezA8T6KejzSTZRzHd3R9ZjtT9xpump,0.0017065876956553064,0.0020224720098450215,0.0017046273130511254,0.0019105875649275306,1m,6046238.752271
2024-11-09 07:11:00,Ghe6ADeD68s56VezA8T6KejzSTZRzHd3R9ZjtT9xpump,0.0018080780143474341,0.0019530626123105794,0.0016991599108748326,0.0017065876956553064,1m,5597280.780896001
2024-11-09 07:12:00,Ghe6ADeD68s56VezA8T6KejzSTZRzHd3R9ZjtT9xpump,0.0018977776367080383,0.0018977776367080383,0.0018080780143474341,0.0018080780143474341,1m,1339069.6224790001
2024-11-09 07:13:00,Ghe6ADeD68s56VezA8T6KejzSTZRzHd3R9ZjtT9xpump,0.0018829901741097548,0.0019135954382157368,0.0018829901741097548,0.0018977776367080383,1m,574300.1056830001
2024-11-09 07:14:00,Ghe6ADeD68s56VezA8T6KejzSTZRzHd3R9ZjtT9xpump,0.0018809051691934739,0.0018829901741097548,0.0018675797217575084,0.0018829901741097548,1m,94559.972592
2024-11-09 07:15:00,Ghe6ADeD68s56VezA8T6KejzSTZRzHd3R9ZjtT9xpump,0.0018763866618758218,0.0018818651901692776,0.0018763866618758218,0.0018809051691934739,1m,63297.353716000005
2024-11-09 07:16:00,Ghe6ADeD68s56VezA8T6KejzSTZRzHd3R9ZjtT9xpump,0.00189663394386241,0.00189663394386241,0.001875156494658407,0.0018763866618758218,1m,289887.796394
2024-11-09 07:17:00,Ghe6ADeD68s56VezA8T6KejzSTZRzHd3R9ZjtT9xpump,0.0018935990527845802,0.00189663394386241,0.0018935990527845802,0.00189663394386241,1m,50015.353114
2024-11-09 07:18:00,Ghe6ADeD68s56VezA8T6KejzSTZRzHd3R9ZjtT9xpump,0.0018921411456637137,0.0018935990527845802,0.0018921411456637137,0.0018935990527845802,1m,10516.891654
2024-11-09 07:19:00,Ghe6ADeD68s56VezA8T6KejzSTZRzHd3R9ZjtT9xpump,0.0018921411456637137,0.0018921411456637137,0.0018921411456637137,0.0018921411456637137,1m,0.0
2024-11-09 07:20:00,Ghe6ADeD68s56VezA8T6KejzSTZRzHd3R9ZjtT9xpump,0.0018890814961583153,0.0018921411456637137,0.0018890814961583153,0.0018921411456637137,1m,6231.177929
2024-11-09 07:21:00,Ghe6ADeD68s56VezA8T6KejzSTZRzHd3R9ZjtT9xpump,0.0019368511335392685,0.0019368511335392685,0.0018890814961583153,0.0018890814961583153,1m,963592.052727
2024-11-09 07:22:00,Ghe6ADeD68s56VezA8T6KejzSTZRzHd3R9ZjtT9xpump,0.0018521740411824963,0.001989190873613704,0.001841662314182029,0.0019368511335392685,1m,2145980.181658
2024-11-09 07:23:00,Ghe6ADeD68s56VezA8T6KejzSTZRzHd3R9ZjtT9xpump,0.0015693302817328962,0.0018521740411824963,0.0015693302817328962,0.0018521740411824963,1m,4428860.702464
2024-11-09 07:24:00,Ghe6ADeD68s56VezA8T6KejzSTZRzHd3R9ZjtT9xpump,0.0015103274617544163,0.0016002425935988701,0.0015103274617544163,0.0015693302817328962,1m,2719255.9383270005
2024-11-09 07:25:00,Ghe6ADeD68s56VezA8T6KejzSTZRzHd3R9ZjtT9xpump,0.0015297122636919063,0.0015297122636919063,0.0015103274617544163,0.0015103274617544163,1m,273553.31847
2024-11-09 07:26:00,Ghe6ADeD68s56VezA8T6KejzSTZRzHd3R9ZjtT9xpump,0.001531472744264732,0.001531472744264732,0.0015297122636919063,0.0015297122636919063,1m,13046.821608
2024-11-09 07:27:00,Ghe6ADeD68s56VezA8T6KejzSTZRzHd3R9ZjtT9xpump,0.0015281920336725264,0.001539601362381964,0.001524629258403391,0.001531472744264732,1m,743633.189786
2024-11-09 07:28:00,Ghe6ADeD68s56VezA8T6KejzSTZRzHd3R9ZjtT9xpump,0.0015272220042965733,0.0015324876813877849,0.0015272220042965733,0.0015281920336725264,1m,185592.678738
2024-11-09 07:29:00,Ghe6ADeD68s56VezA8T6KejzSTZRzHd3R9ZjtT9xpump,0.0015242225434663808,0.0015388011529340454,0.0015242225434663808,0.0015272220042965733,1m,400860.955877
2024-11-09 07:30:00,Ghe6ADeD68s56VezA8T6KejzSTZRzHd3R9ZjtT9xpump,0.0015261260964589349,0.0015261260964589349,0.0015242225434663808,0.0015242225434663808,1m,91706.70073
2024-11-09 07:31:00,Ghe6ADeD68s56VezA8T6KejzSTZRzHd3R9ZjtT9xpump,0.0015260463264789494,0.0015296978603747643,0.0015164907785581673,0.0015261260964589349,1m,519427.759478
2024-11-09 07:32:00,Ghe6ADeD68s56VezA8T6KejzSTZRzHd3R9ZjtT9xpump,0.0015211047466460875,0.0015260463264789494,0.0015211047466460875,0.0015260463264789494,1m,26169.540885
2024-11-09 07:33:00,Ghe6ADeD68s56VezA8T6KejzSTZRzHd3R9ZjtT9xpump,0.0015211047466460875,0.0015211047466460875,0.0015211047466460875,0.0015211047466460875,1m,0.0
2024-11-09 07:34:00,Ghe6ADeD68s56VezA8T6KejzSTZRzHd3R9ZjtT9xpump,0.0015477705221563444,0.0015562502099370234,0.0015208954901233369,0.0015211047466460875,1m,543334.873625
2024-11-09 07:35:00,Ghe6ADeD68s56VezA8T6KejzSTZRzHd3R9ZjtT9xpump,0.0015477705221563444,0.0015477705221563444,0.0015477705221563444,0.0015477705221563444,1m,0.0
2024-11-09 07:36:00,Ghe6ADeD68s56VezA8T6KejzSTZRzHd3R9ZjtT9xpump,0.0015696645466271389,0.0015696645466271389,0.0015477705221563444,0.0015477705221563444,1m,272925.045453
2024-11-09 07:37:00,Ghe6ADeD68s56VezA8T6KejzSTZRzHd3R9ZjtT9xpump,0.001580531469059691,0.001580531469059691,0.0015696645466271389,0.0015696645466271389,1m,283051.90110799996
2024-11-09 07:38:00,Ghe6ADeD68s56VezA8T6KejzSTZRzHd3R9ZjtT9xpump,0.0015974224452822963,0.0015974224452822963,0.001580531469059691,0.001580531469059691,1m,188343.754032
2024-11-09 07:39:00,Ghe6ADeD68s56VezA8T6KejzSTZRzHd3R9ZjtT9xpump,0.0016034604042227142,0.0016034604042227142,0.0015974224452822963,0.0015974224452822963,1m,64317.951114
2024-11-09 07:40:00,Ghe6ADeD68s56VezA8T6KejzSTZRzHd3R9ZjtT9xpump,0.0016374605945352044,0.0016374605945352044,0.0016034604042227142,0.0016034604042227142,1m,523176.983465
2024-11-09 07:41:00,Ghe6ADeD68s56VezA8T6KejzSTZRzHd3R9ZjtT9xpump,0.0017474760778462132,0.0017504394102774376,0.0016286427040863004,0.0016374605945352044,1m,2774039.0821710005
2024-11-09 07:42:00,Ghe6ADeD68s56VezA8T6KejzSTZRzHd3R9ZjtT9xpump,0.0018682623141579916,0.001877090107912412,0.0017474760778462132,0.0017474760778462132,1m,1925531.855026
2024-11-09 07:43:00,Ghe6ADeD68s56VezA8T6KejzSTZRzHd3R9ZjtT9xpump,0.0019024599744691584,0.0019024599744691584,0.0018682623141579916,0.0018682623141579916,1m,541307.849487
2024-11-09 07:44:00,Ghe6ADeD68s56VezA8T6KejzSTZRzHd3R9ZjtT9xpump,0.0017583099282672727,0.0019024599744691584,0.0017583099282672727,0.0019024599744691584,1m,2188334.80319
2024-11-09 07:45:00,Ghe6ADeD68s56VezA8T6KejzSTZRzHd3R9ZjtT9xpump,0.0017656317940777189,0.0017656317940777189,0.0017583099282672727,0.0017583099282672727,1m,567437.12345
2024-11-09 07:46:00,Ghe6ADeD68s56VezA8T6KejzSTZRzHd3R9ZjtT9xpump,0.001785757437816518,0.0017900809599213446,0.0017656317940777189,0.0017656317940777189,1m,115867.98773200001
2024-11-09 07:47:00,Ghe6ADeD68s56VezA8T6KejzSTZRzHd3R9ZjtT9xpump,0.001785757437816518,0.001785757437816518,0.001785757437816518,0.001785757437816518,1m,0.0
2024-11-09 07:48:00,Ghe6ADeD68s56VezA8T6KejzSTZRzHd3R9ZjtT9xpump,0.001678926236591149,0.001785757437816518,0.001678926236591149,0.001785757437816518,1m,1523290.770227
2024-11-09 07:49:00,Ghe6ADeD68s56VezA8T6KejzSTZRzHd3R9ZjtT9xpump,0.0016732610546906365,0.001678926236591149,0.0016732610546906365,0.001678926236591149,1m,135365.392426
2024-11-09 07:50:00,Ghe6ADeD68s56VezA8T6KejzSTZRzHd3R9ZjtT9xpump,0.0016824440870961998,0.0016824440870961998,0.0016640926462456534,0.0016732610546906365,1m,329224.88369000005
2024-11-09 07:51:00,Ghe6ADeD68s56VezA8T6KejzSTZRzHd3R9ZjtT9xpump,0.0016824440870961998,0.0016824440870961998,0.0016824440870961998,0.0016824440870961998,1m,0.0
2024-11-09 07:52:00,Ghe6ADeD68s56VezA8T6KejzSTZRzHd3R9ZjtT9xpump,0.0014645459093039258,0.0016824440870961998,0.0014645459093039258,0.0016824440870961998,1m,5277119.467716001
2024-11-09 07:53:00,Ghe6ADeD68s56VezA8T6KejzSTZRzHd3R9ZjtT9xpump,0.0014512975227245,0.0014645459093039258,0.0014512975227245,0.0014645459093039258,1m,245059.425123
2024-11-09 07:54:00,Ghe6ADeD68s56VezA8T6KejzSTZRzHd3R9ZjtT9xpump,0.001451184438545459,0.0014589646700528,0.001451184438545459,0.0014512975227245,1m,59209.717382999996
2024-11-09 07:55:00,Ghe6ADeD68s56VezA8T6KejzSTZRzHd3R9ZjtT9xpump,0.0014850187152412534,0.0014850187152412534,0.001450392514717308,0.001451184438545459,1m,754513.8005710001
2024-11-09 07:56:00,Ghe6ADeD68s56VezA8T6KejzSTZRzHd3R9ZjtT9xpump,0.0014210417925559688,0.0014850187152412534,0.0014210417925559688,0.0014850187152412534,1m,1258057.964718
2024-11-09 07:57:00,Ghe6ADeD68s56VezA8T6KejzSTZRzHd3R9ZjtT9xpump,0.0014298382677147845,0.0014298382677147845,0.0014151954726944994,0.0014210417925559688,1m,640665.033274
2024-11-09 07:58:00,Ghe6ADeD68s56VezA8T6KejzSTZRzHd3R9ZjtT9xpump,0.0014495595158883828,0.0014495595158883828,0.0014298382677147845,0.0014298382677147845,1m,200255.308911
2024-11-09 07:59:00,Ghe6ADeD68s56VezA8T6KejzSTZRzHd3R9ZjtT9xpump,0.0014519240503234826,0.0014519240503234826,0.0014447247877609455,0.0014495595158883828,1m,50913.53632400001
2024-11-09 08:00:00,Ghe6ADeD68s56VezA8T6KejzSTZRzHd3R9ZjtT9xpump,0.0014869952214335211,0.0014869952214335211,0.0014519240503234826,0.0014519240503234826,1m,1147469.90193
2024-11-09 08:01:00,Ghe6ADeD68s56VezA8T6KejzSTZRzHd3R9ZjtT9xpump,0.0014976921433288856,0.001520411845859353,0.0014869952214335211,0.0014869952214335211,1m,582499.627443
2024-11-09 08:02:00,Ghe6ADeD68s56VezA8T6KejzSTZRzHd3R9ZjtT9xpump,0.0014849430550865157,0.0014976921433288856,0.0014849430550865157,0.0014976921433288856,1m,108491.342856
2024-11-09 08:03:00,Ghe6ADeD68s56VezA8T6KejzSTZRzHd3R9ZjtT9xpump,0.0015253531569707772,0.0015253531569707772,0.0014849430550865157,0.0014849430550865157,1m,1091058.249658
2024-11-09 08:04:00,Ghe6ADeD68s56VezA8T6KejzSTZRzHd3R9ZjtT9xpump,0.001576903557055964,0.001576903557055964,0.0015253531569707772,0.0015253531569707772,1m,461115.321626
2024-11-09 08:05:00,Ghe6ADeD68s56VezA8T6KejzSTZRzHd3R9ZjtT9xpump,0.001634530792071788,0.001634530792071788,0.001576903557055964,0.001576903557055964,1m,1121086.1618499998
2024-11-09 08:06:00,Ghe6ADeD68s56VezA8T6KejzSTZRzHd3R9ZjtT9xpump,0.0017087082809467116,0.0017150911219375336,0.001634530792071788,0.001634530792071788,1m,2309361.027589
2024-11-09 08:07:00,Ghe6ADeD68s56VezA8T6KejzSTZRzHd3R9ZjtT9xpump,0.0017158023893517832,0.0017158023893517832,0.0017085860760528112,0.0017087082809467116,1m,61683.024665000004
2024-11-09 08:08:00,Ghe6ADeD68s56VezA8T6KejzSTZRzHd3R9ZjtT9xpump,0.0017075254474144927,0.0017158023893517832,0.0017075254474144927,0.0017158023893517832,1m,5959.185505
2024-11-09 08:09:00,Ghe6ADeD68s56VezA8T6KejzSTZRzHd3R9ZjtT9xpump,0.0016997483494824337,0.0017075254474144927,0.0016997483494824337,0.0017075254474144927,1m,93928.77979
2024-11-09 08:10:00,Ghe6ADeD68s56VezA8T6KejzSTZRzHd3R9ZjtT9xpump,0.0017054321590918462,0.0017054321590918462,0.0016997483494824337,0.0016997483494824337,1m,5804.851814
2024-11-09 08:11:00,Ghe6ADeD68s56VezA8T6KejzSTZRzHd3R9ZjtT9xpump,0.0016848586696949074,0.0017054321590918462,0.0016848586696949074,0.0017054321590918462,1m,350896.99927100004
2024-11-09 08:12:00,Ghe6ADeD68s56VezA8T6KejzSTZRzHd3R9ZjtT9xpump,0.0018038918863401677,0.0018038918863401677,0.0016751383649486148,0.0016848586696949074,1m,2422327.225342
2024-11-09 08:13:00,Ghe6ADeD68s56VezA8T6KejzSTZRzHd3R9ZjtT9xpump,0.001791898390817743,0.0018400868935169192,0.001791898390817743,0.0018038918863401677,1m,1299354.754873
2024-11-09 08:14:00,Ghe6ADeD68s56VezA8T6KejzSTZRzHd3R9ZjtT9xpump,0.0017434276403008144,0.001791898390817743,0.0017434276403008144,0.001791898390817743,1m,17560.70378
2024-11-09 08:15:00,Ghe6ADeD68s56VezA8T6KejzSTZRzHd3R9ZjtT9xpump,0.0017488529488637807,0.0017488529488637807,0.0017434276403008144,0.0017434276403008144,1m,2561.673325
2024-11-09 08:16:00,Ghe6ADeD68s56VezA8T6KejzSTZRzHd3R9ZjtT9xpump,0.0017169764934595255,0.0017614253149777536,0.0017169764934595255,0.0017488529488637807,1m,661276.030442
2024-11-09 08:17:00,Ghe6ADeD68s56VezA8T6KejzSTZRzHd3R9ZjtT9xpump,0.001715213026838903,0.0017169764934595255,0.001715213026838903,0.0017169764934595255,1m,64087.170116999994
2024-11-09 08:18:00,Ghe6ADeD68s56VezA8T6KejzSTZRzHd3R9ZjtT9xpump,0.0016922334606430166,0.001715213026838903,0.0016922334606430166,0.001715213026838903,1m,390495.743703
2024-11-09 08:19:00,Ghe6ADeD68s56VezA8T6KejzSTZRzHd3R9ZjtT9xpump,0.0016948588206834611,0.0016948588206834611,0.0016922334606430166,0.0016922334606430166,1m,35378.803498
2024-11-09 08:20:00,Ghe6ADeD68s56VezA8T6KejzSTZRzHd3R9ZjtT9xpump,0.0017006265537877728,0.0017006265537877728,0.0016948588206834611,0.0016948588206834611,1m,141947.918908
2024-11-09 08:21:00,Ghe6ADeD68s56VezA8T6KejzSTZRzHd3R9ZjtT9xpump,0.0016928540624580016,0.0017006265537877728,0.0016906805746130607,0.0017006265537877728,1m,224187.010586
2024-11-09 08:22:00,Ghe6ADeD68s56VezA8T6KejzSTZRzHd3R9ZjtT9xpump,0.0016847927191651912,0.0016928540624580016,0.0016847927191651912,0.0016928540624580016,1m,31566.131917
2024-11-09 08:23:00,Ghe6ADeD68s56VezA8T6KejzSTZRzHd3R9ZjtT9xpump,0.0017570138414866494,0.0017570138414866494,0.0016847927191651912,0.0016847927191651912,1m,1406032.0850339998
2024-11-09 08:24:00,Ghe6ADeD68s56VezA8T6KejzSTZRzHd3R9ZjtT9xpump,0.001769231350323405,0.001769231350323405,0.0017570138414866494,0.0017570138414866494,1m,7439.357325
2024-11-09 08:25:00,Ghe6ADeD68s56VezA8T6KejzSTZRzHd3R9ZjtT9xpump,0.001780577295219063,0.001780577295219063,0.001769231350323405,0.001769231350323405,1m,73564.997051
2024-11-09 08:26:00,Ghe6ADeD68s56VezA8T6KejzSTZRzHd3R9ZjtT9xpump,0.001780577295219063,0.001780577295219063,0.001780577295219063,0.001780577295219063,1m,0.0
2024-11-09 08:27:00,Ghe6ADeD68s56VezA8T6KejzSTZRzHd3R9ZjtT9xpump,0.0017716243862100228,0.001780577295219063,0.0017716243862100228,0.001780577295219063,1m,7375.743594
